'000827'	中证环保	日线
日期	开盘	最高	最低	收盘	成交量	成交额
2012/01/04	1006.94	1007.56	970.89	970.89	4092313.00	4565331456
2012/01/05	963.67	963.67	924.74	926.83	4725051.00	5254737920
2012/01/06	922.33	932.66	904.81	931.95	4202070.00	4410152448
2012/01/09	931.64	970.49	924.62	970.49	5577689.00	5969426432
2012/01/10	968.90	1010.39	968.90	1009.54	8289757.00	9081151488
2012/01/11	1007.70	1022.67	1003.38	1011.27	7112355.00	7839668736
2012/01/12	1008.07	1026.21	1006.56	1013.00	6475522.00	7505382912
2012/01/13	1011.79	1011.79	964.66	969.01	6257583.00	7008820224
2012/01/16	957.64	958.65	930.05	930.05	4069635.00	4848762880
2012/01/17	929.11	982.52	926.30	982.52	6189696.00	6985980928
2012/01/18	983.85	990.64	950.14	953.63	6204368.00	7064967168
2012/01/19	951.91	967.28	948.61	963.35	4816137.00	5458182656
2012/01/20	966.10	977.78	966.10	975.66	4456498.00	5029069312
2012/01/30	979.72	983.68	971.67	971.81	3924197.00	4375252480
2012/01/31	968.64	968.64	955.70	964.91	3243407.00	3615978496
2012/02/01	964.46	976.13	959.53	961.40	3851420.00	4384361984
2012/02/02	962.70	980.03	960.24	980.03	4082093.00	4534745600
2012/02/03	979.51	1002.60	978.86	1001.42	6589879.00	7407427584
2012/02/06	1004.26	1014.09	1002.02	1012.34	7024192.00	7866436608
2012/02/07	1006.49	1006.49	985.58	990.97	5383403.00	5655188480
2012/02/08	989.29	1018.59	988.39	1018.59	5931971.00	6624590336
2012/02/09	1017.64	1036.88	1017.64	1027.21	8310227.00	9263960064
2012/02/10	1025.14	1034.53	1022.87	1031.50	6940471.00	7465559552
2012/02/13	1023.26	1051.07	1022.29	1048.28	7730062.00	8627803136
2012/02/14	1047.30	1048.74	1038.72	1045.15	5755356.00	6394396160
2012/02/15	1044.20	1064.51	1039.59	1064.51	8219659.00	8702949376
2012/02/16	1063.00	1070.32	1054.13	1065.12	8519360.00	8995854336
2012/02/17	1066.96	1067.90	1050.87	1059.24	7146512.00	7594002944
2012/02/20	1072.37	1072.37	1059.09	1059.30	6890664.00	8025575936
2012/02/21	1059.40	1076.45	1048.90	1076.45	7351331.00	8490793472
2012/02/22	1076.55	1096.97	1076.18	1096.97	9497669.00	11270806528
2012/02/23	1095.12	1100.71	1085.48	1096.55	8110313.00	9324183552
2012/02/24	1096.06	1109.75	1095.85	1109.75	9622634.00	10823619584
2012/02/27	1114.51	1125.23	1108.77	1110.03	11465757.00	13271324672
2012/02/28	1105.30	1109.64	1089.91	1104.28	10064933.00	11479947264
2012/02/29	1101.87	1103.82	1088.05	1088.38	7021135.00	8151662592
2012/03/01	1086.67	1104.42	1086.67	1097.75	6158572.00	7102293504
2012/03/02	1100.78	1120.63	1100.78	1120.63	8328396.00	9531614208
2012/03/05	1123.84	1128.07	1117.80	1117.82	8450578.00	9930567680
2012/03/06	1114.66	1114.66	1096.29	1103.13	8291285.00	9265413120
2012/03/07	1091.82	1111.93	1091.82	1101.57	7457406.00	8264039424
2012/03/08	1103.94	1122.87	1103.94	1119.29	7793006.00	9230221312
2012/03/09	1121.93	1133.25	1116.78	1133.25	7487529.00	9134624768
2012/03/12	1136.24	1141.06	1128.54	1138.41	7231130.00	9074921472
2012/03/13	1138.41	1153.77	1138.41	1153.77	9047110.00	11482372096
2012/03/14	1157.30	1160.80	1091.00	1098.50	12397541.00	15329036288
2012/03/15	1095.45	1104.06	1064.43	1078.87	7726416.00	9208512512
2012/03/16	1081.39	1104.31	1077.18	1104.31	6406229.00	7811168768
2012/03/19	1102.19	1119.23	1096.44	1119.23	6243541.00	7950983680
2012/03/20	1119.55	1119.55	1093.49	1093.49	5857994.00	7417053696
2012/03/21	1099.96	1103.48	1081.90	1097.55	5746871.00	6880579072
2012/03/22	1096.91	1101.33	1089.11	1093.73	5612557.00	6943138304
2012/03/23	1089.44	1089.44	1064.82	1068.16	5204739.00	6108118528
2012/03/26	1064.85	1068.80	1055.06	1059.71	3706318.00	4428292096
2012/03/27	1064.37	1069.22	1057.31	1058.50	3838965.00	4665658368
2012/03/28	1054.70	1054.70	1007.01	1008.42	5693127.00	6266044416
2012/03/29	1004.42	1004.42	978.93	985.82	4600381.00	5016486400
2012/03/30	984.86	990.18	975.99	985.10	3821234.00	4141750784
2012/04/05	984.93	1011.58	984.93	1011.58	4291086.00	4770868736
2012/04/06	1010.56	1019.91	1009.34	1015.43	4108115.00	4612487168
2012/04/09	1012.39	1012.39	1000.27	1000.27	4183433.00	4569482752
2012/04/10	995.04	1009.97	979.93	1009.97	4611713.00	4976802816
2012/04/11	999.26	1013.74	997.59	1012.10	4284653.00	4583241216
2012/04/12	1013.40	1032.57	1011.33	1032.57	5630487.00	5863289344
2012/04/13	1036.63	1047.18	1035.50	1042.95	6439077.00	6908751360
2012/04/16	1036.53	1046.96	1035.38	1043.00	5441240.00	5498775040
2012/04/17	1042.59	1047.23	1029.21	1029.59	5793507.00	5819283456
2012/04/18	1031.87	1051.44	1031.21	1051.38	6494485.00	6557709312
2012/04/19	1052.40	1057.97	1048.90	1053.30	5936211.00	6697889280
2012/04/20	1051.45	1058.02	1045.77	1055.75	6033019.00	6489181184
2012/04/23	1053.49	1053.49	1029.35	1032.67	6332807.00	6899826688
2012/04/24	1024.33	1033.64	995.24	1015.93	6332374.00	6645043200
2012/04/25	1014.80	1027.43	1013.31	1027.43	6130268.00	6212006912
2012/04/26	1028.28	1030.03	1022.38	1024.45	6537720.00	6701752320
2012/04/27	1022.35	1023.85	1014.76	1018.51	4361980.00	4449871360
2012/05/02	1031.03	1036.69	1024.63	1033.87	5962515.00	6359068672
2012/05/03	1031.59	1035.60	1025.61	1035.60	5067863.00	5364436992
2012/05/04	1040.03	1050.04	1040.03	1048.73	6640562.00	7426316800
2012/05/07	1044.15	1067.65	1044.15	1067.65	7861777.00	8858179584
2012/05/08	1070.30	1075.26	1065.70	1069.28	8079028.00	8875492352
2012/05/09	1064.08	1064.08	1049.78	1049.78	7882740.00	7844933632
2012/05/10	1048.29	1054.54	1046.96	1050.94	4856484.00	5113168896
2012/05/11	1050.79	1056.85	1046.36	1046.37	4857505.00	5328045056
2012/05/14	1053.50	1053.50	1042.53	1044.05	5443302.00	5831480320
2012/05/15	1037.56	1039.96	1029.26	1039.96	5249938.00	5675958272
2012/05/16	1038.98	1041.89	1030.19	1030.59	4069803.00	4461399552
2012/05/17	1031.03	1044.04	1029.25	1042.54	5023979.00	5197867008
2012/05/18	1035.79	1038.64	1026.43	1027.15	5295933.00	5388833792
2012/05/21	1027.06	1028.07	1012.26	1020.36	4238972.00	4535200256
2012/05/22	1023.52	1033.62	1023.52	1033.62	4161020.00	4449276416
2012/05/23	1032.25	1033.73	1019.48	1025.92	4450551.00	4897044480
2012/05/24	1024.06	1034.98	1022.18	1023.27	5424603.00	5973131264
2012/05/25	1023.87	1028.59	1011.71	1014.19	4632725.00	5198881792
2012/05/28	1011.52	1025.53	995.57	1025.53	5259069.00	5569688576
2012/05/29	1024.68	1044.39	1024.68	1044.39	7091758.00	7913225216
2012/05/30	1043.82	1062.92	1043.82	1058.66	8139753.00	9012865024
2012/05/31	1054.41	1066.11	1054.08	1060.28	6886810.00	7575233536
2012/06/01	1059.70	1062.35	1045.99	1049.42	5287679.00	5793875456
2012/06/04	1030.94	1035.97	1012.86	1012.93	5449903.00	5706273792
2012/06/05	1014.20	1018.99	1008.24	1013.47	4211014.00	4099985664
2012/06/06	1015.22	1021.32	1008.00	1011.26	3795529.00	3672983040
2012/06/07	1022.21	1025.54	1007.52	1009.09	3887269.00	4077609984
2012/06/08	1020.45	1020.45	1006.35	1008.43	3930049.00	4237939456
2012/06/11	1008.58	1038.99	1008.58	1038.99	5868512.00	6815560704
2012/06/12	1033.37	1033.86	1026.86	1027.96	4568528.00	5288365568
2012/06/13	1029.19	1047.96	1029.19	1047.96	5850140.00	6318995456
2012/06/14	1047.63	1054.71	1043.04	1044.91	6106866.00	7577747968
2012/06/15	1045.15	1048.41	1032.32	1048.38	6319503.00	7153249792
2012/06/18	1052.22	1062.14	1052.22	1059.83	6712783.00	7804289024
2012/06/19	1057.11	1057.11	1045.57	1046.70	5511375.00	6234295808
2012/06/20	1049.77	1052.73	1043.51	1047.47	4326876.00	4805303808
2012/06/21	1045.63	1045.63	1023.51	1029.55	4857191.00	5558259712
2012/06/25	1025.79	1025.79	1002.94	1002.96	4836484.00	5343455744
2012/06/26	996.37	1002.92	984.97	998.88	4246285.00	4586786304
2012/06/27	997.24	1004.75	994.96	994.96	3855616.00	4263695616
2012/06/28	995.48	998.08	975.34	975.34	4789286.00	5230662656
2012/06/29	970.59	991.46	966.42	991.46	4726561.00	4870642176
2012/07/02	996.83	1007.28	994.06	1003.10	5281919.00	5862856704
2012/07/03	1000.46	1007.28	995.27	1000.39	5074133.00	5715715584
2012/07/04	1001.30	1003.72	991.02	996.08	4390334.00	5012792832
2012/07/05	993.69	993.69	973.98	974.49	4798032.00	5113042432
2012/07/06	977.34	985.53	960.06	985.53	5204074.00	5578884608
2012/07/09	979.32	979.84	957.13	957.13	4778349.00	5020148736
2012/07/10	954.07	958.30	947.09	952.73	4442830.00	4464307712
2012/07/11	950.87	956.97	948.87	956.97	3609859.00	3689858816
2012/07/12	957.16	972.31	954.20	971.75	4983282.00	5101917696
2012/07/13	968.77	974.03	961.18	963.91	4230823.00	4420337664
2012/07/16	959.38	959.38	918.96	918.96	5192373.00	5245893120
2012/07/17	913.99	923.59	912.83	923.01	3722899.00	3619371776
2012/07/18	921.92	927.91	909.70	927.91	3602295.00	3563421696
2012/07/19	926.66	942.85	926.11	936.72	4420320.00	4391805440
2012/07/20	936.43	942.40	931.26	932.08	3816123.00	3708688896
2012/07/23	927.67	927.67	918.65	922.61	3141037.00	3004098048
2012/07/24	916.52	931.88	916.52	928.29	3202172.00	3085513472
2012/07/25	926.30	931.97	922.99	923.23	3339008.00	3279418624
2012/07/26	922.18	930.01	916.49	916.84	3189556.00	3205254400
2012/07/27	918.23	919.81	910.33	913.52	2815626.00	2899935488
2012/07/30	913.53	915.37	892.40	895.18	3692234.00	3382022144
2012/07/31	893.74	893.74	874.86	875.24	3562621.00	3214877952
2012/08/01	873.32	893.54	873.32	888.61	3475885.00	3348055808
2012/08/02	888.13	889.77	877.01	883.15	3000389.00	2768763904
2012/08/03	883.86	900.86	882.10	900.86	3700019.00	3626066176
2012/08/06	898.89	925.78	898.89	925.78	5650990.00	5748202496
2012/08/07	926.14	933.99	925.51	933.99	6084157.00	5999653888
2012/08/08	934.10	935.81	925.27	930.88	5802816.00	5589346816
2012/08/09	929.87	939.84	924.62	939.84	5583875.00	5581774336
2012/08/10	939.78	942.63	934.98	940.85	5367184.00	5214892544
2012/08/13	938.04	938.04	917.93	917.93	5095895.00	5044729344
2012/08/14	916.49	923.81	900.66	923.81	4788671.00	4681875456
2012/08/15	920.84	921.80	914.49	915.09	3986657.00	3710437120
2012/08/16	913.04	917.59	911.22	913.14	3844631.00	3560741632
2012/08/17	913.01	918.48	907.23	916.13	3790972.00	3791094528
2012/08/20	910.75	916.66	904.28	916.52	3390756.00	3197299456
2012/08/21	916.02	936.34	914.88	932.32	5576759.00	5155560960
2012/08/22	934.47	937.78	921.71	925.76	5131563.00	4884855296
2012/08/23	923.67	932.59	920.21	932.12	4542718.00	4188555776
2012/08/24	929.77	929.77	912.05	912.05	4637146.00	4462589440
2012/08/27	907.82	907.82	893.90	893.90	4990592.00	4804335104
2012/08/28	891.84	905.50	891.01	901.89	4926815.00	4628294144
2012/08/29	901.05	910.57	897.60	900.85	5627980.00	5213851136
2012/08/30	899.51	901.05	870.42	885.08	5886513.00	5276571648
2012/08/31	882.92	889.31	880.89	885.75	3992734.00	3585257728
2012/09/03	882.08	900.28	882.08	899.12	4454933.00	4170950400
2012/09/04	899.14	902.36	891.42	892.05	4707072.00	4163052800
2012/09/05	890.11	899.05	886.31	897.97	5043564.00	4306474496
2012/09/06	900.45	909.37	898.48	909.37	4762328.00	4474698752
2012/09/07	916.06	951.30	916.06	943.80	11696905.00	10729780224
2012/09/10	945.41	954.40	941.80	950.65	8698447.00	8296810496
2012/09/11	946.22	947.02	937.74	947.02	6435037.00	5914628096
2012/09/12	949.46	953.21	939.73	950.20	6156281.00	5793947648
2012/09/13	950.59	956.38	937.68	937.68	6811293.00	6310856704
2012/09/14	944.38	947.87	928.89	936.11	6208442.00	5955681792
2012/09/17	935.57	935.57	905.63	905.65	5270087.00	5112346624
2012/09/18	902.50	908.79	897.66	902.45	3592078.00	3463411200
2012/09/19	902.74	909.07	900.61	908.80	3106624.00	3002270208
2012/09/20	906.83	906.83	874.71	875.60	4528142.00	4150895872
2012/09/21	873.12	879.50	865.60	867.83	3554341.00	3499337216
2012/09/24	863.78	876.91	855.45	873.53	3122114.00	2870046208
2012/09/25	870.45	875.57	863.06	865.69	2680173.00	2385310464
2012/09/26	866.06	867.83	842.45	843.76	3150975.00	2674873344
2012/09/27	843.70	867.51	842.24	862.55	4159826.00	3521562368
2012/09/28	859.50	878.50	857.20	877.91	4667597.00	3931085824
2012/10/08	879.41	884.36	871.89	875.92	4175265.00	3455046912
2012/10/09	878.00	901.29	878.00	901.20	6008662.00	5304407552
2012/10/10	900.42	908.03	896.23	907.75	5446351.00	4845160448
2012/10/11	905.16	905.23	891.94	892.39	5048624.00	4539764736
2012/10/12	892.75	900.79	880.63	889.33	3887644.00	3503002368
2012/10/15	888.46	888.86	870.31	879.17	3579731.00	3206572288
2012/10/16	879.52	888.83	879.00	881.51	4332173.00	3705487104
2012/10/17	883.81	886.16	873.89	884.13	3654985.00	3192789248
2012/10/18	883.99	900.11	883.99	900.05	5640002.00	4959302656
2012/10/19	900.29	901.48	895.44	898.42	4274260.00	3895115008
2012/10/22	895.14	903.37	891.75	902.61	4211337.00	3730651904
2012/10/23	902.70	904.41	893.80	895.19	4641499.00	4210281728
2012/10/24	890.65	899.71	888.97	896.61	4631560.00	3815093504
2012/10/25	897.93	903.45	888.44	888.57	6644401.00	5364470784
2012/10/26	887.43	888.12	861.29	865.07	5065625.00	4177420032
2012/10/29	864.13	869.83	861.06	864.18	3248602.00	2795039232
2012/10/30	863.74	870.21	861.47	863.88	3509806.00	3030215168
2012/10/31	863.64	865.35	857.65	865.31	3391925.00	2959790080
2012/11/01	866.02	881.53	865.97	880.12	4700546.00	4200435456
2012/11/02	880.66	882.61	874.26	881.77	3812472.00	3398205696
2012/11/05	881.22	884.23	875.49	879.75	4108342.00	3607188224
2012/11/06	880.14	881.45	865.26	876.52	4518986.00	4006896896
2012/11/07	875.33	879.47	870.02	877.13	4475958.00	4516888576
2012/11/08	869.91	869.91	853.12	853.12	4452531.00	4089658112
2012/11/09	851.71	856.39	848.40	851.31	3438231.00	3241383680
2012/11/12	852.32	863.15	852.32	860.75	4225980.00	3995702528
2012/11/13	861.11	861.27	843.85	845.65	4269499.00	3908971520
2012/11/14	845.08	849.05	836.41	848.44	3760451.00	3474016768
2012/11/15	844.32	848.32	831.52	832.27	3867850.00	3536263424
2012/11/16	833.83	836.30	824.78	831.36	4160850.00	3658016000
2012/11/19	829.44	837.70	826.44	837.65	3853506.00	3368869120
2012/11/20	840.11	842.31	832.87	835.09	3842053.00	3332041216
2012/11/21	833.47	840.68	822.39	840.68	3750010.00	3249931264
2012/11/22	838.72	838.72	829.03	831.42	3410748.00	2863627264
2012/11/23	831.59	836.88	829.75	832.16	3453421.00	2940256000
2012/11/26	831.27	831.27	819.93	820.61	3403646.00	2877081600
2012/11/27	817.48	817.48	788.59	788.76	4438724.00	3584600576
2012/11/28	785.16	785.17	771.98	774.28	3675540.00	2875553280
2012/11/29	775.38	780.58	765.23	766.26	3078462.00	2364113408
2012/11/30	765.99	775.56	764.15	775.24	3235431.00	2587883008
2012/12/03	774.17	777.52	753.25	753.93	3349630.00	2672992256
2012/12/04	752.48	762.10	741.17	761.19	3802122.00	2926897664
2012/12/05	758.98	793.70	756.94	790.02	6359929.00	5065308672
2012/12/06	789.85	794.90	784.64	788.07	4313222.00	3275686912
2012/12/07	788.03	808.12	785.93	807.48	6443301.00	5041100800
2012/12/10	811.95	824.80	808.86	824.71	7708083.00	6077053952
2012/12/11	823.76	826.04	817.43	818.65	7064912.00	5418330112
2012/12/12	816.50	821.35	809.70	821.30	5860662.00	4740055552
2012/12/13	820.05	822.32	807.80	808.96	5600789.00	4515421184
2012/12/14	807.21	840.74	807.20	840.67	10122005.00	8229035520
2012/12/17	843.02	847.73	837.29	845.58	9089238.00	7471704576
2012/12/18	844.62	854.14	839.24	845.02	8176621.00	6658506240
2012/12/19	847.10	853.10	846.19	850.76	6690567.00	5827791872
2012/12/20	853.08	858.07	845.21	858.07	8177706.00	6795454976
2012/12/21	859.11	865.24	850.10	854.79	8774926.00	7985963008
2012/12/24	852.54	859.36	851.27	857.36	6488239.00	5943667712
2012/12/25	855.38	877.98	852.27	875.56	9847440.00	8782516224
2012/12/26	874.82	889.87	874.38	889.87	9549984.00	8796434432
2012/12/27	891.61	896.11	879.86	880.11	9079844.00	8148439552
2012/12/28	879.40	887.64	874.69	886.64	6946448.00	6414828544
2012/12/31	888.87	898.00	885.80	898.00	8064992.00	7632908800
2013/01/04	904.93	907.37	888.45	897.58	8885949.00	8761986048
2013/01/07	896.48	909.27	893.29	909.11	8582154.00	8356406784
2013/01/08	909.46	924.18	903.44	921.08	11113375.00	10676754432
2013/01/09	918.40	929.30	912.12	922.59	9982280.00	9805053952
2013/01/10	925.09	937.64	924.59	935.29	11181677.00	10517405696
2013/01/11	935.89	937.52	913.97	916.11	11022009.00	10623993856
2013/01/14	919.69	949.94	919.56	949.20	11867743.00	12038088704
2013/01/15	949.48	980.45	949.47	975.64	15564398.00	15870427136
2013/01/16	975.43	975.53	950.58	965.45	13240106.00	13189550080
2013/01/17	963.22	963.35	948.56	950.10	8985744.00	8699210752
2013/01/18	953.45	969.10	952.98	966.88	10533278.00	10260555776
2013/01/21	970.49	974.43	964.44	973.71	9354504.00	9806809088
2013/01/22	971.73	971.87	944.66	950.10	9820238.00	9937875968
2013/01/23	947.49	956.26	937.97	952.68	7117739.00	7416316928
2013/01/24	952.54	960.62	922.24	928.19	8812096.00	9116409856
2013/01/25	927.94	932.74	923.17	926.91	5428042.00	5581458944
2013/01/28	927.57	948.83	927.57	948.70	6728897.00	7004393472
2013/01/29	951.36	959.28	950.25	956.59	7548252.00	8272162816
2013/01/30	957.67	958.67	945.92	953.01	7477084.00	7424004608
2013/01/31	952.07	954.27	944.95	953.22	8778269.00	8892556288
2013/02/01	950.74	959.52	947.86	959.50	7966183.00	8094584320
2013/02/04	962.10	963.76	946.37	949.48	9320290.00	9758410752
2013/02/05	944.95	958.59	942.70	958.50	7677978.00	7320757760
2013/02/06	957.63	967.96	957.31	964.44	8034982.00	7791136768
2013/02/07	965.06	971.31	961.27	970.41	7007313.00	7628731392
2013/02/08	969.82	987.98	969.82	984.95	6659319.00	7446276096
2013/02/18	993.29	1007.75	992.36	1006.99	10369210.00	10966557696
2013/02/19	1007.46	1008.63	988.82	992.13	10514034.00	11065411584
2013/02/20	991.59	1019.22	991.56	1019.17	10993779.00	11722584064
2013/02/21	1012.27	1013.94	990.32	1001.00	11798195.00	12318571520
2013/02/22	998.69	1005.49	992.12	993.62	7285170.00	7645011968
2013/02/25	997.25	1025.02	997.15	1021.58	9293177.00	10324824064
2013/02/26	1018.82	1028.26	1002.09	1003.78	10875631.00	11777409024
2013/02/27	1004.13	1015.36	991.32	1003.00	8611533.00	9055483904
2013/02/28	1005.26	1030.17	1003.48	1030.16	10551364.00	11216174080
2013/03/01	1030.64	1061.23	1028.80	1059.71	14328334.00	15258208256
2013/03/04	1054.94	1066.13	1029.19	1039.59	18214216.00	19499110400
2013/03/05	1037.37	1060.66	1026.21	1060.02	14956330.00	15404711936
2013/03/06	1061.33	1073.50	1059.40	1069.38	16485032.00	16973113344
2013/03/07	1066.03	1066.03	1031.99	1041.01	14115923.00	15023509504
2013/03/08	1040.80	1048.96	1028.59	1031.38	8751989.00	9261997056
2013/03/11	1030.20	1041.98	1025.71	1034.18	8313324.00	8719524864
2013/03/12	1035.05	1039.33	989.61	1005.54	11095851.00	11508881408
2013/03/13	1001.04	1001.67	984.54	994.03	7322329.00	7409616384
2013/03/14	991.37	1004.12	990.26	999.24	6412977.00	6544546304
2013/03/15	999.79	1024.27	993.87	1005.80	10095860.00	10721368064
2013/03/18	1005.55	1011.76	995.56	996.88	11869075.00	12272037888
2013/03/19	994.85	1000.59	974.83	994.32	9888467.00	10098728960
2013/03/20	995.50	1025.21	995.11	1025.14	11344848.00	11812077568
2013/03/21	1024.42	1053.29	1023.67	1044.86	13896143.00	15360918528
2013/03/22	1043.22	1044.46	1033.30	1042.68	10781061.00	11289817088
2013/03/25	1041.77	1047.30	1034.19	1039.09	10788882.00	11352822784
2013/03/26	1033.51	1033.51	1013.90	1023.52	9035840.00	9646608384
2013/03/27	1022.64	1035.16	1018.32	1026.87	8054569.00	8600938496
2013/03/28	1019.50	1019.50	997.07	997.10	8998698.00	9436998656
2013/03/29	998.73	1007.08	990.61	993.30	6765720.00	7502107648
2013/04/01	990.68	1006.49	989.88	1002.04	7384685.00	8188852736
2013/04/02	1000.88	1011.64	985.10	987.60	7510628.00	8421924352
2013/04/03	987.75	989.52	965.74	970.86	6110118.00	6515425280
2013/04/08	955.02	974.29	942.92	974.24	6836541.00	7179432960
2013/04/09	976.05	988.72	976.05	985.40	6091650.00	6741962240
2013/04/10	989.89	991.58	974.47	983.00	7175915.00	7619391488
2013/04/11	985.74	990.62	979.66	980.50	6484764.00	6557358592
2013/04/12	979.53	984.13	971.17	971.65	6480952.00	5872729088
2013/04/15	967.72	967.72	954.97	958.23	5348588.00	5254972928
2013/04/16	949.09	968.90	945.94	968.82	5324732.00	5551083520
2013/04/17	968.70	975.87	964.29	975.77	4964813.00	5475317760
2013/04/18	971.37	985.21	967.63	982.91	7098248.00	7826765824
2013/04/19	983.07	1006.80	983.06	1005.40	9254856.00	10377417728
2013/04/22	998.64	1012.89	996.97	1012.88	11623184.00	11212625920
2013/04/23	1011.82	1011.82	980.20	982.40	9763949.00	9484918784
2013/04/24	981.48	1005.72	980.44	1003.10	10388802.00	10789606400
2013/04/25	997.38	1005.22	984.65	985.12	12508635.00	11825905664
2013/04/26	985.08	988.01	961.36	963.83	9388904.00	8851586048
2013/05/02	959.42	971.14	956.97	969.67	6272761.00	6180403712
2013/05/03	971.95	996.52	971.95	993.47	8571816.00	8704765952
2013/05/06	994.32	1013.06	994.32	1012.63	9735878.00	10167611392
2013/05/07	1012.12	1026.64	1011.45	1021.12	11248390.00	11527226368
2013/05/08	1023.12	1031.78	1018.80	1031.76	10178685.00	10429552640
2013/05/09	1030.20	1041.89	1028.92	1040.83	12636881.00	14605756416
2013/05/10	1041.63	1058.61	1041.63	1056.98	11651939.00	13777534976
2013/05/13	1057.52	1061.46	1050.92	1060.51	9638634.00	10855084032
2013/05/14	1059.44	1060.17	1043.09	1054.23	10999998.00	11872939008
2013/05/15	1053.01	1079.59	1052.93	1079.59	11107166.00	12672411648
2013/05/16	1077.84	1094.73	1075.56	1085.75	13499995.00	15281292288
2013/05/17	1084.33	1108.26	1082.96	1104.63	13113932.00	14952388608
2013/05/20	1105.71	1136.09	1105.69	1133.16	15224658.00	17268895744
2013/05/21	1140.01	1154.87	1133.11	1153.54	18748440.00	19240452096
2013/05/22	1155.55	1157.21	1132.90	1138.71	18213204.00	19359887360
2013/05/23	1130.09	1148.94	1126.84	1131.22	14969462.00	15850206208
2013/05/24	1131.53	1159.37	1131.53	1159.36	13531013.00	14857956352
2013/05/27	1163.10	1180.32	1162.50	1180.20	14535920.00	16543858688
2013/05/28	1179.78	1180.10	1154.14	1167.61	12933111.00	14532714496
2013/05/29	1168.71	1181.20	1168.71	1179.20	13233187.00	15650475008
2013/05/30	1173.98	1181.42	1168.71	1178.97	11644464.00	13855685632
2013/05/31	1179.65	1193.02	1173.39	1175.05	13392743.00	16030568448
2013/06/03	1173.35	1177.91	1157.22	1160.12	11489828.00	13575186432
2013/06/04	1159.47	1165.27	1127.51	1146.48	12277142.00	14361356288
2013/06/05	1143.84	1154.01	1136.52	1149.38	9849609.00	11391275008
2013/06/06	1143.82	1143.82	1119.74	1121.38	10016710.00	11061940224
2013/06/07	1122.25	1128.24	1093.21	1099.19	9946876.00	10828497920
2013/06/13	1083.14	1083.14	1049.70	1078.53	9521806.00	10180091904
2013/06/14	1079.54	1108.15	1079.40	1107.91	9237215.00	10806874112
2013/06/17	1115.92	1126.95	1104.15	1116.01	10106218.00	11896626176
2013/06/18	1114.63	1119.02	1094.96	1115.77	8610717.00	9505451008
2013/06/19	1108.84	1109.12	1091.32	1107.71	8536136.00	9619118080
2013/06/20	1099.18	1099.51	1059.36	1059.75	8741717.00	10165945344
2013/06/21	1036.70	1065.47	1020.08	1057.50	9258989.00	9641109504
2013/06/24	1055.86	1055.86	979.31	989.50	10661404.00	10755709952
2013/06/25	978.55	997.72	912.87	993.06	13742819.00	13191455744
2013/06/26	994.30	1025.80	987.74	1025.79	11341987.00	11936837632
2013/06/27	1028.20	1051.21	1010.68	1010.75	13173780.00	13406660608
2013/06/28	1002.64	1029.41	989.64	1004.94	9288017.00	9037842432
2013/07/01	1001.27	1028.91	996.71	1028.87	7640480.00	8952090624
2013/07/02	1029.14	1046.92	1026.22	1046.92	9204140.00	11075758080
2013/07/03	1043.78	1048.86	1021.48	1045.94	9345862.00	10988466176
2013/07/04	1040.46	1061.65	1030.54	1048.56	9892418.00	11406856192
2013/07/05	1049.13	1053.94	1032.27	1032.27	8368294.00	9755936768
2013/07/08	1013.04	1013.04	982.54	982.54	8642391.00	9215946752
2013/07/09	981.01	991.60	968.95	982.34	7031222.00	7842176000
2013/07/10	981.69	1014.69	980.05	1014.65	8640466.00	9696032768
2013/07/11	1015.04	1050.88	1014.96	1042.45	12442528.00	13797201920
2013/07/12	1041.43	1056.66	1038.20	1038.74	11679302.00	12957943808
2013/07/15	1044.85	1065.85	1044.85	1065.14	10919839.00	12886683648
2013/07/16	1070.70	1084.36	1066.51	1084.31	11797365.00	13632308224
2013/07/17	1080.83	1086.51	1055.18	1057.72	10197963.00	12381971456
2013/07/18	1053.74	1065.54	1044.04	1054.17	8031759.00	9131456512
2013/07/19	1054.70	1071.73	1034.26	1034.26	10912549.00	12594756608
2013/07/22	1025.86	1063.43	1020.81	1063.32	9694252.00	11744909312
2013/07/23	1066.66	1090.15	1066.66	1089.97	13264866.00	15869441024
2013/07/24	1085.18	1108.93	1071.06	1105.05	15337111.00	17778851840
2013/07/25	1103.25	1106.59	1072.39	1075.15	13507422.00	15541789696
2013/07/26	1070.95	1084.09	1056.29	1073.56	9842387.00	11875149824
2013/07/29	1073.79	1076.29	1053.34	1054.17	9765306.00	11550551040
2013/07/30	1054.84	1062.02	1022.37	1045.81	9222520.00	10474829824
2013/07/31	1049.56	1070.31	1049.56	1058.20	8580207.00	10082765824
2013/08/01	1063.61	1095.59	1063.61	1095.58	12251361.00	14785457152
2013/08/02	1099.95	1111.89	1094.99	1096.77	12037676.00	14282080256
2013/08/05	1095.78	1109.78	1094.87	1109.78	9280326.00	11470687232
2013/08/06	1108.07	1118.46	1103.06	1115.01	10546462.00	12626475008
2013/08/07	1115.08	1119.79	1103.05	1111.12	13294642.00	14449858560
2013/08/08	1106.79	1119.00	1103.91	1109.23	9489478.00	10649131008
2013/08/09	1112.11	1118.65	1094.49	1109.16	9149886.00	10727770112
2013/08/12	1122.36	1132.98	1122.36	1131.17	13142952.00	15747636224
2013/08/13	1133.08	1138.11	1129.23	1138.11	11383293.00	13073473536
2013/08/14	1137.53	1137.96	1119.33	1124.06	9957162.00	11157858304
2013/08/15	1121.55	1124.98	1109.34	1110.30	8293406.00	9475361792
2013/08/16	1104.06	1126.97	1084.32	1085.60	10340364.00	11346109440
2013/08/19	1078.91	1102.89	1077.38	1102.88	7293768.00	8159738880
2013/08/20	1102.01	1111.32	1094.76	1102.21	7556305.00	8469140992
2013/08/21	1102.79	1112.52	1098.86	1112.45	8332837.00	9748636672
2013/08/22	1110.84	1114.84	1107.22	1109.59	9045536.00	10405388288
2013/08/23	1111.98	1115.38	1083.38	1104.10	10527134.00	12533911552
2013/08/26	1103.91	1123.35	1102.77	1123.32	9689296.00	11452416000
2013/08/27	1122.79	1124.35	1114.52	1124.35	8325298.00	9450153984
2013/08/28	1117.73	1117.73	1105.20	1108.02	10061262.00	10903592960
2013/08/29	1110.08	1114.93	1099.68	1103.31	9096514.00	10299599872
2013/08/30	1102.45	1106.47	1079.83	1084.69	11222533.00	11944623104
2013/09/02	1088.26	1098.45	1081.76	1098.40	8918724.00	9408228352
2013/09/03	1098.42	1115.61	1096.93	1115.48	10747810.00	11399048192
2013/09/04	1114.22	1120.24	1109.43	1116.00	10182122.00	11104521216
2013/09/05	1115.62	1128.43	1113.43	1123.18	11792181.00	12538558464
2013/09/06	1120.33	1131.61	1114.10	1128.82	12340254.00	13141720064
2013/09/09	1129.24	1139.63	1128.09	1138.72	13286656.00	15014726656
2013/09/10	1139.75	1154.12	1139.25	1154.08	15214191.00	17510148096
2013/09/11	1155.45	1155.71	1133.50	1138.22	15516492.00	16160977920
2013/09/12	1134.69	1143.37	1132.77	1135.86	11676049.00	12617653248
2013/09/13	1140.16	1143.77	1133.89	1138.87	10526740.00	10983373824
2013/09/16	1138.68	1143.86	1136.47	1142.12	10872970.00	11014727680
2013/09/17	1143.98	1145.78	1128.77	1129.18	11123991.00	11310168064
2013/09/18	1125.72	1134.34	1118.48	1134.23	8647167.00	9318644736
2013/09/23	1137.46	1161.47	1137.18	1161.36	12091235.00	12774989824
2013/09/24	1162.08	1163.49	1150.27	1161.35	13494559.00	14509342720
2013/09/25	1160.39	1161.49	1146.65	1148.03	11456273.00	12564021248
2013/09/26	1144.26	1147.02	1126.52	1126.60	10205470.00	10604325888
2013/09/27	1127.66	1139.68	1127.66	1135.23	8798470.00	8917932032
2013/09/30	1140.37	1150.49	1140.37	1149.76	8644155.00	10067548160
2013/10/08	1153.15	1182.76	1153.01	1180.21	11989314.00	15484014592
2013/10/09	1177.12	1192.10	1173.41	1191.96	12176027.00	14826535936
2013/10/10	1191.09	1197.40	1181.68	1185.45	11816131.00	13330360320
2013/10/11	1188.99	1209.70	1188.99	1209.25	12672801.00	15090245632
2013/10/14	1210.97	1232.62	1207.94	1232.37	15246483.00	17757782016
2013/10/15	1234.37	1235.91	1215.91	1226.75	14456241.00	17790509056
2013/10/16	1223.31	1223.41	1188.74	1202.04	13485178.00	16597607424
2013/10/17	1210.28	1243.28	1210.23	1224.59	21097848.00	22580594688
2013/10/18	1222.19	1226.03	1212.21	1222.12	15324887.00	16222487552
2013/10/21	1225.73	1270.41	1225.73	1268.83	18843864.00	22668673024
2013/10/22	1275.03	1299.48	1263.51	1266.08	21580668.00	27117733888
2013/10/23	1265.90	1267.16	1226.84	1236.55	18033184.00	20664401920
2013/10/24	1231.62	1238.41	1219.54	1221.50	11064926.00	12963823616
2013/10/25	1221.68	1235.24	1200.39	1209.96	13415093.00	15593789440
2013/10/28	1208.92	1211.25	1189.79	1204.34	11045736.00	12926415872
2013/10/29	1201.97	1210.35	1133.95	1168.61	14373093.00	15342601216
2013/10/30	1165.17	1178.78	1161.55	1178.78	10588784.00	11424749568
2013/10/31	1175.72	1175.76	1150.36	1151.45	9905367.00	11010673664
2013/11/01	1147.76	1151.51	1132.41	1147.16	7578845.00	8668743680
2013/11/04	1151.69	1170.98	1151.69	1163.23	8981211.00	9860452352
2013/11/05	1162.24	1179.10	1153.61	1178.82	9704385.00	10710007808
2013/11/06	1177.39	1196.48	1173.08	1173.42	11480230.00	13358234624
2013/11/07	1167.83	1174.06	1154.93	1160.12	8765567.00	10309748736
2013/11/08	1156.50	1160.31	1138.01	1142.76	7473276.00	8831295488
2013/11/11	1142.61	1151.03	1133.79	1145.72	6213715.00	7294266368
2013/11/12	1147.39	1157.99	1141.39	1154.42	6877435.00	7396656640
2013/11/13	1152.78	1152.78	1126.48	1126.55	7742638.00	7935248384
2013/11/14	1125.25	1140.74	1112.59	1140.58	7210580.00	7784284672
2013/11/15	1141.30	1173.73	1141.30	1165.56	9868538.00	11497772032
2013/11/18	1171.78	1190.80	1169.26	1190.80	10583551.00	12110846976
2013/11/19	1191.58	1199.76	1186.12	1194.65	9771472.00	10859169792
2013/11/20	1195.59	1205.20	1189.10	1205.05	8394251.00	9596878848
2013/11/21	1202.39	1202.81	1187.19	1196.79	9554455.00	10668383232
2013/11/22	1196.89	1202.18	1185.59	1187.56	8126534.00	8886896640
2013/11/25	1185.08	1195.24	1181.65	1183.50	7663009.00	8191561728
2013/11/26	1182.30	1186.95	1174.41	1183.31	7454996.00	8096421376
2013/11/27	1183.37	1202.39	1181.47	1202.39	9018906.00	10468706304
2013/11/28	1205.60	1215.98	1203.49	1208.91	11122139.00	12117469184
2013/11/29	1209.32	1220.17	1209.13	1219.35	10292829.00	11315695616
2013/12/02	1186.23	1199.78	1147.45	1154.77	14253155.00	15292914688
2013/12/03	1147.67	1179.67	1146.45	1177.88	9298453.00	9997101056
2013/12/04	1177.60	1204.61	1176.35	1194.19	11613118.00	12575270912
2013/12/05	1193.04	1201.84	1191.70	1195.31	9238486.00	10810227712
2013/12/06	1194.67	1202.64	1188.92	1192.93	8881594.00	11123187712
2013/12/09	1196.88	1206.28	1196.88	1206.28	8492479.00	10511921152
2013/12/10	1207.38	1208.46	1195.40	1200.62	8732250.00	10137580544
2013/12/11	1198.38	1198.43	1180.78	1189.74	8326327.00	9127421952
2013/12/12	1187.49	1201.08	1186.99	1194.16	7122630.00	8219924480
2013/12/13	1189.58	1200.72	1185.06	1199.90	7144333.00	8347359744
2013/12/16	1201.25	1202.27	1179.63	1185.45	7522133.00	9390030848
2013/12/17	1183.21	1187.80	1170.29	1173.99	6154496.00	7032280576
2013/12/18	1174.17	1182.98	1170.35	1174.33	5958549.00	6461757440
2013/12/19	1179.17	1186.75	1166.58	1166.98	5640265.00	6733915136
2013/12/20	1166.36	1169.49	1146.59	1149.22	5877818.00	6552040448
2013/12/23	1150.16	1152.28	1128.49	1145.57	4520561.00	5114322944
2013/12/24	1148.01	1165.00	1145.40	1155.01	5571700.00	6667405824
2013/12/25	1156.45	1175.41	1154.67	1175.37	5942571.00	7320244736
2013/12/26	1174.14	1174.23	1153.17	1154.10	6422638.00	7768202240
2013/12/27	1154.58	1180.21	1154.58	1176.47	6565885.00	7828342272
2013/12/30	1180.15	1185.05	1176.83	1180.12	6440730.00	7571455488
2013/12/31	1177.73	1185.09	1172.42	1182.95	5992288.00	7035245056
2014/01/02	1181.94	1194.17	1178.96	1193.95	6601962.00	8115704320
2014/01/03	1192.49	1200.59	1185.84	1190.03	8864251.00	10659356672
2014/01/06	1189.24	1189.24	1166.09	1166.48	8972232.00	10402871296
2014/01/07	1162.77	1180.65	1160.65	1180.34	7488479.00	9220274176
2014/01/08	1182.19	1198.59	1182.17	1193.26	8985218.00	11058686976
2014/01/09	1190.29	1195.60	1171.91	1172.60	7987668.00	9744075776
2014/01/10	1168.09	1168.34	1141.37	1146.15	6733594.00	7784866304
2014/01/13	1142.97	1153.82	1130.89	1137.34	6652996.00	7973330944
2014/01/14	1136.99	1163.56	1135.67	1163.56	6854962.00	7810437120
2014/01/15	1163.15	1178.09	1162.51	1174.88	8016883.00	9861385216
2014/01/16	1176.87	1185.18	1172.97	1175.07	7147199.00	9109835776
2014/01/17	1171.50	1172.82	1160.77	1161.22	6910613.00	7732979712
2014/01/20	1160.09	1170.68	1148.42	1152.12	7142746.00	8101520384
2014/01/21	1152.01	1168.71	1152.01	1168.68	7985171.00	8505967104
2014/01/22	1168.64	1196.19	1168.40	1196.08	9653456.00	10935421952
2014/01/23	1195.33	1211.98	1194.07	1206.51	9937070.00	11200830464
2014/01/24	1203.15	1223.68	1201.44	1219.29	9333701.00	11198498816
2014/01/27	1213.55	1218.86	1205.02	1206.55	8766535.00	10730557440
2014/01/28	1208.03	1214.39	1191.06	1202.33	7668650.00	9445904384
2014/01/29	1203.86	1215.24	1201.49	1212.16	7917255.00	9323547648
2014/01/30	1210.43	1211.65	1200.10	1202.27	6294404.00	7732211712
2014/02/07	1195.47	1231.12	1191.55	1231.01	7585019.00	9241487360
2014/02/10	1234.79	1271.53	1234.79	1271.48	13432979.00	16844412928
2014/02/11	1271.81	1288.93	1260.36	1272.82	14371243.00	18044272640
2014/02/12	1276.26	1292.04	1276.26	1290.56	13698314.00	17532297216
2014/02/13	1292.96	1298.91	1272.03	1273.14	13600086.00	17722703872
2014/02/14	1271.83	1288.94	1265.35	1288.94	10265746.00	13043593216
2014/02/17	1293.86	1319.36	1293.78	1319.13	14124711.00	18492190720
2014/02/18	1322.48	1330.95	1315.09	1326.06	16418693.00	20460939264
2014/02/19	1328.29	1332.54	1314.44	1321.88	13016219.00	16123961344
2014/02/20	1323.47	1324.58	1289.71	1294.50	13741170.00	16340427776
2014/02/21	1292.77	1300.82	1276.40	1290.18	10132694.00	12225210368
2014/02/24	1287.44	1298.91	1273.65	1298.90	10805651.00	13711163392
2014/02/25	1301.03	1305.07	1225.47	1233.78	14509845.00	18599878656
2014/02/26	1227.67	1244.04	1208.15	1244.00	10912426.00	14697299968
2014/02/27	1247.33	1275.56	1233.36	1234.26	13228944.00	17362159616
2014/02/28	1233.17	1253.05	1219.57	1252.88	11179215.00	13919483904
2014/03/03	1253.29	1292.39	1250.55	1292.39	12862889.00	16519888896
2014/03/04	1285.83	1288.05	1269.36	1284.79	10251542.00	13177051136
2014/03/05	1288.55	1291.68	1268.72	1271.46	9973770.00	12334038016
2014/03/06	1267.44	1268.75	1243.01	1261.69	9051805.00	11091109888
2014/03/07	1262.68	1270.96	1250.45	1258.43	9539923.00	11345206272
2014/03/10	1248.30	1248.88	1211.92	1214.54	9877897.00	11587173376
2014/03/11	1210.07	1220.36	1198.11	1209.79	8032324.00	9723091968
2014/03/12	1207.51	1215.37	1186.45	1207.15	7198299.00	8926684160
2014/03/13	1207.26	1229.65	1207.26	1229.63	7937270.00	9801928704
2014/03/14	1225.27	1229.99	1212.86	1221.37	6085836.00	7590804480
2014/03/17	1223.99	1250.65	1221.41	1250.24	7366647.00	9405396992
2014/03/18	1253.01	1266.72	1252.94	1261.78	9294082.00	11855063040
2014/03/19	1260.16	1260.32	1241.91	1253.29	8148589.00	10805882880
2014/03/20	1251.37	1255.04	1215.39	1215.76	9010157.00	11897381888
2014/03/21	1210.98	1239.61	1196.38	1237.79	9156651.00	11076302848
2014/03/24	1240.02	1245.69	1231.83	1242.28	8499939.00	10313333760
2014/03/25	1237.97	1242.31	1227.93	1235.34	8685524.00	9877900288
2014/03/26	1239.23	1251.06	1237.90	1246.24	7837724.00	9466707968
2014/03/27	1245.07	1245.07	1217.92	1217.92	7688779.00	9487444992
2014/03/28	1215.46	1217.54	1178.63	1181.96	8538497.00	10268809216
2014/03/31	1179.16	1185.03	1168.17	1173.28	6135745.00	7164519936
2014/04/01	1173.72	1197.64	1172.96	1197.60	5985152.00	7021250560
2014/04/02	1199.53	1203.73	1189.52	1193.44	6644617.00	7854979072
2014/04/03	1193.36	1202.74	1188.90	1194.02	5760195.00	6715334656
2014/04/04	1192.00	1205.85	1189.98	1205.85	5101004.00	6652350976
2014/04/08	1200.76	1215.30	1196.22	1215.17	7295407.00	8746500096
2014/04/09	1217.12	1227.52	1216.89	1226.28	7358042.00	8976990208
2014/04/10	1228.21	1238.90	1225.33	1234.06	9463909.00	11766579200
2014/04/11	1227.01	1227.01	1216.51	1222.57	7743680.00	9245904896
2014/04/14	1223.38	1233.11	1223.38	1232.74	7530848.00	9079095296
2014/04/15	1231.57	1231.59	1218.92	1221.38	7013413.00	8443025408
2014/04/16	1218.98	1223.05	1212.95	1218.49	5708388.00	6939538944
2014/04/17	1219.58	1222.05	1214.47	1215.75	5153773.00	6311107072
2014/04/18	1214.73	1221.28	1211.08	1221.25	5821616.00	7234193920
2014/04/21	1215.47	1225.47	1202.56	1204.66	7467838.00	8649305088
2014/04/22	1202.28	1205.70	1172.15	1187.94	7572514.00	9217897472
2014/04/23	1187.39	1191.90	1178.43	1183.61	5272412.00	6509927424
2014/04/24	1182.63	1184.69	1170.06	1171.67	5197110.00	6155927552
2014/04/25	1171.99	1175.91	1147.88	1148.80	5116316.00	6019875840
2014/04/28	1145.88	1145.88	1112.36	1112.71	5996983.00	6697808896
2014/04/29	1112.51	1130.72	1112.42	1130.53	4530298.00	5078774272
2014/04/30	1130.71	1143.01	1127.94	1139.91	4389621.00	4996861952
2014/05/05	1138.85	1148.54	1134.03	1148.54	4675382.00	5518094848
2014/05/06	1148.68	1161.19	1147.00	1155.33	4647233.00	5678256640
2014/05/07	1152.53	1152.55	1130.02	1130.09	4422865.00	5481414144
2014/05/08	1126.60	1143.46	1124.12	1128.91	4624771.00	5593382912
2014/05/09	1129.13	1132.59	1113.06	1122.50	5032734.00	5955808768
2014/05/12	1131.37	1150.19	1127.64	1150.08	6444942.00	7498657280
2014/05/13	1150.79	1154.44	1140.21	1143.90	5327383.00	6371682304
2014/05/14	1141.86	1144.96	1137.70	1142.21	4053417.00	4941586944
2014/05/15	1140.58	1141.48	1116.22	1117.16	5039862.00	6245048320
2014/05/16	1114.91	1116.86	1100.71	1113.11	4301194.00	5243899904
2014/05/19	1113.45	1113.47	1101.00	1109.36	4042198.00	4881961472
2014/05/20	1115.43	1125.33	1109.39	1111.52	4023446.00	4871377920
2014/05/21	1108.42	1121.92	1099.80	1121.75	4324937.00	4847043072
2014/05/22	1122.65	1138.15	1122.46	1123.12	5935725.00	6777930752
2014/05/23	1121.62	1133.37	1118.91	1133.29	4275656.00	4870879232
2014/05/26	1138.95	1148.82	1138.95	1148.74	5873719.00	7568549888
2014/05/27	1148.94	1150.31	1141.05	1142.87	4962162.00	5955292160
2014/05/28	1144.92	1157.38	1141.01	1157.35	6753345.00	8193397248
2014/05/29	1156.90	1159.21	1144.28	1144.33	6007438.00	7377461248
2014/05/30	1143.33	1148.41	1134.23	1144.06	5816604.00	6732875264
2014/06/03	1143.89	1149.71	1137.86	1137.86	5366487.00	6188147200
2014/06/04	1137.24	1137.34	1123.43	1135.65	6256551.00	7450085376
2014/06/05	1134.35	1146.87	1132.25	1146.74	5565337.00	6805344256
2014/06/06	1146.49	1151.14	1139.76	1146.11	5994098.00	7098242560
2014/06/09	1144.24	1149.33	1138.24	1139.03	5177918.00	5944908800
2014/06/10	1140.65	1153.49	1133.35	1153.34	5310545.00	6363501056
2014/06/11	1154.60	1170.72	1153.93	1168.91	8699579.00	9592039424
2014/06/12	1166.26	1166.27	1158.54	1161.02	6705382.00	7231523328
2014/06/13	1160.53	1178.61	1159.56	1178.03	8076302.00	9493960704
2014/06/16	1182.85	1191.11	1182.85	1189.15	7792058.00	9357246464
2014/06/17	1188.10	1188.10	1178.00	1179.51	7922670.00	8723005440
2014/06/18	1180.10	1180.62	1170.83	1174.00	7344350.00	7965452288
2014/06/19	1173.85	1178.71	1142.10	1149.95	7283691.00	8076841984
2014/06/20	1148.66	1161.26	1147.97	1160.73	5322105.00	5815588864
2014/06/23	1162.84	1173.86	1162.67	1170.16	6458234.00	7244742656
2014/06/24	1170.93	1175.87	1168.21	1175.83	6509139.00	7443167232
2014/06/25	1175.44	1175.56	1164.99	1172.56	6074683.00	6960933888
2014/06/26	1173.08	1186.65	1173.03	1185.21	6836858.00	7771905024
2014/06/27	1185.07	1195.87	1181.46	1191.22	7606788.00	8625120256
2014/06/30	1191.00	1199.51	1186.99	1199.50	8258995.00	9323145216
2014/07/01	1200.25	1208.37	1199.42	1208.37	8779694.00	9869719552
2014/07/02	1208.84	1215.56	1202.77	1215.56	9822020.00	10573624320
2014/07/03	1215.82	1227.98	1212.64	1226.15	10245112.00	11945863168
2014/07/04	1226.58	1229.00	1216.88	1218.71	9055331.00	10635152384
2014/07/07	1217.91	1222.55	1207.85	1215.46	9255828.00	10750435328
2014/07/08	1213.33	1225.11	1204.11	1225.11	8635557.00	10106449920
2014/07/09	1222.78	1225.09	1203.50	1203.76	9779863.00	11512389632
2014/07/10	1204.03	1211.14	1199.35	1201.10	8485398.00	10230685696
2014/07/11	1199.89	1211.70	1198.61	1208.84	8502660.00	9321796608
2014/07/14	1211.12	1234.92	1211.12	1234.74	10762218.00	12427296768
2014/07/15	1235.10	1235.39	1219.35	1229.04	9785958.00	11362368512
2014/07/16	1227.21	1233.83	1213.38	1218.19	8377256.00	10056311808
2014/07/17	1217.83	1218.36	1203.08	1210.91	6682488.00	7557196800
2014/07/18	1208.07	1221.71	1206.44	1214.67	6950712.00	8130031104
2014/07/21	1213.26	1216.67	1203.57	1206.68	6517371.00	7826088960
2014/07/22	1206.02	1228.01	1205.01	1227.41	8698099.00	10916939776
2014/07/23	1226.71	1229.24	1208.67	1213.83	7564029.00	9059293184
2014/07/24	1214.10	1218.77	1197.35	1209.23	9255369.00	10596251648
2014/07/25	1210.31	1221.23	1207.95	1221.23	9099592.00	10227578880
2014/07/28	1224.49	1243.00	1223.54	1242.87	14427296.00	15297117184
2014/07/29	1244.68	1259.78	1239.29	1256.30	13705255.00	16185436160
2014/07/30	1254.17	1258.70	1248.04	1257.94	10899042.00	12883865600
2014/07/31	1257.53	1264.91	1254.18	1264.85	10082500.00	11705724928
2014/08/01	1261.44	1268.95	1245.60	1246.95	12588485.00	14080123904
2014/08/04	1247.51	1266.10	1247.51	1266.10	10757894.00	12637825024
2014/08/05	1267.42	1273.17	1257.02	1273.08	11550104.00	13520574464
2014/08/06	1271.22	1288.12	1266.49	1285.57	13427629.00	15049101312
2014/08/07	1286.41	1294.84	1273.92	1274.79	12720888.00	14228424704
2014/08/08	1275.83	1283.24	1273.65	1280.87	8788790.00	10142242816
2014/08/11	1283.32	1300.99	1283.31	1300.99	11410022.00	13341267968
2014/08/12	1300.70	1307.99	1298.65	1307.96	10916842.00	12671882240
2014/08/13	1309.20	1312.49	1294.26	1310.64	13193687.00	15048086528
2014/08/14	1310.07	1321.90	1304.23	1305.48	13585004.00	15386606592
2014/08/15	1305.50	1317.26	1303.54	1316.45	12005399.00	13472821248
2014/08/18	1318.71	1335.47	1318.71	1335.47	13379415.00	15538163712
2014/08/19	1337.44	1341.34	1328.23	1337.14	12860731.00	15423390720
2014/08/20	1336.66	1341.98	1329.69	1333.72	12251196.00	14186547200
2014/08/21	1334.04	1338.32	1321.77	1338.29	12753395.00	15592966144
2014/08/22	1339.16	1354.23	1335.78	1352.70	13417431.00	15631671296
2014/08/25	1354.85	1355.26	1338.05	1341.76	12573272.00	14831985664
2014/08/26	1339.93	1346.07	1311.33	1315.66	13675031.00	15427865600
2014/08/27	1315.29	1324.60	1314.29	1320.95	7802526.00	9305602048
2014/08/28	1323.49	1329.35	1311.04	1316.57	9541945.00	10735982592
2014/08/29	1314.73	1332.80	1314.73	1332.80	7560240.00	8841101312
2014/09/01	1334.90	1357.47	1334.90	1357.47	10348678.00	13163433984
2014/09/02	1359.30	1374.29	1357.42	1374.29	13986561.00	16978536448
2014/09/03	1377.26	1388.98	1373.37	1387.44	19926102.00	22991419392
2014/09/04	1387.10	1401.68	1383.42	1400.63	19865000.00	21449560064
2014/09/05	1403.60	1410.90	1399.19	1410.61	21455184.00	24310460416
2014/09/09	1413.16	1419.11	1404.78	1417.98	17534510.00	21268039680
2014/09/10	1415.71	1424.22	1408.23	1422.79	15361096.00	18821601280
2014/09/11	1422.97	1437.35	1407.47	1419.00	18731016.00	22354952192
2014/09/12	1417.22	1432.97	1413.66	1432.97	15112411.00	18202564608
2014/09/15	1432.83	1436.00	1424.39	1434.84	15579056.00	18647121920
2014/09/16	1436.02	1437.49	1381.18	1381.94	20791620.00	23851311104
2014/09/17	1382.87	1391.41	1368.51	1391.39	13313371.00	15413608448
2014/09/18	1389.48	1400.55	1384.64	1399.57	11604170.00	12466378752
2014/09/19	1402.95	1414.92	1398.39	1413.63	11372677.00	13577005056
2014/09/22	1411.48	1411.48	1385.92	1389.29	11588500.00	13741108224
2014/09/23	1389.30	1408.58	1389.20	1408.42	11047506.00	13158292480
2014/09/24	1405.68	1429.90	1403.51	1429.74	15445303.00	17408649216
2014/09/25	1433.33	1442.92	1423.53	1428.76	16548762.00	18969694208
2014/09/26	1425.48	1433.83	1422.59	1431.58	13018821.00	14491348992
2014/09/29	1435.69	1443.89	1433.99	1443.74	15466944.00	18157375488
2014/09/30	1445.12	1452.81	1441.01	1451.63	13101437.00	15603154944
2014/10/08	1455.42	1471.53	1449.93	1471.41	14917925.00	18313113600
2014/10/09	1476.09	1489.07	1462.90	1480.92	21042750.00	25893683200
2014/10/10	1476.43	1481.04	1463.65	1471.60	17069592.00	21463146496
2014/10/13	1466.77	1469.25	1448.20	1469.13	15543551.00	18749843456
2014/10/14	1466.14	1478.87	1452.65	1460.71	14878478.00	17946290176
2014/10/15	1460.03	1463.52	1442.51	1462.37	13355203.00	16121292800
2014/10/16	1455.22	1466.80	1447.63	1448.23	14536692.00	18210801664
2014/10/17	1445.53	1452.24	1407.86	1429.08	13437209.00	16104286208
2014/10/20	1433.47	1444.56	1430.13	1444.52	9714914.00	12013835264
2014/10/21	1445.50	1450.92	1431.41	1433.84	10756641.00	12936697856
2014/10/22	1433.93	1440.93	1417.19	1417.96	9562176.00	11359125504
2014/10/23	1415.36	1421.00	1393.57	1398.08	9993990.00	11769365504
2014/10/24	1398.29	1409.28	1395.96	1400.95	7486977.00	8884791296
2014/10/27	1399.66	1414.82	1395.88	1414.69	8097133.00	10075984896
2014/10/28	1417.80	1447.17	1417.79	1447.05	11790520.00	14239791104
2014/10/29	1451.57	1462.07	1443.71	1458.97	16405247.00	20030681088
2014/10/30	1457.86	1461.69	1448.96	1453.75	15005398.00	17718861824
2014/10/31	1455.64	1460.60	1438.76	1449.08	15096431.00	17371340800
2014/11/03	1449.69	1457.77	1449.69	1457.66	12482728.00	14672422912
2014/11/04	1457.74	1461.24	1446.98	1451.24	15636895.00	17323155456
2014/11/05	1454.13	1460.29	1449.21	1456.88	14153293.00	15895576576
2014/11/06	1458.20	1473.90	1451.66	1473.74	17428236.00	20659204096
2014/11/07	1477.12	1484.16	1451.47	1457.22	19781252.00	24402061312
2014/11/10	1460.95	1466.44	1453.30	1466.38	15766463.00	18949269504
2014/11/11	1467.52	1469.67	1409.39	1419.92	19844220.00	23261202432
2014/11/12	1417.06	1438.72	1414.64	1438.60	11994947.00	13934720000
2014/11/13	1439.33	1439.33	1408.63	1416.24	14098993.00	16859727872
2014/11/14	1411.21	1414.49	1402.65	1411.77	12176065.00	14018224128
2014/11/17	1416.44	1430.61	1406.90	1423.80	11944107.00	13651100672
2014/11/18	1423.84	1429.26	1418.75	1424.36	11999614.00	13326483456
2014/11/19	1424.20	1431.74	1420.38	1428.96	11281003.00	12803725312
2014/11/20	1426.07	1428.39	1421.04	1423.26	11066890.00	12218347520
2014/11/21	1424.73	1440.88	1424.31	1440.84	11649927.00	13351321600
2014/11/24	1456.59	1466.28	1449.77	1461.94	19789286.00	22858240000
2014/11/25	1464.43	1485.68	1463.43	1485.53	20370492.00	24159569920
2014/11/26	1490.61	1499.08	1482.57	1496.87	20400756.00	24542158848
2014/11/27	1505.38	1508.94	1492.49	1505.30	22580044.00	26387750912
2014/11/28	1507.30	1507.30	1481.34	1493.76	21917508.00	25390755840
2014/12/01	1492.95	1492.95	1468.98	1477.01	18984240.00	21821650944
2014/12/02	1480.20	1510.61	1479.87	1510.61	26627956.00	31894456320
2014/12/03	1512.92	1530.37	1500.04	1530.23	33844604.00	40494194688
2014/12/04	1531.20	1551.42	1526.48	1551.42	30469586.00	37517492224
2014/12/05	1554.03	1554.97	1477.43	1514.17	34557604.00	42089013248
2014/12/08	1505.02	1539.01	1489.43	1532.47	32408824.00	40300048384
2014/12/09	1527.47	1542.06	1465.16	1468.11	41621808.00	51904364544
2014/12/10	1466.46	1544.93	1457.28	1544.86	31588812.00	40665636864
2014/12/11	1554.84	1586.69	1552.56	1575.63	38183416.00	48421076992
2014/12/12	1580.36	1594.31	1564.97	1590.94	29781136.00	39632031744
2014/12/15	1589.22	1617.33	1582.37	1615.39	28850430.00	37309378560
2014/12/16	1617.34	1622.70	1597.44	1612.35	27607350.00	35320168448
2014/12/17	1607.03	1607.09	1565.04	1577.90	24979806.00	32715380736
2014/12/18	1575.79	1609.43	1574.78	1593.86	26099494.00	35326107648
2014/12/19	1588.94	1588.94	1542.06	1579.65	29920000.00	38136508416
2014/12/22	1575.46	1575.90	1516.89	1530.79	34741384.00	42140286976
2014/12/23	1521.45	1529.98	1490.66	1492.96	21262538.00	26253314048
2014/12/24	1497.94	1523.57	1497.94	1523.37	24201224.00	28487168000
2014/12/25	1528.84	1542.97	1518.71	1542.85	21944278.00	26343796736
2014/12/26	1546.11	1549.72	1538.05	1548.01	22087852.00	27551541248
2014/12/29	1552.80	1553.35	1519.63	1530.94	28138604.00	34531880960
2014/12/30	1529.05	1534.36	1496.45	1502.35	21974310.00	29035313152
2014/12/31	1504.91	1521.78	1501.48	1521.70	22007724.00	27603730432
2015/01/05	1524.66	1542.71	1511.69	1540.12	29317796.00	36404944896
2015/01/06	1531.12	1580.92	1520.68	1580.72	33840000.00	43528753152
2015/01/07	1572.30	1576.22	1560.47	1570.30	27803630.00	35919597568
2015/01/08	1569.02	1578.52	1554.58	1557.05	25761608.00	33517926400
2015/01/09	1551.30	1564.70	1537.14	1537.60	22361444.00	30081423360
2015/01/12	1528.46	1528.46	1502.73	1512.15	18869732.00	24957530112
2015/01/13	1511.12	1535.98	1511.11	1535.92	16930992.00	23365666816
2015/01/14	1537.57	1540.47	1524.53	1533.29	15882321.00	21581109248
2015/01/15	1535.92	1553.51	1535.87	1550.34	16836286.00	22960855040
2015/01/16	1554.69	1571.57	1551.69	1568.65	23060422.00	31204431872
2015/01/19	1528.78	1566.54	1492.13	1511.28	26042772.00	33964783616
2015/01/20	1517.50	1564.13	1517.50	1564.13	22005384.00	30961948672
2015/01/21	1571.01	1602.17	1571.01	1601.89	25339902.00	35951468544
2015/01/22	1603.26	1618.14	1595.21	1617.70	21510256.00	29934688256
2015/01/23	1619.58	1620.76	1598.56	1605.49	25034052.00	33681102848
2015/01/26	1607.55	1631.19	1607.35	1631.19	23008464.00	30936578048
2015/01/27	1635.00	1640.79	1604.93	1630.98	24378716.00	33139107840
2015/01/28	1627.00	1636.92	1616.54	1621.81	20087100.00	28568922112
2015/01/29	1610.75	1622.34	1603.24	1609.90	19925856.00	27264180224
2015/01/30	1611.74	1618.37	1594.52	1594.71	18756432.00	25993826304
2015/02/02	1573.58	1588.68	1566.21	1577.08	16564464.00	22744809472
2015/02/03	1582.39	1602.06	1582.39	1601.95	15373967.00	21599035392
2015/02/04	1606.61	1610.78	1591.83	1592.28	18547000.00	27187716096
2015/02/05	1604.70	1605.27	1580.61	1580.83	19499908.00	27098931200
2015/02/06	1576.92	1580.43	1542.95	1549.67	17019892.00	22580559872
2015/02/09	1549.42	1552.69	1533.60	1535.85	13281182.00	17798424576
2015/02/10	1535.58	1555.23	1534.51	1555.09	11605091.00	15945047040
2015/02/11	1557.97	1567.47	1557.66	1566.45	11513129.00	16113897472
2015/02/12	1567.66	1580.23	1567.63	1578.29	11670005.00	16524140544
2015/02/13	1586.03	1617.34	1586.03	1611.49	18930402.00	29068670976
2015/02/16	1617.36	1644.95	1617.36	1644.89	17678948.00	28144721920
2015/02/17	1651.64	1654.06	1641.79	1648.34	15048895.00	23821084672
2015/02/25	1654.93	1681.32	1654.93	1666.57	19812652.00	31356674048
2015/02/26	1669.59	1683.58	1665.12	1683.41	21986922.00	31220428800
2015/02/27	1684.12	1697.82	1679.24	1695.86	20189212.00	29889167360
2015/03/02	1740.39	1760.26	1740.39	1760.07	31199178.00	50956263424
2015/03/03	1769.21	1812.48	1756.67	1778.22	37864044.00	60486561792
2015/03/04	1776.50	1788.73	1770.95	1788.67	26871322.00	42592399360
2015/03/05	1788.44	1801.53	1771.50	1791.26	25667662.00	41935077376
2015/03/06	1795.05	1795.76	1753.82	1754.79	21368840.00	35804598272
2015/03/09	1748.52	1770.72	1741.72	1770.60	17725172.00	29243179008
2015/03/10	1770.28	1793.40	1767.94	1786.28	19216646.00	30798239744
2015/03/11	1789.39	1791.52	1777.67	1782.88	18701234.00	30479536128
2015/03/12	1786.58	1789.37	1760.13	1770.09	20698544.00	32342532096
2015/03/13	1776.52	1789.86	1770.24	1789.82	17312104.00	27031992320
2015/03/16	1805.72	1843.86	1805.72	1843.86	26674038.00	41472696320
2015/03/17	1856.13	1876.44	1843.54	1868.37	31584720.00	49174204416
2015/03/18	1876.18	1907.60	1872.95	1907.55	34731624.00	52952186880
2015/03/19	1913.01	1922.94	1897.85	1922.79	34452416.00	53105377280
2015/03/20	1925.93	1944.02	1921.03	1937.20	31841300.00	51157168128
2015/03/23	1949.88	1992.33	1949.88	1992.28	36941344.00	59603144704
2015/03/24	2000.76	2007.75	1928.44	2004.55	43561228.00	70487678976
2015/03/25	2004.04	2050.18	1986.26	2039.30	37375280.00	62129442816
2015/03/26	2022.34	2043.78	1984.24	2003.34	32118186.00	55888986112
2015/03/27	1998.75	2037.95	1998.75	2034.33	26915820.00	46243876864
2015/03/30	2039.56	2061.81	2039.56	2054.52	35677512.00	59559813120
2015/03/31	2061.21	2088.02	2047.31	2068.84	33875624.00	56564699136
2015/04/01	2074.29	2138.77	2074.00	2137.56	33824476.00	61618216960
2015/04/02	2157.48	2200.61	2152.38	2200.61	44075268.00	80466116608
2015/04/03	2193.13	2255.72	2180.77	2252.25	36067912.00	69324218368
2015/04/07	2266.18	2297.49	2265.79	2295.96	35751140.00	69462974464
2015/04/08	2306.27	2308.25	2225.80	2265.05	40060924.00	74782990336
2015/04/09	2266.80	2266.92	2159.24	2238.80	39126932.00	73747341312
2015/04/10	2224.69	2296.76	2212.64	2290.87	30659166.00	58631802880
2015/04/13	2310.92	2348.67	2304.65	2339.03	32274290.00	64701493248
2015/04/14	2341.59	2360.11	2314.18	2335.66	40070148.00	73780322304
2015/04/15	2331.71	2331.71	2237.82	2240.72	37476464.00	69056331776
2015/04/16	2218.34	2310.76	2198.72	2285.79	38261344.00	68261572608
2015/04/17	2319.20	2329.97	2286.17	2287.91	46489224.00	85430386688
2015/04/20	2279.10	2300.94	2235.93	2243.78	54281092.00	99059122176
2015/04/21	2248.32	2319.46	2248.13	2319.35	39521932.00	72671961088
2015/04/22	2344.54	2382.23	2344.54	2377.58	39696568.00	78258708480
2015/04/23	2397.05	2410.64	2374.38	2402.03	49045620.00	96923951104
2015/04/24	2374.05	2414.20	2357.62	2402.29	40880232.00	78135468032
2015/04/27	2427.34	2446.30	2393.78	2419.92	40926660.00	79117557760
2015/04/28	2422.06	2425.53	2327.82	2346.15	41133144.00	80261332992
2015/04/29	2331.03	2383.28	2321.15	2381.06	30926184.00	59002052608
2015/04/30	2386.38	2407.16	2382.13	2382.72	32700180.00	62813245440
2015/05/04	2387.37	2417.67	2370.60	2415.67	31139688.00	60934180864
2015/05/05	2416.42	2416.60	2323.19	2337.74	31632322.00	58778288128
2015/05/06	2351.34	2386.44	2291.40	2307.51	29451880.00	55132418048
2015/05/07	2306.04	2315.83	2256.99	2261.69	24509682.00	44281896960
2015/05/08	2284.98	2346.39	2283.34	2346.39	24157696.00	44604567552
2015/05/11	2371.06	2457.01	2358.33	2456.29	34610016.00	67510124544
2015/05/12	2472.78	2508.08	2463.34	2504.85	40340780.00	79422054400
2015/05/13	2497.87	2539.07	2467.52	2516.70	40069640.00	79384174592
2015/05/14	2526.83	2563.61	2516.92	2552.34	35016804.00	68875173888
2015/05/15	2550.01	2558.03	2503.82	2534.16	30594496.00	60649918464
2015/05/18	2532.48	2593.16	2530.29	2581.13	31022368.00	64319774720
2015/05/19	2591.31	2644.15	2572.40	2644.05	32878304.00	67415404544
2015/05/20	2658.43	2740.39	2658.21	2691.39	39746184.00	83570253824
2015/05/21	2702.88	2789.71	2702.42	2789.53	36878520.00	78851448832
2015/05/22	2829.75	2854.75	2767.75	2833.40	47467416.00	102374006784
2015/05/25	2808.73	2884.09	2783.04	2883.67	44860732.00	95775408128
2015/05/26	2909.75	2981.57	2908.98	2978.97	47559408.00	105380167680
2015/05/27	2999.82	3043.25	2935.29	3026.65	51246664.00	114839519232
2015/05/28	3023.81	3059.13	2824.07	2826.29	51682632.00	112398139392
2015/05/29	2805.70	2896.06	2699.61	2835.51	38596664.00	80220749824
2015/06/01	2857.92	2970.59	2857.29	2970.28	35695640.00	79064227840
2015/06/02	2994.45	3072.40	2972.82	3072.19	41110624.00	92413468672
2015/06/03	3092.50	3104.68	2995.55	3070.57	39689128.00	89375686656
2015/06/04	3081.31	3098.24	2886.25	3068.53	45778808.00	97304543232
2015/06/05	3113.35	3151.97	3051.69	3125.22	52377344.00	118307233792
2015/06/08	3124.96	3124.96	3018.99	3050.99	44880416.00	101769584640
2015/06/09	3049.81	3085.43	3017.74	3063.91	39373116.00	90187677696
2015/06/10	3043.27	3128.76	3016.77	3099.57	37363016.00	87997415424
2015/06/11	3106.06	3149.30	3091.26	3148.99	38027884.00	86097035264
2015/06/12	3172.79	3207.28	3150.75	3184.16	40146512.00	92129525760
2015/06/15	3200.17	3211.26	3126.32	3138.56	42600956.00	101208825856
2015/06/16	3117.04	3117.04	2988.63	3013.80	40876520.00	94264901632
2015/06/17	3006.36	3065.34	2906.91	3055.88	36827212.00	82313183232
2015/06/18	3050.83	3064.42	2931.96	2937.24	32234652.00	71391494144
2015/06/19	2878.35	2900.93	2725.82	2729.76	29873710.00	62173638656
2015/06/23	2725.41	2757.77	2552.86	2754.06	33612216.00	65497858048
2015/06/24	2779.92	2834.72	2744.26	2821.40	36013892.00	75792367616
2015/06/25	2835.60	2836.49	2661.11	2704.06	33822936.00	71168049152
2015/06/26	2609.67	2625.16	2463.88	2471.65	30282068.00	55542808576
2015/06/29	2536.14	2536.14	2256.64	2282.48	40377544.00	68694863872
2015/06/30	2229.34	2411.97	2113.42	2408.71	45482076.00	75367866368
2015/07/01	2387.86	2477.56	2264.47	2277.03	41888440.00	75487199232
2015/07/02	2282.10	2302.26	2109.17	2126.62	37017656.00	60522840064
2015/07/03	2057.81	2164.67	1966.40	1999.92	38105572.00	55263334400
2015/07/06	2148.37	2148.37	1881.60	1966.91	50229556.00	70676733952
2015/07/07	1904.58	1921.65	1838.59	1843.09	37068688.00	48645328896
2015/07/08	1760.12	1805.02	1759.88	1788.08	45137560.00	50667237376
2015/07/09	1776.40	1852.85	1776.40	1852.85	24799774.00	27207170048
2015/07/10	1907.67	1941.92	1900.29	1941.92	18896400.00	24303849472
2015/07/13	2030.17	2060.41	2010.45	2060.37	30658220.00	43789635584
2015/07/14	2117.35	2171.18	2094.65	2118.38	41948368.00	60993544192
2015/07/15	2127.13	2127.13	2007.65	2013.61	42137008.00	66156720128
2015/07/16	1993.36	2096.61	1920.98	2064.94	37042872.00	54203711488
2015/07/17	2079.53	2190.87	2077.56	2174.36	36395000.00	56973164544
2015/07/20	2188.79	2255.25	2164.56	2216.54	43145744.00	71061307392
2015/07/21	2192.66	2267.46	2167.92	2245.79	36394228.00	60236656640
2015/07/22	2248.46	2289.49	2217.08	2278.75	40504352.00	66088390656
2015/07/23	2281.07	2353.00	2267.06	2341.73	46460448.00	76301180928
2015/07/24	2348.97	2384.21	2282.54	2304.66	49522808.00	84102987776
2015/07/27	2249.32	2316.17	2115.92	2116.74	40031064.00	67044712448
2015/07/28	2021.75	2133.10	1959.32	2049.11	42660364.00	63525036032
2015/07/29	2085.03	2161.84	2008.49	2161.27	31248932.00	49224667136
2015/07/30	2156.24	2201.83	2087.40	2098.88	35727680.00	56972664832
2015/07/31	2067.90	2123.48	2053.62	2082.04	26726696.00	41992491008
2015/08/03	2053.09	2084.19	1999.68	2050.86	28410388.00	43238862848
2015/08/04	2056.26	2168.92	2048.92	2168.89	30928912.00	49000828928
2015/08/05	2165.36	2199.88	2124.51	2142.46	30463128.00	49915936768
2015/08/06	2097.58	2179.35	2090.57	2154.68	23740764.00	40715640832
2015/08/07	2180.54	2219.29	2171.12	2217.79	30539718.00	53341425664
2015/08/10	2247.99	2336.63	2235.81	2325.21	40476400.00	69441454080
2015/08/11	2327.58	2373.38	2320.33	2335.96	47170604.00	79656574976
2015/08/12	2307.43	2351.12	2298.02	2298.92	34288952.00	57844502528
2015/08/13	2285.99	2356.62	2266.43	2356.62	33545318.00	57696362496
2015/08/14	2375.74	2397.94	2346.90	2367.32	37668548.00	67997020160
2015/08/17	2360.73	2409.93	2349.48	2407.24	35763784.00	62322585600
2015/08/18	2412.75	2417.47	2213.30	2221.55	40626128.00	70968188928
2015/08/19	2145.05	2282.96	2076.65	2262.40	34783464.00	56252821504
2015/08/20	2239.44	2265.10	2173.65	2173.79	23538464.00	39429701632
2015/08/21	2137.12	2165.62	2048.66	2065.28	28944620.00	43429650432
2015/08/24	1974.26	1983.01	1897.84	1897.87	24652776.00	33566568448
2015/08/25	1757.84	1810.36	1750.33	1752.15	27178510.00	34434314240
2015/08/26	1752.39	1811.13	1670.24	1690.43	32331722.00	39618646016
2015/08/27	1717.43	1751.40	1656.33	1751.15	27548148.00	33572438016
2015/08/28	1774.54	1853.32	1760.53	1852.42	33127784.00	43480993792
2015/08/31	1838.86	1838.86	1786.37	1796.21	28880866.00	37290319872
2015/09/01	1773.02	1773.06	1684.63	1698.77	27026884.00	33682550784
2015/09/02	1614.71	1735.76	1612.26	1677.11	28392908.00	34856398848
2015/09/07	1694.13	1748.60	1667.35	1680.42	21747632.00	28666777600
2015/09/08	1671.25	1753.09	1653.78	1749.81	19037692.00	24366028800
2015/09/09	1765.01	1819.01	1757.23	1804.87	30355386.00	41223888896
2015/09/10	1776.38	1814.83	1767.46	1775.26	22743542.00	30235725824
2015/09/11	1772.40	1799.21	1758.08	1784.39	16098884.00	21560676352
2015/09/14	1801.25	1808.81	1655.07	1662.62	23767526.00	30028820480
2015/09/15	1620.88	1652.47	1565.37	1573.07	18160724.00	20898224128
2015/09/16	1578.96	1690.56	1572.45	1683.75	21293500.00	25325363200
2015/09/17	1680.09	1731.16	1652.69	1652.69	24672540.00	32044707840
2015/09/18	1666.77	1690.01	1651.12	1678.66	15617184.00	20674428928
2015/09/21	1663.04	1741.98	1655.58	1741.98	19760786.00	26638610432
2015/09/22	1751.01	1766.36	1727.75	1747.94	21817570.00	29529929728
2015/09/23	1722.02	1760.02	1716.48	1736.32	18305600.00	25508526080
2015/09/24	1745.76	1761.72	1732.63	1761.37	16829500.00	23800000512
2015/09/25	1753.27	1763.95	1697.63	1720.16	20471560.00	27596357632
2015/09/28	1722.52	1747.55	1696.28	1746.16	13689581.00	18920339456
2015/09/29	1718.46	1739.25	1704.74	1712.91	13691750.00	17987295232
2015/09/30	1723.85	1733.48	1707.65	1724.55	11580434.00	15872183296
2015/10/08	1780.10	1803.91	1767.95	1792.59	19794230.00	28747710464
2015/10/09	1790.29	1828.37	1787.76	1820.71	20029296.00	28648783872
2015/10/12	1831.80	1906.94	1830.65	1889.92	31578856.00	46778134528
2015/10/13	1878.52	1928.74	1872.15	1924.23	29051918.00	41775239168
2015/10/14	1918.54	1935.72	1899.40	1903.81	27994204.00	41636790272
2015/10/15	1895.72	1954.74	1895.72	1954.60	25166396.00	37912645632
2015/10/16	1974.58	1993.51	1954.30	1987.98	31657922.00	47991152640
2015/10/19	2005.94	2016.37	1970.49	1994.48	33856472.00	51385090048
2015/10/20	1992.49	2018.01	1978.07	2018.01	27445228.00	44281831424
2015/10/21	2018.16	2021.39	1884.53	1892.86	35243404.00	53836476416
2015/10/22	1895.92	1956.29	1884.25	1955.89	26271988.00	40102739968
2015/10/23	1967.16	2015.92	1953.48	2009.45	30345328.00	47505076224
2015/10/26	2047.68	2048.21	2013.36	2038.13	33157340.00	56608477184
2015/10/27	2023.19	2044.24	1953.52	2035.54	27568360.00	44209766400
2015/10/28	2026.08	2060.93	1997.01	2007.12	28955430.00	46239940608
2015/10/29	2020.27	2042.86	1994.04	2021.46	22780228.00	36063666176
2015/10/30	2014.45	2034.56	1981.18	2007.62	21819448.00	34862100480
2015/11/02	1970.32	2026.94	1965.03	1972.29	21653876.00	33433929728
2015/11/03	1979.70	1991.17	1953.29	1970.46	17779172.00	27324852224
2015/11/04	1976.85	2060.34	1976.74	2060.24	27251960.00	43622887424
2015/11/05	2061.10	2079.38	2041.15	2061.58	38926100.00	60861562880
2015/11/06	2064.07	2104.95	2064.07	2103.00	30898846.00	50396602368
2015/11/09	2088.25	2132.10	2064.72	2117.07	35557636.00	58258329600
2015/11/10	2108.30	2142.73	2099.63	2122.46	32234808.00	54096502784
2015/11/11	2124.45	2154.06	2112.72	2153.86	29920652.00	51129667584
2015/11/12	2162.75	2182.81	2127.46	2166.67	35278788.00	60532518912
2015/11/13	2147.28	2168.77	2111.35	2135.62	32257928.00	55200194560
2015/11/16	2092.63	2177.44	2090.64	2177.30	31648284.00	50980147200
2015/11/17	2201.32	2213.61	2158.43	2164.09	38893120.00	64760541184
2015/11/18	2166.40	2171.98	2109.66	2116.01	25420120.00	42230882304
2015/11/19	2122.46	2168.71	2119.23	2168.39	21981112.00	37301002240
2015/11/20	2172.96	2195.60	2162.15	2185.24	28569544.00	47048765440
2015/11/23	2184.24	2203.66	2153.81	2163.89	25420342.00	41877917696
2015/11/24	2160.83	2188.33	2139.54	2188.24	19493420.00	32674457600
2015/11/25	2189.76	2228.59	2187.37	2226.38	25544324.00	44017930240
2015/11/26	2242.73	2247.10	2196.21	2197.81	28394342.00	46635462656
2015/11/27	2188.86	2198.90	2039.62	2058.71	30806250.00	50206076928
2015/11/30	2067.43	2096.63	1975.31	2091.17	26267638.00	41754566656
2015/12/01	2092.90	2120.59	2071.81	2096.23	23458744.00	38176653312
2015/12/02	2090.70	2094.07	2013.15	2072.11	21694428.00	33787912192
2015/12/03	2077.78	2116.96	2077.78	2116.68	19397102.00	31371720704
2015/12/04	2107.43	2116.92	2078.42	2092.28	18854474.00	30066204672
2015/12/07	2098.30	2115.66	2092.14	2111.68	16861152.00	27400337408
2015/12/08	2103.65	2106.63	2060.21	2060.21	18024660.00	29079908352
2015/12/09	2049.63	2058.09	2021.67	2036.77	18916768.00	31330484224
2015/12/10	2035.49	2048.19	2022.03	2026.82	17012356.00	28817881088
2015/12/11	2020.86	2024.55	2001.87	2011.38	14530933.00	23727357952
2015/12/14	1997.17	2059.32	1993.50	2059.01	16725139.00	26632433664
2015/12/15	2061.61	2082.11	2061.42	2073.99	17226736.00	28716230656
2015/12/16	2081.77	2094.88	2075.85	2081.61	16715436.00	29007132672
2015/12/17	2098.35	2133.14	2098.35	2133.11	25988348.00	43588714496
2015/12/18	2134.18	2141.33	2112.35	2123.12	23384780.00	38762340352
2015/12/21	2122.15	2148.07	2120.00	2143.63	23292678.00	38027603968
2015/12/22	2151.28	2165.16	2136.26	2165.05	23010496.00	38227869696
2015/12/23	2170.92	2179.32	2147.72	2152.91	26645852.00	44525809664
2015/12/24	2152.59	2154.90	2117.63	2146.98	19918512.00	33847654400
2015/12/25	2153.94	2164.04	2144.81	2159.93	16383469.00	28302878720
2015/12/28	2169.68	2175.21	2110.66	2110.66	23189250.00	39017320448
2015/12/29	2109.24	2126.35	2092.84	2126.32	15825387.00	28111220736
2015/12/30	2131.99	2143.18	2118.38	2142.92	17917408.00	32019238912
2015/12/31	2143.33	2153.75	2121.42	2122.02	17790456.00	32167741440
2016/01/04	2121.15	2124.13	1938.94	1938.94	16157890.00	26215981056
2016/01/05	1850.99	1954.80	1841.01	1915.65	24240430.00	36995747840
2016/01/06	1922.59	1959.06	1908.35	1958.91	18777096.00	29271816192
2016/01/07	1922.46	1922.46	1785.95	1789.49	5198648.00	7748299776
2016/01/08	1841.11	1858.05	1720.23	1818.11	21556660.00	31363805184
2016/01/11	1782.38	1807.37	1691.87	1693.88	21020960.00	29686222848
2016/01/12	1698.72	1719.15	1661.18	1705.92	17446316.00	23914938368
2016/01/13	1714.94	1727.49	1642.86	1643.86	14957387.00	20716789760
2016/01/14	1592.04	1706.56	1589.59	1701.67	18019384.00	23725471744
2016/01/15	1691.60	1706.37	1625.19	1636.66	16980602.00	22667474944
2016/01/18	1599.46	1679.21	1599.20	1660.91	14028524.00	18791981056
2016/01/19	1659.07	1724.92	1656.63	1722.07	17429100.00	23437056000
2016/01/20	1714.08	1736.54	1696.71	1708.96	19712164.00	25563013120
2016/01/21	1677.02	1717.61	1631.15	1631.15	16363912.00	21295949824
2016/01/22	1651.84	1667.61	1612.09	1658.87	12655940.00	16564254720
2016/01/25	1675.85	1691.19	1659.25	1676.36	12048452.00	15856765952
2016/01/26	1657.99	1659.51	1543.09	1546.77	17630262.00	21565874176
2016/01/27	1551.32	1558.79	1450.92	1519.93	18291020.00	21282390016
2016/01/28	1506.30	1522.87	1453.76	1459.43	13639693.00	16028426240
2016/01/29	1458.48	1528.59	1456.49	1515.46	14090361.00	16573403136
2016/02/01	1514.16	1524.14	1474.95	1496.75	11479896.00	13919187968
2016/02/02	1499.41	1555.05	1499.38	1549.24	12771651.00	15381293056
2016/02/03	1529.10	1558.91	1517.35	1552.64	11132929.00	13272381440
2016/02/04	1559.85	1589.41	1559.85	1581.54	13056245.00	16159307776
2016/02/05	1588.32	1591.80	1567.93	1567.98	10563133.00	12557930496
2016/02/15	1513.99	1569.72	1513.25	1558.12	9422064.00	11449694208
2016/02/16	1568.05	1626.18	1568.05	1622.41	14658923.00	18133385216
2016/02/17	1621.46	1649.51	1618.28	1648.81	17223952.00	21613182976
2016/02/18	1658.54	1664.82	1642.17	1647.58	18345200.00	24165953536
2016/02/19	1643.11	1661.89	1639.72	1653.49	13546695.00	18835836928
2016/02/22	1671.76	1687.73	1666.18	1684.93	17845588.00	23725973504
2016/02/23	1686.88	1690.52	1651.29	1672.88	16558441.00	22840430592
2016/02/24	1663.53	1684.60	1643.50	1682.62	19133780.00	24633012224
2016/02/25	1682.31	1682.46	1543.61	1552.30	26048862.00	32085372928
2016/02/26	1565.52	1575.54	1523.25	1560.56	17795482.00	20734431232
2016/02/29	1552.13	1552.13	1446.69	1467.49	17865696.00	20075327488
2016/03/01	1472.61	1508.85	1445.56	1500.51	15835989.00	17567344640
2016/03/02	1498.86	1577.42	1498.23	1574.31	21165954.00	23883524096
2016/03/03	1576.09	1603.42	1570.48	1581.03	22119744.00	25886593024
2016/03/04	1576.26	1586.29	1510.29	1533.30	20931072.00	24194664448
2016/03/07	1548.17	1577.93	1547.34	1563.27	14331931.00	17061830656
2016/03/08	1562.97	1567.04	1502.32	1567.04	15270073.00	17773735936
2016/03/09	1534.10	1552.61	1520.39	1532.25	11572377.00	14091565056
2016/03/10	1533.87	1544.45	1508.00	1509.92	9504684.00	11521565696
2016/03/11	1495.73	1518.27	1488.81	1509.17	8836469.00	10524512256
2016/03/14	1529.47	1575.63	1529.47	1560.92	14752185.00	17895366656
2016/03/15	1560.98	1572.96	1550.26	1557.64	13569862.00	16838435840
2016/03/16	1566.96	1571.95	1533.80	1541.12	13121033.00	15809382400
2016/03/17	1547.54	1595.07	1544.79	1593.58	17895414.00	23471493120
2016/03/18	1601.31	1651.94	1600.12	1644.63	26511000.00	34266130432
2016/03/21	1663.92	1682.22	1659.43	1681.50	26098464.00	34197055488
2016/03/22	1670.34	1691.52	1659.56	1677.70	21955408.00	28795269120
2016/03/23	1674.18	1694.42	1670.64	1694.09	18491398.00	25524666368
2016/03/24	1682.16	1700.60	1668.70	1673.08	20912526.00	29277937664
2016/03/25	1667.77	1686.83	1663.15	1685.87	14337076.00	20880359424
2016/03/28	1693.83	1711.96	1672.33	1677.91	16811714.00	23960756224
2016/03/29	1677.16	1678.84	1628.63	1641.11	14461242.00	19685265408
2016/03/30	1656.06	1701.12	1656.06	1700.85	16873496.00	23235153920
2016/03/31	1711.54	1721.71	1697.99	1706.01	19786300.00	28208277504
2016/04/01	1699.89	1706.64	1668.56	1696.33	16265118.00	21891934208
2016/04/05	1700.18	1740.11	1694.89	1737.14	21126218.00	28312784896
2016/04/06	1730.57	1749.06	1726.13	1748.48	20090338.00	27443800064
2016/04/07	1756.31	1760.44	1723.16	1723.27	19739916.00	27666352128
2016/04/08	1712.13	1716.91	1689.62	1712.28	16126075.00	21938317312
2016/04/11	1727.22	1755.22	1727.22	1749.55	17941096.00	25037881344
2016/04/12	1746.74	1751.24	1716.28	1732.85	14407409.00	20150304768
2016/04/13	1741.21	1774.42	1741.21	1753.41	22739000.00	30038122496
2016/04/14	1762.08	1772.30	1751.43	1772.21	15567396.00	21734438912
2016/04/15	1773.04	1776.76	1760.52	1769.67	14702691.00	20524544000
2016/04/18	1757.82	1757.82	1731.26	1739.18	13177338.00	18645172224
2016/04/19	1746.91	1753.17	1736.41	1749.63	12054309.00	18730047488
2016/04/20	1751.13	1755.37	1645.61	1674.66	21965340.00	29283319808
2016/04/21	1668.54	1689.44	1656.80	1658.62	12760694.00	18100322304
2016/04/22	1649.42	1670.33	1645.63	1670.21	9315848.00	12816176128
2016/04/25	1669.87	1670.10	1642.62	1664.99	9192230.00	13261332480
2016/04/26	1663.38	1684.65	1662.07	1684.59	8802783.00	12804538368
2016/04/27	1687.21	1700.56	1679.56	1682.71	10674948.00	15977281536
2016/04/28	1681.74	1685.14	1641.45	1670.49	10341375.00	15309799424
2016/04/29	1665.26	1675.79	1660.39	1668.48	7920263.00	11989765120
2016/05/03	1668.91	1714.33	1660.32	1714.23	12892237.00	19327864832
2016/05/04	1707.99	1724.91	1705.44	1711.25	13769731.00	20435501056
2016/05/05	1708.15	1720.53	1700.16	1719.75	12118518.00	17725007872
2016/05/06	1720.01	1724.83	1659.15	1659.20	19091012.00	25470160896
2016/05/09	1645.50	1645.50	1591.58	1598.48	14710795.00	18480658432
2016/05/10	1594.98	1607.52	1589.22	1597.65	9961407.00	12741431296
2016/05/11	1604.75	1608.77	1580.70	1584.43	10445579.00	13216536576
2016/05/12	1563.24	1591.06	1542.84	1591.00	13491152.00	16722904064
2016/05/13	1585.53	1604.37	1578.55	1586.82	11306361.00	14422784000
2016/05/16	1580.50	1611.02	1572.37	1610.96	12877549.00	16170848256
2016/05/17	1611.50	1615.36	1594.05	1598.93	13110627.00	16725138432
2016/05/18	1587.78	1587.78	1540.09	1559.17	13235210.00	16117768192
2016/05/19	1556.83	1584.02	1556.69	1566.83	10663819.00	13219579904
2016/05/20	1558.40	1586.48	1551.74	1586.29	11307822.00	13651070976
2016/05/23	1588.27	1607.09	1588.14	1605.95	13095191.00	16352587776
2016/05/24	1603.40	1603.42	1581.20	1593.12	12067453.00	14890731520
2016/05/25	1602.61	1608.63	1579.66	1586.13	10107112.00	12993516544
2016/05/26	1583.66	1591.45	1554.36	1589.56	11445046.00	14075651072
2016/05/27	1586.53	1600.30	1582.11	1590.01	11534269.00	14135889920
2016/05/30	1579.72	1596.95	1566.13	1583.19	9661317.00	12470511616
2016/05/31	1583.22	1644.09	1583.11	1644.09	20305464.00	25681543168
2016/06/01	1645.11	1661.93	1644.10	1650.80	19909974.00	24768905216
2016/06/02	1649.72	1668.01	1646.25	1668.00	17498092.00	21808068608
2016/06/03	1667.78	1680.26	1661.75	1673.75	17972044.00	23511652352
2016/06/06	1678.57	1682.23	1664.20	1676.43	15631971.00	20156637184
2016/06/07	1678.18	1680.98	1666.33	1679.20	15844194.00	20225882112
2016/06/08	1677.97	1686.61	1659.05	1678.13	15854507.00	20687677440
2016/06/13	1657.88	1669.48	1608.20	1608.34	18997616.00	24351387648
2016/06/14	1604.50	1618.03	1597.62	1613.91	12821240.00	16585162752
2016/06/15	1599.52	1672.78	1597.18	1666.48	20196640.00	28196712448
2016/06/16	1666.92	1692.21	1665.54	1677.42	21629096.00	30582626304
2016/06/17	1680.76	1691.01	1662.96	1674.72	18265940.00	25063100416
2016/06/20	1675.81	1686.93	1660.28	1684.27	15038520.00	20243050496
2016/06/21	1695.78	1705.71	1661.00	1669.19	18859728.00	25896173568
2016/06/22	1668.39	1697.59	1665.23	1697.43	16409649.00	21707399168
2016/06/23	1694.17	1696.91	1677.94	1693.06	17870276.00	23599212544
2016/06/24	1688.60	1699.98	1623.61	1668.69	20330200.00	26796382208
2016/06/27	1656.34	1709.02	1656.24	1708.92	17259552.00	24028028928
2016/06/28	1702.12	1721.08	1695.84	1719.96	18645320.00	25523345408
2016/06/29	1725.25	1729.85	1717.63	1722.13	19809748.00	25812332544
2016/06/30	1724.41	1729.89	1715.01	1722.93	16752762.00	22368012288
2016/07/01	1723.44	1729.13	1710.65	1715.22	14853021.00	19569319936
2016/07/04	1706.85	1748.48	1705.44	1746.13	19426496.00	25345667072
2016/07/05	1749.93	1760.95	1744.02	1758.71	22412910.00	28425715712
2016/07/06	1753.19	1759.03	1742.00	1757.42	20683788.00	24659273728
2016/07/07	1755.17	1760.27	1735.34	1755.52	21444284.00	27633225728
2016/07/08	1753.57	1759.96	1744.21	1749.56	15856950.00	20635725824
2016/07/11	1753.68	1765.00	1740.66	1742.43	17233752.00	22405935104
2016/07/12	1740.61	1759.99	1722.83	1759.89	21142044.00	26453876736
2016/07/13	1766.45	1779.86	1762.41	1775.14	21549236.00	26746693632
2016/07/14	1772.67	1776.86	1764.37	1775.81	16029191.00	20901122048
2016/07/15	1781.91	1786.60	1769.70	1775.93	18501282.00	24241850368
2016/07/18	1773.29	1775.70	1754.49	1765.55	17975696.00	22793009152
2016/07/19	1764.07	1773.19	1754.60	1773.16	17433844.00	21333024768
2016/07/20	1771.43	1779.62	1767.21	1767.29	14972835.00	18421714944
2016/07/21	1768.59	1786.90	1765.44	1775.88	18906592.00	23786489856
2016/07/22	1774.54	1778.06	1761.69	1762.69	16935196.00	21881253888
2016/07/25	1760.79	1777.16	1759.61	1769.91	15336794.00	20359426048
2016/07/26	1769.67	1792.75	1769.40	1792.74	14725403.00	19503208448
2016/07/27	1793.26	1794.18	1696.71	1714.62	25821716.00	32238788608
2016/07/28	1710.35	1725.49	1692.11	1717.24	17287380.00	21054439424
2016/07/29	1716.86	1721.72	1700.31	1705.15	13794135.00	16961687552
2016/08/01	1697.62	1697.62	1664.00	1679.55	13119014.00	15992383488
2016/08/02	1678.44	1697.10	1678.23	1697.03	10953037.00	12642036736
2016/08/03	1693.10	1705.37	1689.51	1703.59	12263501.00	14271846400
2016/08/04	1700.88	1716.48	1696.71	1715.88	12506557.00	15022583808
2016/08/05	1714.09	1720.55	1707.62	1707.96	11725305.00	14431589376
2016/08/08	1706.45	1729.09	1694.49	1729.07	12091950.00	14582549504
2016/08/09	1729.48	1749.51	1728.57	1749.37	16246404.00	19944015872
2016/08/10	1747.93	1752.87	1739.31	1739.60	13518294.00	16672059392
2016/08/11	1737.66	1739.45	1712.53	1712.53	12030699.00	14903618560
2016/08/12	1711.59	1735.86	1711.59	1735.25	12036513.00	15082299392
2016/08/15	1737.81	1776.54	1736.77	1772.97	22081160.00	27290050560
2016/08/16	1777.79	1795.56	1777.79	1791.32	24396636.00	30471077888
2016/08/17	1788.45	1801.68	1781.64	1797.04	17480216.00	22365270016
2016/08/18	1798.95	1805.12	1792.13	1797.87	17659424.00	22799941632
2016/08/19	1798.29	1809.02	1791.79	1804.74	15338742.00	18413109248
2016/08/22	1802.32	1806.46	1780.58	1781.07	15902273.00	19490676736
2016/08/23	1781.30	1792.54	1773.57	1786.05	13594481.00	16112234496
2016/08/24	1787.40	1799.14	1784.29	1790.03	13713963.00	16415692800
2016/08/25	1781.58	1781.58	1759.92	1777.98	14165806.00	17015279616
2016/08/26	1782.99	1800.78	1782.71	1791.27	14564723.00	19005982720
2016/08/29	1790.90	1814.23	1789.47	1803.84	16689204.00	21788370944
2016/08/30	1806.48	1811.21	1798.16	1801.23	12473033.00	16360082432
2016/08/31	1798.66	1802.83	1790.99	1801.22	11968223.00	15848576000
2016/09/01	1800.27	1806.86	1791.86	1791.86	12197340.00	16518017024
2016/09/02	1787.96	1796.11	1774.52	1785.62	12316493.00	16456955904
2016/09/05	1790.54	1808.69	1790.54	1795.94	11852960.00	16261577728
2016/09/06	1796.83	1840.17	1785.28	1839.83	22848816.00	30104694784
2016/09/07	1842.85	1868.88	1842.39	1848.76	27778108.00	34588364800
2016/09/08	1847.26	1858.78	1843.00	1858.63	19194970.00	24377364480
2016/09/09	1859.56	1862.54	1838.96	1838.96	17112916.00	22766075904
2016/09/12	1805.50	1817.94	1791.83	1797.06	20467242.00	25911525376
2016/09/13	1805.32	1814.51	1792.83	1802.65	16600513.00	23150612480
2016/09/14	1791.60	1800.45	1783.23	1790.41	13197885.00	18417565696
2016/09/19	1794.64	1813.74	1794.64	1811.78	13044253.00	17814282240
2016/09/20	1813.79	1815.09	1798.63	1802.60	12263136.00	16962977792
2016/09/21	1800.79	1807.76	1796.39	1799.22	10484409.00	14553358336
2016/09/22	1810.58	1814.84	1805.83	1809.49	12328339.00	17058533376
2016/09/23	1813.06	1814.76	1800.92	1802.41	12244289.00	17433200640
2016/09/26	1799.15	1800.33	1763.50	1764.73	14479385.00	18530523136
2016/09/27	1761.82	1769.94	1743.26	1769.93	13579111.00	16854427648
2016/09/28	1770.50	1770.50	1759.20	1762.42	11470573.00	13002928128
2016/09/29	1764.24	1771.62	1761.76	1762.52	10215797.00	11898324992
2016/09/30	1764.07	1774.57	1763.84	1772.56	9592971.00	11448127488
2016/10/10	1783.36	1810.25	1780.81	1810.25	15055575.00	18288119808
2016/10/11	1810.45	1823.94	1808.14	1823.77	15852204.00	19330523136
2016/10/12	1818.30	1827.29	1814.40	1827.00	14727844.00	17707866112
2016/10/13	1828.45	1842.05	1828.41	1838.08	17477960.00	19734986752
2016/10/14	1838.23	1838.23	1820.72	1834.16	18164568.00	19376117760
2016/10/17	1838.20	1841.58	1807.69	1812.70	17384974.00	19652038656
2016/10/18	1809.76	1838.84	1809.20	1838.84	16939412.00	18704609280
2016/10/19	1841.51	1843.21	1827.53	1833.10	16273541.00	17990068224
2016/10/20	1833.30	1839.94	1827.73	1837.09	16945536.00	18107508736
2016/10/21	1836.41	1839.21	1814.16	1827.94	16993200.00	18426791936
2016/10/24	1828.18	1843.07	1822.19	1840.21	17158764.00	18936477696
2016/10/25	1840.47	1842.14	1836.02	1841.37	14567573.00	16271548416
2016/10/26	1840.43	1840.72	1820.67	1825.09	15053814.00	17038389248
2016/10/27	1826.75	1829.11	1815.49	1825.30	14590220.00	16895016960
2016/10/28	1823.37	1828.49	1807.10	1807.16	14559034.00	16387767296
2016/10/31	1800.79	1804.62	1789.36	1801.23	12114262.00	14377709568
2016/11/01	1802.62	1822.05	1802.59	1822.05	11889001.00	13883234304
2016/11/02	1818.51	1818.51	1798.95	1800.87	12315099.00	14907572224
2016/11/03	1797.71	1822.28	1794.96	1813.01	16204016.00	18966239232
2016/11/04	1811.17	1819.21	1803.44	1807.05	12708219.00	15336235008
2016/11/07	1811.58	1818.42	1807.25	1811.58	11792355.00	15396900864
2016/11/08	1818.16	1822.71	1812.73	1817.60	12006432.00	14297287680
2016/11/09	1818.50	1818.59	1777.25	1796.76	14388139.00	17351454720
2016/11/10	1812.02	1821.21	1811.89	1820.48	14212551.00	16447065088
2016/11/11	1821.59	1830.80	1816.78	1830.43	18199916.00	20352540672
2016/11/14	1828.66	1841.85	1827.14	1839.90	18786538.00	21604708352
2016/11/15	1840.88	1846.33	1834.61	1846.18	15132901.00	18286043136
2016/11/16	1850.14	1856.56	1847.91	1852.03	17002816.00	20444280832
2016/11/17	1850.50	1854.11	1837.86	1852.50	16369439.00	18670551040
2016/11/18	1853.27	1857.50	1842.71	1845.61	18393002.00	21354708992
2016/11/21	1846.23	1856.46	1844.65	1851.84	19269246.00	23275081728
2016/11/22	1852.30	1862.66	1852.30	1862.44	18838442.00	22707728384
2016/11/23	1865.40	1865.98	1849.33	1854.37	19964908.00	24635906048
2016/11/24	1851.54	1858.35	1845.68	1849.09	18120968.00	22506858496
2016/11/25	1849.70	1855.30	1824.74	1855.30	18717980.00	22901030912
2016/11/28	1858.15	1863.01	1853.46	1857.37	18832682.00	22817619968
2016/11/29	1855.38	1864.15	1847.96	1848.98	23517880.00	26595043328
2016/11/30	1846.59	1850.80	1838.05	1842.64	17532148.00	20630425600
2016/12/01	1844.25	1851.67	1844.16	1850.60	15878355.00	19046043648
2016/12/02	1851.15	1852.60	1824.74	1825.57	18458892.00	21848866816
2016/12/05	1809.60	1826.09	1805.92	1814.83	16639233.00	19706265600
2016/12/06	1816.61	1821.50	1813.18	1814.62	12324710.00	15482897408
2016/12/07	1814.35	1835.50	1810.88	1835.49	14204658.00	17497524224
2016/12/08	1836.64	1837.21	1822.25	1823.52	13528476.00	16108496896
2016/12/09	1823.80	1828.67	1814.25	1818.12	13840374.00	17186082816
2016/12/12	1819.64	1821.78	1745.92	1748.01	18427436.00	22642268160
2016/12/13	1747.63	1758.64	1729.91	1752.55	14336594.00	17734629376
2016/12/14	1750.23	1754.70	1733.09	1737.54	13134993.00	16750424064
2016/12/15	1732.49	1758.82	1730.43	1750.25	13171762.00	16518011904
2016/12/16	1752.74	1767.07	1749.34	1762.56	11976808.00	15534042112
2016/12/19	1764.80	1765.01	1755.78	1760.67	9956463.00	12876592128
2016/12/20	1763.41	1764.51	1751.61	1759.63	10771941.00	14794661888
2016/12/21	1760.84	1771.93	1760.84	1771.84	11802614.00	15211107328
2016/12/22	1771.65	1780.20	1768.71	1778.56	11355205.00	14636023808
2016/12/23	1777.47	1777.85	1757.41	1758.92	10703577.00	13482524672
2016/12/26	1752.45	1762.45	1733.71	1762.31	10815933.00	13500786688
2016/12/27	1763.59	1769.87	1763.06	1764.64	10734063.00	13576999936
2016/12/28	1764.66	1766.00	1758.00	1761.68	10012380.00	12323913728
2016/12/29	1759.76	1765.09	1753.34	1755.52	8877179.00	10858420224
2016/12/30	1756.56	1761.62	1752.67	1757.73	9375882.00	11323340800
2017/01/03	1759.64	1768.74	1759.64	1767.45	7887849.00	10090585088
2017/01/04	1768.30	1785.29	1764.48	1785.18	11386399.00	15006064640
2017/01/05	1784.40	1787.34	1780.01	1781.94	11778183.00	13824066560
2017/01/06	1783.58	1784.76	1774.90	1775.53	14209224.00	17666428928
2017/01/09	1772.81	1784.46	1770.42	1784.35	11112985.00	13940686848
2017/01/10	1783.21	1786.48	1777.53	1778.50	10582605.00	13435236352
2017/01/11	1777.28	1779.41	1759.01	1759.56	10358056.00	12788197376
2017/01/12	1759.03	1762.96	1744.54	1745.48	8705318.00	10526875648
2017/01/13	1745.63	1748.71	1726.45	1729.77	8834690.00	10395353088
2017/01/16	1726.80	1727.30	1641.53	1687.84	14759793.00	16624375808
2017/01/17	1681.17	1699.20	1666.28	1698.53	8621137.00	10216931328
2017/01/18	1696.98	1701.31	1690.17	1693.73	7291012.00	8806815744
2017/01/19	1689.32	1695.82	1683.87	1687.56	6514232.00	8178108928
2017/01/20	1687.38	1710.22	1687.01	1707.33	7000972.00	8681668608
2017/01/23	1708.93	1724.22	1708.93	1718.46	7001585.00	8616473600
2017/01/24	1717.56	1718.41	1710.62	1711.36	6770607.00	8601807872
2017/01/25	1710.22	1720.08	1707.94	1719.31	6624898.00	7842535936
2017/01/26	1720.99	1730.21	1720.89	1730.04	6839009.00	7771800576
2017/02/03	1731.83	1733.04	1722.88	1727.83	5232602.00	6592217600
2017/02/06	1728.55	1744.71	1728.53	1744.48	8457152.00	10486449152
2017/02/07	1743.74	1746.08	1732.02	1739.61	7544730.00	9890231296
2017/02/08	1737.82	1746.73	1729.25	1746.72	8006340.00	10014167040
2017/02/09	1748.03	1762.12	1747.87	1760.87	12333244.00	13707712512
2017/02/10	1760.21	1763.60	1754.81	1758.66	13934235.00	15418677248
2017/02/13	1758.65	1768.73	1757.01	1768.65	13047920.00	15009360896
2017/02/14	1769.27	1769.33	1759.51	1764.36	10786901.00	12638337024
2017/02/15	1762.10	1770.76	1747.83	1751.45	13494780.00	16639630336
2017/02/16	1749.70	1764.92	1748.68	1762.94	11676169.00	12620182528
2017/02/17	1761.42	1765.48	1745.96	1750.15	11962324.00	13501104128
2017/02/20	1750.40	1766.34	1750.40	1766.19	12975545.00	14534604800
2017/02/21	1766.74	1777.26	1764.90	1777.24	12843882.00	14450671616
2017/02/22	1779.95	1782.95	1774.20	1782.86	13277882.00	15048539136
2017/02/23	1784.98	1787.45	1773.21	1781.43	17464638.00	17076972544
2017/02/24	1779.78	1785.81	1775.99	1785.71	14886146.00	15426077696
2017/02/27	1787.17	1793.17	1778.91	1781.41	15166467.00	17471170560
2017/02/28	1782.40	1787.15	1777.50	1785.55	12403000.00	14546197504
2017/03/01	1784.02	1789.43	1781.46	1785.93	11288985.00	13133633536
2017/03/02	1789.21	1791.08	1778.19	1779.41	11935365.00	14782394368
2017/03/03	1776.03	1783.86	1768.96	1782.92	11168696.00	13952237568
2017/03/06	1785.82	1799.49	1785.82	1799.47	14395540.00	17448333312
2017/03/07	1800.83	1802.81	1792.96	1801.93	12609710.00	15327965184
2017/03/08	1801.42	1801.42	1792.26	1796.89	11168553.00	12714143744
2017/03/09	1795.07	1795.24	1779.29	1782.90	12727618.00	14544051200
2017/03/10	1781.85	1787.06	1779.46	1783.09	9966236.00	12209114112
2017/03/13	1782.49	1798.28	1773.31	1798.28	12256498.00	16200406016
2017/03/14	1798.01	1803.84	1793.74	1797.03	13131134.00	16783237120
2017/03/15	1793.03	1803.75	1791.22	1802.67	13784136.00	18022961152
2017/03/16	1805.59	1819.19	1805.59	1818.65	15004965.00	20229875712
2017/03/17	1819.45	1824.10	1804.39	1804.98	15137522.00	19907801088
2017/03/20	1806.78	1813.19	1802.11	1812.94	13103836.00	17234882560
2017/03/21	1813.64	1823.98	1812.22	1823.92	13678854.00	19652857856
2017/03/22	1815.46	1823.33	1809.48	1818.39	15135740.00	20124065792
2017/03/23	1819.08	1829.08	1807.07	1824.15	17470224.00	22626852864
2017/03/24	1824.47	1834.82	1820.35	1833.18	18234316.00	23478093824
2017/03/27	1832.35	1834.00	1820.36	1820.52	15444969.00	20650692608
2017/03/28	1818.74	1822.02	1810.34	1814.12	14430800.00	18075899904
2017/03/29	1815.20	1819.60	1803.80	1805.10	16723274.00	20664625152
2017/03/30	1800.84	1804.38	1773.69	1779.68	17654484.00	22274381824
2017/03/31	1779.76	1789.54	1778.96	1789.32	13805033.00	16790472704
2017/04/05	1810.85	1835.17	1810.85	1835.17	21047644.00	27265110016
2017/04/06	1843.94	1846.84	1839.02	1843.18	26349180.00	30362642432
2017/04/07	1839.71	1870.09	1835.68	1861.07	27909396.00	36113293312
2017/04/10	1863.89	1873.18	1857.85	1861.05	25990952.00	38386532352
2017/04/11	1863.53	1882.03	1848.10	1878.05	29316814.00	43997171712
2017/04/12	1880.14	1880.82	1853.07	1854.82	28551104.00	37215145984
2017/04/13	1852.51	1885.68	1852.51	1876.91	32146088.00	36711469056
2017/04/14	1883.27	1883.27	1852.85	1854.86	24623192.00	33010991104
2017/04/17	1842.01	1848.68	1826.86	1836.15	17404592.00	24023074816
2017/04/18	1832.21	1846.43	1816.80	1818.06	25261456.00	30026567680
2017/04/19	1808.73	1814.35	1785.93	1813.95	25739300.00	30352312320
2017/04/20	1812.58	1822.68	1792.80	1806.26	24007908.00	30019422208
2017/04/21	1801.94	1814.55	1787.23	1788.48	22723472.00	28359569408
2017/04/24	1783.23	1784.92	1742.87	1743.13	21800888.00	25874225152
2017/04/25	1743.00	1764.82	1736.88	1746.55	22529836.00	26382006272
2017/04/26	1742.46	1760.87	1740.98	1759.25	25603012.00	31604518912
2017/04/27	1759.18	1780.08	1732.16	1774.07	34253856.00	40491499520
2017/04/28	1767.88	1786.34	1765.80	1781.82	25015172.00	30604406784
2017/05/02	1775.04	1785.59	1768.21	1785.37	23581992.00	30440757248
2017/05/03	1780.43	1784.13	1764.27	1769.13	22832172.00	28675649536
2017/05/04	1762.60	1794.61	1757.84	1773.06	28083628.00	34124038144
2017/05/05	1765.21	1766.20	1745.39	1745.49	22874496.00	27228028928
2017/05/08	1740.24	1743.99	1700.92	1701.08	22728992.00	26627633152
2017/05/09	1689.82	1711.38	1679.50	1709.99	18051386.00	20261380096
2017/05/10	1707.51	1717.67	1667.64	1667.64	21945234.00	23256629248
2017/05/11	1658.13	1672.45	1627.81	1671.87	22463792.00	23802955776
2017/05/12	1670.85	1685.05	1658.20	1678.52	19827870.00	21972256768
2017/05/15	1682.34	1693.08	1681.79	1682.84	17472634.00	20527839232
2017/05/16	1678.44	1723.41	1669.62	1723.34	23734118.00	27791034368
2017/05/17	1724.89	1737.54	1722.36	1729.94	27571858.00	30464286720
2017/05/18	1711.66	1732.10	1705.21	1711.49	23170932.00	27921129472
2017/05/19	1707.81	1714.53	1700.40	1712.30	17872092.00	19897942016
2017/05/22	1707.20	1714.88	1680.95	1684.96	20994920.00	22395518976
2017/05/23	1680.62	1685.58	1643.74	1644.33	21422436.00	23900575744
2017/05/24	1633.89	1664.55	1616.31	1664.23	19489124.00	21856690176
2017/05/25	1659.61	1678.09	1636.01	1671.04	23076678.00	26790979584
2017/05/26	1668.69	1687.53	1665.44	1666.01	21607216.00	25523374080
2017/05/31	1681.84	1687.09	1660.84	1661.93	19168928.00	23197943808
2017/06/01	1655.70	1657.44	1621.59	1622.34	19179064.00	21545179136
2017/06/02	1616.74	1646.70	1610.34	1644.37	17425000.00	19663593472
2017/06/05	1645.00	1663.96	1644.96	1659.19	15596032.00	19750447104
2017/06/06	1659.65	1667.94	1656.69	1666.71	14359003.00	17006563328
2017/06/07	1665.28	1701.06	1664.59	1700.00	23446108.00	27100119040
2017/06/08	1697.18	1701.52	1689.34	1695.60	20775406.00	25319821312
2017/06/09	1693.95	1696.42	1679.64	1694.12	18944408.00	22886477824
2017/06/12	1686.68	1690.19	1672.14	1673.85	18814688.00	23843246080
2017/06/13	1671.11	1697.18	1670.66	1695.39	16018463.00	19786106880
2017/06/14	1693.59	1699.39	1686.22	1689.19	16465358.00	20434714624
2017/06/15	1687.22	1706.82	1687.02	1702.04	15734621.00	19083868160
2017/06/16	1700.38	1706.95	1697.80	1703.63	16737469.00	19569846272
2017/06/19	1703.50	1713.39	1701.27	1713.33	13985037.00	17600104448
2017/06/20	1714.17	1731.22	1714.17	1723.10	20125228.00	24641572864
2017/06/21	1725.49	1729.52	1713.84	1726.94	17442172.00	20924479488
2017/06/22	1726.03	1729.35	1697.61	1697.74	18950648.00	22833459200
2017/06/23	1692.40	1702.30	1676.07	1702.19	16914024.00	19897499648
2017/06/26	1701.86	1727.48	1701.51	1727.45	17077140.00	22637352960
2017/06/27	1727.13	1735.15	1721.70	1727.00	14841908.00	19682725888
2017/06/28	1722.81	1722.94	1711.40	1714.74	12925117.00	15927387136
2017/06/29	1716.12	1723.76	1715.95	1719.14	12584489.00	15960326144
2017/06/30	1714.59	1723.78	1710.29	1723.39	13238448.00	16139184128
2017/07/03	1723.11	1738.39	1723.11	1738.35	15086667.00	19186128896
2017/07/04	1739.10	1741.12	1732.71	1737.20	14429658.00	18060935168
2017/07/05	1734.26	1745.07	1729.58	1745.01	15147162.00	18059436032
2017/07/06	1744.64	1755.79	1736.35	1751.14	19454564.00	23417438208
2017/07/07	1748.90	1756.51	1744.26	1756.32	16193950.00	19145175040
2017/07/10	1753.51	1753.73	1738.40	1743.35	17879460.00	21916590080
2017/07/11	1738.94	1740.65	1716.56	1717.72	15760143.00	18866894848
2017/07/12	1715.08	1722.08	1691.86	1718.19	15829227.00	18374658048
2017/07/13	1716.01	1720.92	1710.32	1713.90	14588561.00	17976582144
2017/07/14	1711.87	1711.87	1695.90	1700.75	15319808.00	19135031296
2017/07/17	1694.88	1694.91	1620.73	1621.79	21763712.00	24370077696
2017/07/18	1615.47	1629.03	1607.02	1628.92	12662633.00	14174188544
2017/07/19	1627.97	1656.07	1625.07	1655.90	16114193.00	17921374208
2017/07/20	1656.20	1675.81	1654.74	1667.90	16548251.00	18551214080
2017/07/21	1665.27	1678.86	1662.78	1674.27	16232151.00	18324758528
2017/07/24	1670.89	1682.32	1668.98	1678.47	16394414.00	18793670656
2017/07/25	1674.90	1678.62	1659.77	1668.78	16996646.00	17640628224
2017/07/26	1667.85	1672.25	1657.27	1668.04	17023268.00	18342598656
2017/07/27	1666.79	1686.77	1658.56	1685.25	17297872.00	19167213568
2017/07/28	1681.54	1695.35	1680.64	1689.32	16333420.00	18376665088
2017/07/31	1690.50	1703.62	1688.88	1703.39	19138516.00	22339072000
2017/08/01	1703.53	1707.86	1694.94	1706.25	19124048.00	22414952448
2017/08/02	1706.56	1710.92	1695.81	1696.71	21170692.00	23620022272
2017/08/03	1695.15	1711.49	1693.72	1699.16	18618276.00	20183369728
2017/08/04	1696.53	1698.07	1682.66	1682.69	17952258.00	19745839104
2017/08/07	1680.38	1697.78	1680.15	1697.62	13965008.00	14854686720
2017/08/08	1700.83	1703.65	1691.15	1696.49	15605666.00	17283903488
2017/08/09	1694.36	1702.61	1691.53	1701.73	15275115.00	17578196992
2017/08/10	1698.18	1701.25	1673.03	1684.11	15504040.00	17496436736
2017/08/11	1675.31	1685.05	1666.54	1668.80	17997768.00	20458534912
2017/08/14	1672.97	1706.51	1672.97	1706.51	20070536.00	23223369728
2017/08/15	1707.96	1715.66	1706.49	1715.56	20453044.00	22357110784
2017/08/16	1715.48	1724.53	1711.33	1722.34	18130370.00	20958302208
2017/08/17	1721.80	1736.18	1721.10	1734.90	20991386.00	22352932864
2017/08/18	1725.32	1738.04	1721.73	1730.78	18344740.00	21136228352
2017/08/21	1731.90	1740.41	1731.18	1740.27	15565709.00	17645475840
2017/08/22	1740.30	1743.20	1729.86	1733.93	18578516.00	20602937344
2017/08/23	1730.32	1737.90	1727.24	1729.68	15780285.00	18859894784
2017/08/24	1729.90	1735.81	1720.26	1724.77	15713565.00	18087006208
2017/08/25	1723.60	1740.07	1723.55	1738.07	14472652.00	16898244608
2017/08/28	1739.77	1762.14	1739.77	1758.67	18659164.00	22601807872
2017/08/29	1758.61	1763.00	1750.98	1755.39	16719333.00	20314638336
2017/08/30	1754.47	1759.28	1754.02	1756.58	15016702.00	17813057536
2017/08/31	1756.28	1761.67	1750.42	1761.54	17707888.00	19641245696
2017/09/01	1763.11	1769.00	1758.51	1768.30	19143664.00	22253723648
2017/09/04	1768.16	1784.58	1765.08	1784.58	21064088.00	26517544960
2017/09/05	1785.01	1788.19	1777.19	1786.29	18496516.00	22173954048
2017/09/06	1782.56	1799.58	1779.61	1799.58	19841356.00	23797217280
2017/09/07	1800.77	1806.46	1793.05	1793.72	20738072.00	25361004544
2017/09/08	1791.52	1799.53	1783.91	1793.05	17419660.00	21062076416
2017/09/11	1797.20	1822.47	1795.78	1822.29	23861788.00	29792436224
2017/09/12	1825.47	1851.39	1821.13	1824.56	34296536.00	42710470656
2017/09/13	1822.79	1839.55	1821.59	1839.47	24898666.00	30260809728
2017/09/14	1843.33	1849.53	1833.41	1842.45	26184180.00	31676096512
2017/09/15	1841.14	1845.15	1832.68	1838.21	22483264.00	27482767360
2017/09/18	1835.85	1860.02	1835.77	1859.90	20953426.00	27940519936
2017/09/19	1858.17	1863.84	1842.63	1849.77	19349904.00	26137952256
2017/09/20	1847.46	1860.56	1840.30	1860.39	21106192.00	28299755520
2017/09/21	1858.99	1861.68	1834.26	1834.53	19490248.00	25940631552
2017/09/22	1833.42	1835.94	1824.72	1831.57	18005968.00	23124822016
2017/09/25	1829.08	1832.14	1807.51	1809.62	16387210.00	21865879552
2017/09/26	1808.49	1814.67	1802.01	1812.85	13544312.00	18559021056
2017/09/27	1814.92	1833.86	1814.40	1832.01	16444870.00	23165767680
2017/09/28	1830.45	1837.23	1828.30	1830.34	15902701.00	22599219200
2017/09/29	1833.82	1845.09	1833.82	1845.03	17115828.00	23586574336
2017/10/09	1865.70	1869.94	1857.90	1866.18	18733656.00	27239526400
2017/10/10	1865.04	1865.61	1850.95	1863.65	18566680.00	26269681664
2017/10/11	1862.71	1862.71	1851.49	1854.60	17002228.00	22861977600
2017/10/12	1853.93	1856.61	1840.15	1849.45	14612747.00	21009563648
2017/10/13	1849.12	1883.55	1847.81	1881.71	20886504.00	30398976000
2017/10/16	1884.18	1884.18	1851.62	1853.11	19900368.00	28577939456
2017/10/17	1849.96	1865.15	1846.36	1855.72	14506020.00	21754384384
2017/10/18	1859.22	1873.70	1852.15	1856.55	17041016.00	26015807488
2017/10/19	1852.42	1854.83	1833.33	1837.87	15415973.00	21465788416
2017/10/20	1831.82	1855.17	1831.00	1855.14	11832669.00	17647951872
2017/10/23	1857.74	1874.49	1856.42	1874.49	14739462.00	22112595968
2017/10/24	1870.68	1870.72	1852.19	1866.32	12904755.00	19539671040
2017/10/25	1866.68	1882.59	1865.70	1882.33	12628383.00	19389945856
2017/10/26	1879.89	1893.24	1875.19	1886.59	17377336.00	26228766720
2017/10/27	1884.41	1886.83	1873.62	1875.14	14629643.00	20794587136
2017/10/30	1873.07	1877.65	1827.48	1844.52	19397356.00	26916562944
2017/10/31	1842.42	1859.79	1839.35	1859.73	14244685.00	20966205440
2017/11/01	1860.05	1869.82	1857.34	1858.82	16419841.00	23993837568
2017/11/02	1855.31	1855.36	1829.38	1833.44	17163012.00	23719344128
2017/11/03	1832.41	1840.33	1809.42	1820.34	17159316.00	23728996352
2017/11/06	1821.34	1841.33	1810.67	1841.16	14800695.00	22284804096
2017/11/07	1839.01	1848.33	1833.20	1848.09	16415549.00	23503192064
2017/11/08	1848.54	1864.96	1846.15	1857.63	17577438.00	25306165248
2017/11/09	1856.39	1873.12	1853.83	1873.12	15641330.00	22329495552
2017/11/10	1871.14	1899.81	1868.70	1898.06	23352954.00	34103574528
2017/11/13	1901.49	1916.24	1895.93	1916.08	23489988.00	35618390016
2017/11/14	1915.95	1918.61	1889.29	1894.57	22411430.00	34007752704
2017/11/15	1889.01	1889.83	1858.41	1866.65	20157964.00	30314989568
2017/11/16	1866.39	1874.71	1857.53	1871.88	17258026.00	26251274240
2017/11/17	1872.05	1872.75	1805.79	1806.30	23274888.00	33761396736
2017/11/20	1798.11	1829.05	1768.28	1828.62	17637970.00	27439493120
2017/11/21	1827.53	1844.33	1817.78	1831.34	19246432.00	32053579776
2017/11/22	1832.64	1841.10	1811.89	1827.44	19279730.00	30600712192
2017/11/23	1824.03	1824.03	1772.58	1772.58	19410792.00	28955842560
2017/11/24	1763.60	1780.60	1762.29	1771.76	14789096.00	22330376192
2017/11/27	1769.75	1772.78	1746.12	1748.52	13971579.00	21258053632
2017/11/28	1745.56	1773.40	1745.56	1773.35	11861010.00	17296158720
2017/11/29	1772.22	1773.68	1747.96	1768.65	14651695.00	21058498560
2017/11/30	1764.08	1766.24	1740.86	1745.43	12544693.00	18803259392
2017/12/01	1743.81	1769.11	1743.63	1767.15	12156693.00	18491334656
2017/12/04	1765.30	1769.85	1752.94	1755.41	12617130.00	18962606080
2017/12/05	1752.99	1756.22	1703.92	1713.54	16183699.00	22698399744
2017/12/06	1713.04	1731.40	1696.23	1731.20	13906367.00	21217894400
2017/12/07	1728.55	1741.00	1725.73	1729.70	12094161.00	16981467136
2017/12/08	1724.20	1749.21	1724.00	1744.56	12305133.00	17955526656
2017/12/11	1745.61	1763.45	1745.50	1763.26	12446121.00	19094769664
2017/12/12	1762.90	1762.90	1743.57	1743.57	11808162.00	17399633920
2017/12/13	1739.81	1758.82	1739.47	1758.63	12786817.00	17239580672
2017/12/14	1756.65	1761.43	1748.92	1759.83	12901682.00	17908393984
2017/12/15	1756.83	1757.76	1741.45	1747.21	14727407.00	18580951040
2017/12/18	1746.62	1752.38	1735.98	1740.42	11032037.00	14948147200
2017/12/19	1739.48	1754.00	1739.31	1753.87	11229994.00	15647950848
2017/12/20	1753.91	1754.49	1736.85	1740.34	11164609.00	16139620352
2017/12/21	1739.62	1757.99	1730.59	1753.78	13459957.00	20481906688
2017/12/22	1753.11	1764.32	1751.93	1757.08	12490580.00	19034726400
2017/12/25	1756.67	1757.85	1729.58	1731.86	13396623.00	18585544704
2017/12/26	1730.01	1743.16	1722.34	1743.05	11622297.00	16722643968
2017/12/27	1740.99	1742.30	1727.14	1728.36	13321240.00	20574879744
2017/12/28	1725.12	1736.11	1722.29	1727.77	12567208.00	17659975680
2017/12/29	1730.45	1740.22	1727.27	1739.44	10689295.00	15406505984
