'BY0'	布伦特原油	日线
日期	开盘	最高	最低	收盘	成交量	成交额	成交笔数
2012/11/19	109.24	109.51	109.19	109.44	918.00	0	0
2012/11/20	111.80	111.85	109.01	110.49	236654.00	0	314046
2012/11/21	110.49	111.46	109.55	111.10	192505.00	0	314046
2012/11/22	110.97	111.17	110.11	110.55	55283.00	0	296359
2012/11/23	110.47	111.54	110.10	111.38	103820.00	0	302556
2012/11/26	111.16	111.48	110.27	110.77	134462.00	0	296402
2012/11/27	111.00	111.36	109.31	110.00	177981.00	0	290809
2012/11/28	109.95	110.17	108.44	109.64	192860.00	0	282016
2012/11/29	109.70	111.30	109.45	110.42	254893.00	0	282016
2012/11/30	110.35	111.34	110.25	111.19	162848.00	0	273597
2012/12/03	110.96	112.33	110.60	110.88	195633.00	0	238468
2012/12/04	110.92	110.92	109.15	109.86	213906.00	0	224212
2012/12/05	109.87	110.57	108.64	108.82	184631.00	0	224212
2012/12/06	108.63	109.16	106.63	107.05	215243.00	0	201133
2012/12/07	107.05	107.89	106.66	107.23	181182.00	0	185021
2012/12/10	107.30	108.54	107.01	107.36	168547.00	0	163310
2012/12/11	107.45	108.37	107.09	108.20	160053.00	0	120878
2012/12/12	108.14	110.50	108.14	109.46	169419.00	0	96194
2012/12/13	107.95	108.13	106.38	106.50	188654.00	0	308779
2012/12/14	106.62	108.31	106.55	108.28	169485.00	0	313795
2012/12/17	108.30	108.50	107.58	108.12	128996.00	0	313795
2012/12/18	107.98	108.98	107.93	108.95	137261.00	0	310466
2012/12/19	108.90	110.48	108.74	110.21	162348.00	0	307938
2012/12/20	110.10	110.66	109.70	110.21	136503.00	0	313455
2012/12/21	110.20	110.28	108.66	109.15	132626.00	0	309362
2012/12/24	109.02	109.22	108.13	109.06	49454.00	0	301088
2012/12/26	109.15	111.52	109.00	111.18	74917.00	0	297397
2012/12/27	110.78	111.33	110.10	110.97	104672.00	0	297397
2012/12/28	111.24	111.38	109.83	110.47	117886.00	0	295547
2012/12/31	110.35	111.34	109.38	111.27	98644.00	0	275415
2013/01/02	111.50	112.90	111.27	112.57	182875.00	0	275415
2013/01/03	112.20	112.42	111.63	111.99	190094.00	0	253913
2013/01/04	111.72	111.78	110.38	111.38	191320.00	0	218806
2013/01/07	111.42	111.69	110.54	111.58	203454.00	0	218806
2013/01/08	111.42	112.47	111.12	112.06	193363.00	0	201097
2013/01/09	111.90	112.23	111.11	111.68	171865.00	0	169873
2013/01/10	111.68	113.29	111.60	111.77	196963.00	0	117104
2013/01/11	111.95	111.95	109.60	110.47	167983.00	0	98695
2013/01/14	110.62	112.07	110.31	111.96	110130.00	0	82042
2013/01/15	110.98	111.49	109.52	109.70	250037.00	0	312651
2013/01/16	109.76	110.35	109.33	109.81	203808.00	0	321830
2013/01/17	109.74	111.38	109.45	110.95	206264.00	0	321830
2013/01/18	111.10	111.97	110.47	111.66	182473.00	0	322465
2013/01/21	111.67	111.99	111.41	111.80	74581.00	0	315487
2013/01/22	111.71	112.65	111.35	112.40	207776.00	0	315654
2013/01/23	112.42	113.15	112.06	112.79	239710.00	0	306569
2013/01/24	112.76	113.65	112.40	113.40	211572.00	0	314069
2013/01/25	113.28	113.84	112.83	113.46	204350.00	0	314069
2013/01/28	113.45	113.80	112.60	113.52	171866.00	0	298910
2013/01/29	113.48	114.49	113.07	114.27	208840.00	0	298910
2013/01/30	114.28	115.24	114.07	115.03	200410.00	0	291606
2013/01/31	114.91	115.76	114.28	115.61	195454.00	0	285987
2013/02/01	115.77	117.07	115.40	116.50	245787.00	0	285987
2013/02/04	116.50	116.67	115.32	115.54	214939.00	0	272889
2013/02/05	115.47	117.23	115.01	116.57	226863.00	0	214929
2013/02/06	116.45	117.05	115.72	116.90	207673.00	0	214929
2013/02/07	116.90	117.83	116.71	117.53	242183.00	0	187007
2013/02/08	117.48	119.17	117.31	118.94	206458.00	0	166037
2013/02/11	118.90	119.07	117.54	118.13	141146.00	0	102346
2013/02/12	117.33	118.00	116.88	117.78	208108.00	0	323563
2013/02/13	117.75	118.27	117.37	117.88	224446.00	0	351849
2013/02/14	117.90	118.29	117.25	118.07	186849.00	0	351849
2013/02/15	117.96	118.11	116.28	117.96	216337.00	0	338145
2013/02/18	117.81	118.19	116.92	117.43	60361.00	0	338145
2013/02/19	117.48	117.60	116.55	117.26	134894.00	0	329755
2013/02/20	117.35	117.66	115.02	115.13	219167.00	0	323129
2013/02/21	115.20	115.31	113.32	113.74	248748.00	0	323129
2013/02/22	113.60	114.79	113.60	114.30	173495.00	0	304808
2013/02/25	114.19	115.87	113.31	113.54	190477.00	0	301393
2013/02/26	113.64	114.34	112.41	112.98	257120.00	0	301393
2013/02/27	112.80	113.35	111.65	111.88	219934.00	0	276782
2013/02/28	111.95	112.57	110.87	110.99	224340.00	0	272569
2013/03/01	110.90	111.36	109.82	110.68	251807.00	0	272569
2013/03/04	110.58	110.89	109.58	110.04	226760.00	0	273950
2013/03/05	110.10	111.90	110.10	111.90	233608.00	0	255980
2013/03/06	111.83	112.23	110.46	110.92	201749.00	0	239555
2013/03/07	111.08	111.40	110.41	110.84	213052.00	0	191415
2013/03/08	110.90	111.33	109.14	110.82	228919.00	0	191415
2013/03/11	110.67	110.72	109.53	110.22	164813.00	0	133571
2013/03/12	110.13	111.20	109.30	109.23	145998.00	0	133571
2013/03/13	109.28	109.50	107.66	108.24	284032.00	0	315558
2013/03/14	108.03	109.43	107.84	108.96	232446.00	0	320576
2013/03/15	109.32	110.53	109.02	109.82	186109.00	0	318605
2013/03/18	109.83	109.83	107.78	109.51	180911.00	0	303149
2013/03/19	109.41	109.54	107.25	107.45	226674.00	0	303149
2013/03/20	107.59	108.92	107.55	108.72	169059.00	0	294466
2013/03/21	108.48	108.75	107.08	107.47	190904.00	0	287717
2013/03/22	107.31	107.96	106.90	107.66	174337.00	0	287823
2013/03/25	106.86	109.07	106.80	108.17	199228.00	0	287823
2013/03/26	108.11	109.59	107.71	109.36	207397.00	0	273232
2013/03/27	109.40	109.98	108.85	109.69	217519.00	0	268278
2013/03/28	109.85	110.10	108.98	110.02	164952.00	0	254145
2013/03/29	110.02	110.02	110.02	110.02	0.00	0	254145
2013/04/01	110.15	111.33	109.38	111.08	102143.00	0	240679
2013/04/02	111.07	111.79	110.00	110.69	205635.00	0	235389
2013/04/03	110.28	110.43	106.78	107.11	304645.00	0	217344
2013/04/04	107.07	108.06	105.29	106.34	284409.00	0	217344
2013/04/05	106.49	106.65	103.62	104.12	273972.00	0	187862
2013/04/08	104.28	105.55	103.40	104.66	245677.00	0	160324
2013/04/09	104.78	106.50	104.27	106.23	173294.00	0	120452
2013/04/10	106.19	106.47	105.16	105.79	136064.00	0	107056
2013/04/11	105.50	105.94	103.70	104.27	116868.00	0	93516
2013/04/12	104.29	104.39	101.09	103.04	121486.00	0	93516
2013/04/15	102.94	103.05	99.12	100.63	303352.00	0	302335
2013/04/16	99.43	100.37	98.00	99.91	328741.00	0	297108
2013/04/17	100.11	100.46	97.26	97.69	292104.00	0	297108
2013/04/18	97.46	99.85	96.75	99.13	306939.00	0	285655
2013/04/19	99.54	100.33	99.04	99.65	175359.00	0	275889
2013/04/22	99.56	101.04	99.20	100.39	210037.00	0	265994
2013/04/23	100.56	100.59	98.78	100.31	242743.00	0	265994
2013/04/24	100.34	101.99	100.22	101.73	203989.00	0	268943
2013/04/25	101.80	103.49	101.35	103.41	280394.00	0	264241
2013/04/26	103.20	103.48	102.25	103.16	196476.00	0	264241
2013/04/29	102.79	103.94	102.57	103.81	200112.00	0	264390
2013/04/30	103.78	104.00	101.48	102.37	253917.00	0	257776
2013/05/01	101.82	102.33	98.76	99.95	267096.00	0	257776
2013/05/02	99.82	102.98	99.51	102.85	287641.00	0	267580
2013/05/03	102.80	104.92	102.37	104.19	257172.00	0	242171
2013/05/06	104.25	105.54	103.89	105.46	135028.00	0	242171
2013/05/07	105.40	105.94	104.00	104.40	264560.00	0	214820
2013/05/08	104.11	104.80	103.53	104.34	229317.00	0	187952
2013/05/09	104.44	104.60	103.45	104.47	197071.00	0	172981
2013/05/10	104.35	104.45	101.56	103.91	215453.00	0	143169
2013/05/13	103.26	103.86	102.25	102.82	173547.00	0	143169
2013/05/14	102.64	102.90	101.91	102.51	160028.00	0	278279
2013/05/15	102.58	103.65	100.91	103.50	321368.00	0	277083
2013/05/16	103.60	104.28	102.74	103.78	257689.00	0	277083
2013/05/17	103.87	104.87	103.35	104.64	193728.00	0	303423
2013/05/20	104.75	105.31	103.83	104.80	164956.00	0	307784
2013/05/21	104.78	105.15	103.51	103.91	179064.00	0	302964
2013/05/22	103.52	103.79	102.22	102.60	207404.00	0	296999
2013/05/23	102.25	102.68	100.64	102.44	230369.00	0	289477
2013/05/24	102.55	102.79	101.65	102.64	136626.00	0	281852
2013/05/27	102.52	102.65	102.10	102.62	21116.00	0	267598
2013/05/28	102.51	104.69	102.48	104.23	195121.00	0	267598
2013/05/29	104.32	104.37	102.17	102.43	209649.00	0	267159
2013/05/30	102.40	102.85	101.08	102.19	232906.00	0	247909
2013/05/31	102.12	102.38	100.03	100.39	215264.00	0	237965
2013/06/03	100.15	102.48	99.66	102.06	255705.00	0	225702
2013/06/04	102.02	103.58	101.47	103.24	300888.00	0	216490
2013/06/05	103.47	104.07	102.85	103.04	202935.00	0	185583
2013/06/06	102.94	103.95	102.81	103.61	173414.00	0	164787
2013/06/07	104.09	105.01	102.89	104.56	234177.00	0	150157
2013/06/10	104.56	104.76	103.66	103.95	159649.00	0	150157
2013/06/11	103.89	103.89	101.82	102.97	156131.00	0	130762
2013/06/12	102.50	104.18	102.25	103.56	242406.00	0	302595
2013/06/13	103.47	105.13	102.78	104.95	216421.00	0	321071
2013/06/14	104.95	106.64	104.46	105.93	197137.00	0	323327
2013/06/17	105.77	106.67	105.28	105.47	160180.00	0	323327
2013/06/18	105.52	106.24	105.11	106.02	150874.00	0	309624
2013/06/19	106.10	106.59	105.45	106.12	164857.00	0	309101
2013/06/20	105.62	105.62	101.75	102.15	301240.00	0	309101
2013/06/21	102.10	103.09	100.04	100.91	263368.00	0	290461
2013/06/24	100.61	101.64	99.67	101.16	254191.00	0	278185
2013/06/25	101.00	102.08	100.70	101.26	182087.00	0	274513
2013/06/26	101.10	101.89	100.25	101.66	195232.00	0	273394
2013/06/27	101.66	103.34	101.66	102.82	190609.00	0	266183
2013/06/28	102.76	103.44	101.87	102.16	230242.00	0	261113
2013/07/01	101.90	103.71	101.63	103.00	230907.00	0	254137
2013/07/02	102.92	104.12	102.91	104.00	186519.00	0	238429
2013/07/03	104.18	106.03	104.18	105.76	258388.00	0	228641
2013/07/04	105.85	105.99	104.91	105.54	81372.00	0	217893
2013/07/05	105.54	107.88	105.38	107.72	233329.00	0	211530
2013/07/08	108.00	108.04	106.79	107.43	185816.00	0	211530
2013/07/09	107.27	108.26	106.85	107.81	163664.00	0	195160
2013/07/10	108.12	108.69	107.71	108.51	199653.00	0	172038
2013/07/11	108.24	108.93	107.02	107.73	184692.00	0	152045
2013/07/12	107.33	109.14	107.28	107.93	127808.00	0	101332
2013/07/15	107.97	108.27	107.11	108.08	218923.00	0	308569
2013/07/16	108.03	108.68	107.68	108.14	225782.00	0	310674
2013/07/17	107.90	108.74	107.30	108.61	183572.00	0	306199
2013/07/18	108.63	108.87	108.03	108.70	196437.00	0	306199
2013/07/19	108.73	109.18	107.01	108.07	212190.00	0	308995
2013/07/22	108.30	108.68	107.55	108.15	198418.00	0	308995
2013/07/23	108.30	108.63	107.56	108.42	190199.00	0	305723
2013/07/24	108.44	108.60	106.25	107.19	197799.00	0	288092
2013/07/25	107.11	107.87	106.54	107.65	176110.00	0	275464
2013/07/26	107.59	107.79	106.53	107.17	119899.00	0	274321
2013/07/29	107.19	107.89	106.60	107.45	178933.00	0	266899
2013/07/30	107.45	107.56	106.54	106.91	159992.00	0	265865
2013/07/31	106.84	107.95	105.73	107.70	222565.00	0	265865
2013/08/01	107.81	109.64	107.52	109.54	234843.00	0	240860
2013/08/02	109.52	110.09	108.38	108.95	160693.00	0	233653
2013/08/05	109.09	109.44	107.55	108.70	168821.00	0	220315
2013/08/06	108.74	109.23	107.46	108.18	229160.00	0	220315
2013/08/07	108.07	108.16	107.07	107.44	208428.00	0	195181
2013/08/08	107.39	107.86	105.85	106.68	175726.00	0	171573
2013/08/09	106.81	108.32	106.60	108.22	148405.00	0	141394
2013/08/12	108.08	109.13	107.43	108.97	147830.00	0	0
2013/08/13	109.08	110.06	108.95	108.48	112230.00	0	119894
2013/08/14	108.39	108.98	107.78	108.82	214660.00	0	305261
2013/08/15	108.90	110.05	108.90	109.60	223858.00	0	305261
2013/08/16	109.42	110.70	109.17	110.40	195808.00	0	311677
2013/08/19	110.53	111.00	109.59	109.90	187980.00	0	307799
2013/08/20	109.67	110.73	108.61	110.15	233187.00	0	297118
2013/08/21	110.11	110.28	109.23	109.81	195767.00	0	297588
2013/08/22	109.70	110.15	109.40	109.90	154987.00	0	297588
2013/08/23	109.90	111.23	109.77	111.04	219413.00	0	283114
2013/08/26	111.15	111.68	110.50	110.73	92717.00	0	273700
2013/08/27	111.16	115.29	110.73	114.36	288712.00	0	271624
2013/08/28	115.30	117.34	114.81	116.61	286084.00	0	267732
2013/08/29	115.86	117.04	114.18	115.16	248523.00	0	262431
2013/08/30	114.20	115.53	113.63	114.01	245056.00	0	243608
2013/09/02	114.00	114.57	112.20	114.33	90951.00	0	234075
2013/09/03	114.45	116.00	114.06	115.68	234727.00	0	229330
2013/09/04	115.65	116.09	114.40	114.91	209651.00	0	229330
2013/09/05	114.95	115.55	114.29	115.26	151292.00	0	187710
2013/09/06	115.35	116.56	115.02	116.12	168830.00	0	187710
2013/09/09	115.93	116.18	113.00	113.72	200571.00	0	158258
2013/09/10	113.00	113.55	110.59	111.25	176155.00	0	126562
2013/09/11	111.52	112.49	111.02	110.19	109342.00	0	126562
2013/09/12	110.39	111.96	110.00	111.53	265135.00	0	293500
2013/09/13	111.80	111.88	110.55	111.70	199179.00	0	293295
2013/09/16	110.71	111.49	108.73	110.07	249444.00	0	0
2013/09/17	109.50	110.00	107.41	108.19	214347.00	0	290042
2013/09/18	107.85	111.06	107.64	110.60	200660.00	0	0
2013/09/19	110.92	111.26	108.52	108.82	201583.00	0	0
2013/09/20	108.62	109.67	108.40	109.22	160650.00	0	271246
2013/09/23	109.40	109.45	107.76	108.16	169114.00	0	261475
2013/09/24	107.96	108.90	107.43	108.64	197976.00	0	250303
2013/09/25	108.73	110.09	107.89	108.32	211604.00	0	241359
2013/09/26	108.00	109.26	108.00	109.21	143124.00	0	238532
2013/09/27	109.00	109.67	108.10	108.43	190351.00	0	236399
2013/09/30	107.99	108.68	107.22	108.37	149040.00	0	0
2013/10/01	108.38	108.41	106.81	107.94	189676.00	0	226363
2013/10/02	107.55	109.48	107.44	109.08	177150.00	0	210374
2013/10/03	108.90	109.85	108.58	108.67	212252.00	0	197629
2013/10/04	108.69	109.77	108.61	109.46	144473.00	0	199548
2013/10/07	109.23	110.17	107.89	109.68	227735.00	0	188051
2013/10/08	109.64	110.80	109.38	110.16	163852.00	0	175052
2013/10/09	110.16	110.25	108.12	109.06	171135.00	0	160959
2013/10/10	109.04	112.00	108.92	111.66	212356.00	0	142774
2013/10/11	111.65	111.85	110.51	111.28	141366.00	0	133966
2013/10/14	110.88	111.41	109.87	111.04	106790.00	0	0
2013/10/15	110.31	110.48	108.84	109.42	223343.00	0	344897
2013/10/16	109.20	111.30	109.05	110.59	249819.00	0	363153
2013/10/17	110.57	110.66	108.71	109.11	233728.00	0	368484
2013/10/18	109.13	110.24	108.95	109.94	181537.00	0	355004
2013/10/21	110.05	110.19	109.21	109.64	190114.00	0	0
2013/10/22	109.76	110.94	109.57	109.97	238663.00	0	0
2013/10/23	109.99	110.06	107.35	107.80	324607.00	0	318298
2013/10/24	107.65	108.26	106.90	106.99	242315.00	0	304087
2013/10/25	107.09	107.39	106.27	106.93	212270.00	0	300358
2013/10/28	107.00	109.68	106.85	109.61	266177.00	0	292056
2013/10/29	109.19	109.46	108.45	109.01	185003.00	0	0
2013/10/30	108.71	110.16	108.59	109.86	234595.00	0	275087
2013/10/31	109.83	109.87	108.55	108.84	238843.00	0	267501
2013/11/01	108.95	109.41	105.78	105.91	298562.00	0	251730
2013/11/04	105.86	106.58	105.13	106.09	230569.00	0	229875
2013/11/05	106.25	106.53	105.19	105.63	186497.00	0	209907
2013/11/06	105.64	106.41	104.86	104.92	243668.00	0	197412
2013/11/07	105.00	105.21	103.24	103.53	290892.00	0	0
2013/11/08	103.53	105.38	102.98	105.06	242671.00	0	156569
2013/11/11	105.55	106.53	105.15	106.48	172578.00	0	130192
2013/11/12	106.40	107.38	105.51	106.13	156455.00	0	94258
2013/11/13	106.00	107.18	105.58	106.88	288224.00	0	308882
2013/11/14	106.83	108.95	106.83	108.27	308066.00	0	0
2013/11/15	108.38	108.65	107.69	108.39	198593.00	0	321250
2013/11/18	108.72	108.73	107.53	108.30	185458.00	0	324650
2013/11/19	108.30	108.63	106.81	107.06	224364.00	0	325963
2013/11/20	107.20	108.38	106.51	107.80	220153.00	0	0
2013/11/21	107.76	110.25	107.62	110.13	253920.00	0	307828
2013/11/22	110.07	111.40	109.65	110.61	275949.00	0	304599
2013/11/25	108.76	111.66	108.05	111.01	278754.00	0	296071
2013/11/26	111.08	111.49	110.41	111.03	199695.00	0	0
2013/11/27	111.00	111.65	110.51	111.50	193664.00	0	279823
2013/11/28	111.40	111.55	110.61	110.86	61684.00	0	270846
2013/11/29	111.04	111.50	109.62	110.11	126876.00	0	269238
2013/12/02	110.25	112.34	109.28	111.47	266948.00	0	262133
2013/12/03	111.53	112.93	111.04	112.67	217431.00	0	241248
2013/12/04	112.91	113.02	111.46	111.52	235242.00	0	0
2013/12/05	111.65	112.23	110.76	111.16	191768.00	0	214673
2013/12/06	111.07	112.06	110.94	111.60	155462.00	0	200969
2013/12/09	111.60	111.79	109.00	109.39	202959.00	0	0
2013/12/10	109.31	110.45	108.55	109.38	230617.00	0	0
2013/12/11	109.45	109.89	108.62	109.70	158720.00	0	0
2013/12/12	109.52	109.98	108.44	108.67	128305.00	0	0
2013/12/13	108.53	109.00	108.02	108.82	97940.00	0	0
2013/12/16	108.96	110.40	108.53	109.41	209567.00	0	0
2013/12/17	109.20	109.41	108.20	108.44	149781.00	0	0
2013/12/18	108.33	109.73	107.80	109.63	187950.00	0	0
2013/12/19	109.25	110.53	109.14	110.29	159785.00	0	0
2013/12/20	110.09	111.89	109.87	111.84	169425.00	0	0
2013/12/23	111.55	111.93	111.27	111.56	103720.00	0	0
2013/12/24	111.61	112.06	111.42	111.90	52160.00	0	0
2013/12/26	111.99	112.12	111.46	111.98	43620.00	0	0
2013/12/27	111.95	112.80	111.50	112.11	126905.00	0	0
2013/12/30	112.31	112.64	110.90	111.21	111066.00	0	0
2013/12/31	111.18	111.52	110.40	110.80	84991.00	0	0
2014/01/02	111.00	111.35	107.65	107.78	200650.00	0	0
2014/01/03	107.88	108.64	106.79	107.07	191009.00	0	0
2014/01/06	107.03	107.96	106.58	106.73	181818.00	0	0
2014/01/07	107.03	107.72	106.88	107.35	188198.00	0	0
2014/01/08	107.49	107.95	107.00	107.15	185540.00	0	0
2014/01/09	107.35	108.20	106.12	106.39	175368.00	0	0
2014/01/10	106.44	107.58	106.03	107.55	198478.00	0	0
2014/01/13	107.60	107.64	106.36	106.75	151795.00	0	0
2014/01/14	106.62	107.14	106.06	105.60	111259.00	0	0
2014/01/15	105.27	106.72	105.06	106.27	245750.00	0	0
2014/01/16	106.11	106.40	105.46	105.75	231422.00	0	0
2014/01/17	105.55	106.95	105.44	106.32	198386.00	0	0
2014/01/20	106.28	106.65	105.81	106.35	103661.00	0	0
2014/01/21	106.35	108.00	106.28	106.73	254312.00	0	0
2014/01/22	106.90	108.33	106.78	108.27	184004.00	0	0
2014/01/23	108.14	108.28	107.37	107.58	241803.00	0	0
2014/01/24	107.58	108.03	106.23	107.88	244555.00	0	0
2014/01/27	107.95	108.09	106.45	106.69	203299.00	0	0
2014/01/28	106.86	107.79	106.76	107.41	188297.00	0	0
2014/01/29	107.36	108.05	106.93	107.85	207314.00	0	0
2014/01/30	107.85	108.40	107.65	107.95	188726.00	0	0
2014/01/31	107.75	107.94	106.31	106.41	231243.00	0	0
2014/02/03	106.15	106.72	105.40	106.04	264699.00	0	0
2014/02/04	105.85	106.23	105.49	105.78	186442.00	0	0
2014/02/05	106.09	106.44	105.58	106.25	193777.00	0	0
2014/02/06	107.09	107.48	106.15	107.19	205076.00	0	0
2014/02/07	107.32	109.74	106.88	109.54	215616.00	0	0
2014/02/10	109.68	109.75	108.40	108.63	162655.00	0	0
2014/02/11	108.52	109.24	108.47	108.68	137264.00	0	0
2014/02/12	108.24	109.00	108.07	108.35	249899.00	0	0
2014/02/13	108.20	108.74	107.64	108.52	218962.00	0	0
2014/02/14	108.58	109.25	107.85	109.08	146738.00	0	0
2014/02/17	109.36	109.40	108.64	109.18	56862.00	0	0
2014/02/18	109.07	110.70	108.84	110.46	150349.00	0	0
2014/02/19	110.55	110.82	110.02	110.47	163342.00	0	0
2014/02/20	110.39	110.49	109.58	110.30	151209.00	0	0
2014/02/21	110.50	110.50	109.35	109.83	154855.00	0	0
2014/02/24	110.12	110.77	109.50	110.64	202524.00	0	0
2014/02/25	110.64	110.64	109.42	109.51	198153.00	0	0
2014/02/26	109.56	109.97	109.20	109.52	186710.00	0	0
2014/02/27	109.41	109.45	108.65	108.96	192908.00	0	0
2014/02/28	108.85	109.34	108.40	109.09	189486.00	0	0
2014/03/03	111.03	112.39	109.26	111.20	291294.00	0	0
2014/03/04	111.16	111.32	109.00	109.30	218495.00	0	0
2014/03/05	109.17	109.36	107.55	107.76	220176.00	0	0
2014/03/06	107.66	108.54	107.37	108.10	228722.00	0	0
2014/03/07	108.30	109.09	107.82	108.77	172017.00	0	0
2014/03/10	108.71	108.85	107.75	108.08	149339.00	0	0
2014/03/11	107.89	108.70	107.83	108.55	146828.00	0	0
2014/03/12	108.32	108.55	107.61	108.02	159230.00	0	0
2014/03/13	107.53	107.79	106.50	106.92	228723.00	0	0
2014/03/14	106.76	108.50	106.75	108.21	221700.00	0	0
2014/03/17	108.38	108.60	106.16	106.24	166228.00	0	0
2014/03/18	106.40	106.85	105.85	106.79	170581.00	0	0
2014/03/19	106.63	106.87	105.71	105.85	188478.00	0	0
2014/03/20	105.80	106.75	105.41	106.45	205209.00	0	0
2014/03/21	106.29	107.77	106.01	106.92	167796.00	0	0
2014/03/24	106.85	107.50	106.45	106.81	142787.00	0	0
2014/03/25	106.52	107.48	106.44	106.99	167091.00	0	0
2014/03/26	106.99	107.35	106.48	107.03	166382.00	0	0
2014/03/27	106.93	107.99	106.77	107.83	184833.00	0	0
2014/03/28	107.75	108.39	107.62	108.07	140345.00	0	0
2014/03/31	107.95	108.33	107.05	107.76	145633.00	0	0
2014/04/01	107.66	107.80	105.10	105.62	195027.00	0	0
2014/04/02	105.32	105.85	103.95	104.79	271596.00	0	0
2014/04/03	104.59	106.32	104.45	106.15	220535.00	0	0
2014/04/04	106.17	107.04	106.10	106.72	184065.00	0	0
2014/04/07	106.20	106.63	105.13	105.82	215199.00	0	0
2014/04/08	105.97	107.85	105.78	107.67	193353.00	0	0
2014/04/09	107.50	108.14	107.12	107.98	144718.00	0	0
2014/04/10	107.90	107.92	107.26	107.46	124823.00	0	0
2014/04/11	107.35	107.87	106.98	107.33	105397.00	0	0
2014/04/14	107.80	109.14	107.23	108.96	291108.00	0	0
2014/04/15	108.83	109.75	108.33	109.36	234240.00	0	0
2014/04/16	109.43	110.36	109.00	109.60	229347.00	0	0
2014/04/17	109.60	110.19	109.08	109.53	163984.00	0	0
2014/04/21	109.72	110.05	108.89	109.95	71867.00	0	0
2014/04/22	109.94	109.99	108.53	109.27	201015.00	0	0
2014/04/23	109.50	109.54	108.60	109.11	181744.00	0	0
2014/04/24	109.22	110.65	109.07	110.33	215429.00	0	0
2014/04/25	110.33	110.63	109.25	109.58	216211.00	0	0
2014/04/28	109.77	110.20	107.86	108.12	246466.00	0	0
2014/04/29	108.13	109.37	108.00	108.98	206498.00	0	0
2014/04/30	108.80	108.80	107.55	108.07	213548.00	0	0
2014/05/01	108.08	108.12	106.85	107.76	186875.00	0	0
2014/05/02	107.72	108.99	107.60	108.90	215125.00	0	0
2014/05/05	108.55	108.92	107.05	107.72	139524.00	0	0
2014/05/06	107.53	108.21	106.97	107.06	194541.00	0	0
2014/05/07	107.17	108.25	106.96	108.13	217128.00	0	0
2014/05/08	108.07	108.15	107.38	108.04	163877.00	0	0
2014/05/09	108.08	109.02	107.64	107.89	179226.00	0	0
2014/05/12	108.02	108.77	107.94	108.41	145648.00	0	0
2014/05/13	108.37	109.46	108.05	109.24	130629.00	0	0
2014/05/14	108.65	109.55	108.63	109.31	258580.00	0	0
2014/05/15	109.31	109.65	108.83	109.09	222800.00	0	0
2014/05/16	108.96	110.05	108.88	109.75	229928.00	0	0
2014/05/19	109.82	110.33	109.30	109.37	171705.00	0	0
2014/05/20	109.33	110.00	109.10	109.69	172778.00	0	0
2014/05/21	109.76	110.73	109.70	110.55	219999.00	0	0
2014/05/22	110.49	111.04	110.17	110.36	200093.00	0	0
2014/05/23	110.38	110.70	110.25	110.54	143657.00	0	0
2014/05/26	110.44	110.55	109.75	110.32	29309.00	0	0
2014/05/27	110.35	110.80	109.71	110.02	173396.00	0	0
2014/05/28	110.22	110.40	109.41	109.81	175307.00	0	0
2014/05/29	109.89	110.46	109.72	109.97	174684.00	0	0
2014/05/30	110.02	110.13	109.22	109.41	175046.00	0	0
2014/06/02	109.70	109.87	108.62	108.83	194247.00	0	0
2014/06/03	108.80	108.98	108.32	108.82	177672.00	0	0
2014/06/04	108.89	109.50	108.07	108.40	211086.00	0	0
2014/06/05	108.13	108.96	107.77	108.79	193325.00	0	0
2014/06/06	108.85	109.31	108.46	108.61	154946.00	0	0
2014/06/09	108.60	110.16	108.55	109.99	189210.00	0	0
2014/06/10	109.95	110.32	109.10	109.52	214916.00	0	0
2014/06/11	109.61	110.25	109.44	109.95	131570.00	0	0
2014/06/12	109.34	112.75	109.34	112.42	378463.00	0	0
2014/06/13	112.80	114.07	112.00	112.46	292966.00	0	0
2014/06/16	113.10	113.28	112.33	112.94	175895.00	0	0
2014/06/17	112.97	113.80	112.16	113.45	240512.00	0	0
2014/06/18	113.46	114.54	113.05	114.26	240752.00	0	0
2014/06/19	114.22	115.71	114.15	115.06	250241.00	0	0
2014/06/20	114.92	115.11	114.43	114.81	198837.00	0	0
2014/06/23	115.09	115.66	113.86	113.97	220720.00	0	0
2014/06/24	113.90	114.83	113.55	114.13	230482.00	0	0
2014/06/25	114.31	114.65	113.23	114.00	211904.00	0	0
2014/06/26	114.24	114.29	113.00	113.21	180862.00	0	0
2014/06/27	113.07	113.71	112.90	113.30	135705.00	0	0
2014/06/30	113.05	113.30	112.16	112.36	221842.00	0	0
2014/07/01	112.50	112.83	111.85	112.29	229188.00	0	0
2014/07/02	112.19	112.42	110.92	111.24	269764.00	0	0
2014/07/03	111.00	111.17	110.53	111.00	218983.00	0	0
2014/07/04	111.05	111.29	110.56	110.64	71846.00	0	0
2014/07/07	110.56	110.92	109.88	110.24	152507.00	0	0
2014/07/08	110.00	110.16	108.69	108.94	232726.00	0	0
2014/07/09	108.97	109.00	108.12	108.28	173181.00	0	0
2014/07/10	108.15	108.88	107.76	108.67	152465.00	0	0
2014/07/11	108.58	108.74	106.27	106.66	171039.00	0	0
2014/07/14	106.67	107.50	106.21	106.98	99201.00	0	0
2014/07/15	107.51	107.69	105.59	106.88	385016.00	0	0
2014/07/16	106.81	107.96	106.75	107.17	304942.00	0	0
2014/07/17	107.13	108.60	106.80	107.89	296510.00	0	0
2014/07/18	108.50	108.62	106.94	107.24	210875.00	0	0
2014/07/21	106.97	107.87	106.79	107.68	211696.00	0	0
2014/07/22	107.80	108.40	106.83	107.33	183102.00	0	0
2014/07/23	106.87	108.25	106.87	108.03	207150.00	0	0
2014/07/24	108.15	108.21	106.83	107.07	179569.00	0	0
2014/07/25	107.20	108.46	106.73	108.39	253169.00	0	0
2014/07/28	108.25	108.38	107.01	107.57	139522.00	0	0
2014/07/29	107.46	108.05	107.13	107.72	176637.00	0	0
2014/07/30	107.50	107.86	105.84	106.51	218384.00	0	0
2014/07/31	106.06	106.59	105.41	106.02	234552.00	0	0
2014/08/01	105.60	106.12	104.39	104.84	216356.00	0	0
2014/08/04	104.70	105.71	104.52	105.41	207791.00	0	0
2014/08/05	105.50	105.65	104.07	104.61	209177.00	0	0
2014/08/06	104.88	105.44	104.54	104.59	204924.00	0	0
2014/08/07	104.64	105.92	104.16	105.44	189819.00	0	0
2014/08/08	105.67	106.85	104.67	105.02	203739.00	0	0
2014/08/11	104.95	105.43	104.35	104.68	143613.00	0	0
2014/08/12	104.50	104.61	102.65	103.02	139912.00	0	0
2014/08/13	103.73	105.13	103.26	105.06	312682.00	0	0
2014/08/14	104.90	105.09	101.91	102.07	301852.00	0	0
2014/08/15	102.05	103.76	102.05	103.53	199628.00	0	0
2014/08/18	103.00	103.30	101.11	101.60	181097.00	0	0
2014/08/19	101.62	102.07	101.07	101.56	177096.00	0	0
2014/08/20	101.50	102.37	101.44	102.28	166194.00	0	0
2014/08/21	102.14	102.79	101.21	102.63	179611.00	0	0
2014/08/22	102.67	102.83	102.00	102.29	132505.00	0	0
2014/08/25	101.97	102.82	101.65	102.65	82942.00	0	0
2014/08/26	102.71	103.40	102.35	102.50	149825.00	0	0
2014/08/27	102.42	103.07	102.05	102.72	146234.00	0	0
2014/08/28	102.54	103.20	102.25	102.46	184780.00	0	0
2014/08/29	102.51	103.30	102.49	103.19	169325.00	0	0
2014/09/01	103.10	103.30	102.56	102.60	73330.00	0	0
2014/09/02	102.64	102.86	100.17	100.34	243851.00	0	0
2014/09/03	100.40	103.13	100.40	102.77	233643.00	0	0
2014/09/04	102.41	102.95	101.70	101.83	218441.00	0	0
2014/09/05	101.87	102.44	100.35	100.82	202144.00	0	0
2014/09/08	100.88	101.00	99.36	100.20	197607.00	0	0
2014/09/09	100.20	100.62	99.03	99.16	172503.00	0	0
2014/09/10	99.35	99.47	97.60	98.04	203275.00	0	0
2014/09/11	98.12	98.49	96.72	98.08	144789.00	0	0
2014/09/12	98.25	98.80	96.83	97.11	103485.00	0	0
2014/09/15	97.58	98.40	97.02	97.88	193491.00	0	0
2014/09/16	97.96	99.45	97.44	99.05	199768.00	0	0
2014/09/17	98.95	99.61	98.51	98.97	190165.00	0	0
2014/09/18	98.69	99.14	97.42	97.70	193584.00	0	0
2014/09/19	97.60	97.60	97.60	97.60	193585.00	0	0
2014/09/22	98.12	98.50	96.38	96.97	171138.00	0	0
2014/09/23	96.91	97.59	96.55	96.85	192360.00	0	0
2014/09/24	96.89	97.33	95.60	96.95	216742.00	0	0
2014/09/25	97.03	97.56	96.22	97.00	190331.00	0	0
2014/09/26	97.11	97.50	96.46	97.00	165598.00	0	0
2014/09/29	96.75	97.34	96.27	97.20	170225.00	0	0
2014/09/30	97.15	97.80	94.24	94.67	261952.00	0	0
2014/10/01	94.77	96.23	93.78	94.16	247985.00	0	0
2014/10/02	94.30	94.37	91.55	93.42	285902.00	0	0
2014/10/03	93.75	94.06	91.48	92.31	239603.00	0	0
2014/10/06	91.82	93.21	91.25	92.79	203600.00	0	0
2014/10/07	92.81	92.99	91.40	92.11	222631.00	0	0
2014/10/08	91.89	91.89	90.57	91.38	207633.00	0	0
2014/10/09	91.62	91.85	88.42	90.05	216473.00	0	0
2014/10/10	89.10	90.49	88.11	90.21	197676.00	0	0
2014/10/13	88.76	90.18	87.74	88.89	146533.00	0	0
2014/10/14	88.23	88.74	84.48	85.04	141657.00	0	0
2014/10/15	85.96	86.02	83.38	84.12	434885.00	0	0
2014/10/16	83.36	88.00	82.93	85.82	430684.00	0	0
2014/10/17	86.50	87.34	85.49	86.16	280473.00	0	0
2014/10/20	86.63	86.70	84.41	85.40	247595.00	0	0
2014/10/21	85.13	86.49	85.10	86.22	258394.00	0	0
2014/10/22	86.46	87.07	84.47	84.71	264812.00	0	0
2014/10/23	84.71	87.19	84.12	86.83	306978.00	0	0
2014/10/24	86.78	86.78	85.29	86.13	208221.00	0	0
2014/10/27	85.92	86.25	84.55	85.83	228442.00	0	0
2014/10/28	85.35	86.38	85.08	86.03	198863.00	0	0
2014/10/29	86.11	87.94	86.06	87.12	243834.00	0	0
2014/10/30	86.86	87.10	85.71	86.24	191876.00	0	0
2014/10/31	86.08	86.25	84.60	85.86	225370.00	0	0
2014/11/03	85.88	86.40	84.01	84.78	248166.00	0	0
2014/11/04	84.21	84.43	82.08	82.82	313674.00	0	0
2014/11/05	82.78	84.45	81.63	82.95	364449.00	0	0
2014/11/06	83.10	83.27	82.05	82.86	224783.00	0	0
2014/11/07	82.67	83.86	82.16	83.00	195392.00	0	0
2014/11/10	83.66	84.97	81.88	82.34	219905.00	0	0
2014/11/11	82.13	82.38	80.46	81.67	213423.00	0	0
2014/11/12	82.00	82.40	80.50	81.12	269319.00	0	0
2014/11/13	80.72	81.01	77.29	77.73	347461.00	0	0
2014/11/14	77.67	79.75	76.76	79.55	267250.00	0	0
2014/11/17	79.40	79.60	77.94	79.31	189076.00	0	0
2014/11/18	79.01	79.95	78.21	78.47	209549.00	0	0
2014/11/19	78.41	79.45	78.04	78.10	247154.00	0	0
2014/11/20	78.16	79.95	77.56	79.33	206376.00	0	0
2014/11/21	79.95	81.61	79.07	80.59	264585.00	0	0
2014/11/24	80.46	80.85	79.40	79.68	151150.00	0	0
2014/11/25	79.45	80.44	78.05	78.33	256827.00	0	0
2014/11/26	78.28	78.86	77.30	77.75	202194.00	0	0
2014/11/27	77.40	77.46	71.25	72.82	244648.00	0	0
2014/11/28	72.58	73.41	69.78	70.02	262029.00	0	0
2014/12/01	68.32	73.02	67.53	72.54	369850.00	0	0
2014/12/02	72.54	72.54	72.54	72.54	369868.00	0	0
2014/12/03	70.95	71.46	69.50	69.92	244860.00	0	0
2014/12/04	70.15	70.60	68.81	69.64	190550.00	0	0
2014/12/05	69.53	69.82	68.10	68.61	195980.00	0	0
2014/12/08	67.95	68.79	65.93	66.19	191666.00	0	0
2014/12/09	66.00	67.04	65.29	66.84	190516.00	0	0
2014/12/10	66.25	66.36	63.56	64.24	249642.00	0	0
2014/12/11	64.47	65.13	63.05	63.68	185627.00	0	0
2014/12/12	63.01	63.66	61.35	61.47	153875.00	0	0
2014/12/15	61.06	63.48	60.40	61.21	258141.00	0	0
2014/12/16	60.87	61.25	58.50	60.01	351493.00	0	0
2014/12/17	60.01	60.01	60.01	60.01	351497.00	0	0
2014/12/18	60.94	63.70	59.17	59.27	294885.00	0	0
2014/12/19	59.85	62.66	59.05	62.00	221969.00	0	0
2014/12/22	61.58	62.97	59.84	60.11	195794.00	0	0
2014/12/23	60.24	62.14	59.84	61.69	159862.00	0	0
2014/12/24	61.63	61.71	59.37	60.15	108671.00	0	0
2014/12/26	60.19	60.97	59.21	59.46	48778.00	0	0
2014/12/29	59.88	60.43	57.37	57.88	155113.00	0	0
2014/12/30	57.93	58.39	56.74	57.90	154112.00	0	0
2014/12/31	57.35	57.68	55.81	57.33	148140.00	0	0
2015/01/02	58.02	58.54	55.48	56.60	177966.00	0	0
2015/01/05	55.47	56.30	52.66	53.11	289889.00	0	0
2015/01/06	53.20	53.60	50.52	51.10	338881.00	0	0
2015/01/07	51.15	51.84	49.66	51.15	318275.00	0	0
2015/01/08	51.06	51.91	49.81	50.96	243424.00	0	0
2015/01/09	51.25	51.44	48.90	50.00	285653.00	0	0
2015/01/12	49.37	49.98	47.16	47.43	223924.00	0	0
2015/01/13	47.06	47.29	45.19	46.59	208057.00	0	0
2015/01/14	48.00	50.37	46.78	49.86	411296.00	0	0
2015/01/15	49.60	52.42	48.07	48.27	448066.00	0	0
2015/01/16	48.25	50.41	48.07	49.98	293440.00	0	0
2015/01/19	49.92	50.35	48.68	48.84	106771.00	0	0
2015/01/20	48.91	49.48	47.78	47.99	259584.00	0	0
2015/01/21	48.29	49.59	48.21	49.03	268649.00	0	0
2015/01/22	48.60	50.45	48.02	48.52	321470.00	0	0
2015/01/23	49.10	49.10	49.10	49.10	321483.00	0	0
2015/01/26	47.90	49.29	47.57	48.11	241380.00	0	0
2015/01/27	48.25	49.99	47.67	49.60	249568.00	0	0
2015/01/28	49.10	49.72	48.29	48.47	275153.00	0	0
2015/01/29	48.69	49.25	48.37	49.13	236631.00	0	0
2015/01/30	49.15	53.08	48.76	52.60	334926.00	0	0
2015/02/02	52.68	55.62	51.41	54.75	402067.00	0	0
2015/02/03	55.00	59.00	54.84	57.91	414587.00	0	0
2015/02/04	57.20	58.06	53.50	54.16	359736.00	0	0
2015/02/05	54.80	57.87	53.07	56.57	338815.00	0	0
2015/02/06	56.74	59.06	56.71	58.27	253279.00	0	0
2015/02/09	57.93	59.61	57.30	58.34	213518.00	0	0
2015/02/10	57.80	57.80	57.80	57.80	213519.00	0	0
2015/02/11	58.10	58.15	55.16	55.92	291699.00	0	0
2015/02/12	56.33	59.91	56.07	59.28	371561.00	0	0
2015/02/13	59.27	61.77	59.08	61.58	348796.00	0	0
2015/02/16	62.03	62.57	60.71	61.40	171270.00	0	0
2015/02/17	61.68	63.00	60.27	62.53	277965.00	0	0
2015/02/18	62.30	62.46	59.25	60.53	224099.00	0	0
2015/02/19	59.54	60.99	57.80	60.21	303861.00	0	0
2015/02/20	60.15	61.15	59.82	60.05	221739.00	0	0
2015/02/23	60.30	60.67	58.37	58.90	268638.00	0	0
2015/02/24	59.09	60.30	58.10	58.66	245522.00	0	0
2015/02/25	58.75	62.20	58.41	61.63	279648.00	0	0
2015/02/26	61.85	62.63	59.66	60.05	261445.00	0	0
2015/02/27	60.50	62.83	60.51	62.32	254828.00	0	0
2015/03/02	62.23	62.50	59.34	59.54	286074.00	0	0
2015/03/03	60.00	61.81	59.84	61.02	281782.00	0	0
2015/03/04	60.85	60.94	59.47	60.55	260537.00	0	0
2015/03/05	60.60	61.57	60.08	60.48	215120.00	0	0
2015/03/06	60.75	61.30	59.17	59.79	181359.00	0	0
2015/03/09	59.34	60.02	58.38	58.53	194778.00	0	0
2015/03/10	58.49	58.72	56.12	56.42	191782.00	0	0
2015/03/11	56.57	57.95	55.92	57.94	176057.00	0	0
2015/03/12	57.94	58.81	56.51	57.08	129734.00	0	0
2015/03/13	57.30	57.40	54.43	54.67	84085.00	0	0
2015/03/16	54.09	55.01	52.65	53.94	283903.00	0	0
2015/03/17	54.27	54.38	52.57	53.51	240285.00	0	0
2015/03/18	53.37	56.84	52.68	55.91	262440.00	0	0
2015/03/19	56.01	56.20	53.91	54.46	209646.00	0	0
2015/03/20	54.64	55.67	53.55	55.32	186667.00	0	0
2015/03/23	54.88	56.19	54.12	55.92	191637.00	0	0
2015/03/24	55.75	56.79	54.85	55.11	197476.00	0	0
2015/03/25	55.28	57.17	54.70	56.38	256043.00	0	0
2015/03/26	56.35	59.78	56.30	59.19	334870.00	0	0
2015/03/27	58.90	59.04	55.95	56.12	223862.00	0	0
2015/03/30	55.94	56.65	55.20	56.56	220109.00	0	0
2015/03/31	56.31	56.33	54.72	55.11	238494.00	0	0
2015/04/01	55.18	57.69	54.70	57.10	256904.00	0	0
2015/04/02	56.72	57.28	54.00	54.95	288965.00	0	0
2015/04/06	55.38	58.24	55.08	58.12	126804.00	0	0
2015/04/07	57.80	59.27	57.02	59.10	236714.00	0	0
2015/04/08	58.30	58.72	55.45	55.55	250564.00	0	0
2015/04/09	56.10	58.02	55.97	56.57	174812.00	0	0
2015/04/10	56.84	58.12	56.25	57.87	137659.00	0	0
2015/04/13	57.86	59.54	57.46	57.93	119317.00	0	0
2015/04/14	59.14	60.44	58.95	59.81	296470.00	0	0
2015/04/15	60.06	63.47	60.03	63.32	344269.00	0	0
2015/04/16	62.90	64.95	62.00	63.98	293485.00	0	0
2015/04/17	64.02	64.50	62.95	63.45	220117.00	0	0
2015/04/20	63.85	64.40	62.10	63.45	239802.00	0	0
2015/04/21	63.52	63.52	61.65	62.08	218306.00	0	0
2015/04/22	61.87	63.33	61.39	62.73	230058.00	0	0
2015/04/23	62.88	65.58	62.22	64.85	326736.00	0	0
2015/04/24	64.75	65.80	64.48	65.28	259489.00	0	0
2015/04/27	65.47	65.61	64.40	64.83	189765.00	0	0
2015/04/28	64.69	65.49	63.90	64.64	196461.00	0	0
2015/04/29	64.55	66.72	64.13	65.84	238435.00	0	0
2015/04/30	65.52	66.93	65.37	66.78	223481.00	0	0
2015/05/01	66.75	66.93	65.52	66.46	189316.00	0	0
2015/05/04	66.46	67.10	65.95	66.45	120212.00	0	0
2015/05/05	66.40	68.40	66.14	67.52	255639.00	0	0
2015/05/06	67.71	69.63	67.35	67.77	296738.00	0	0
2015/05/07	67.37	68.49	65.17	65.54	292892.00	0	0
2015/05/08	65.64	66.12	64.23	65.39	248593.00	0	0
2015/05/11	65.31	65.75	64.25	64.91	202511.00	0	0
2015/05/12	64.77	67.46	64.68	66.86	183265.00	0	0
2015/05/13	67.80	68.52	66.87	67.27	315582.00	0	0
2015/05/14	66.99	67.82	66.26	66.70	247258.00	0	0
2015/05/15	66.75	67.00	65.37	66.81	206137.00	0	0
2015/05/18	66.91	67.88	65.92	66.27	198219.00	0	0
2015/05/19	66.21	66.39	63.95	64.02	253354.00	0	0
2015/05/20	64.49	65.18	64.10	65.03	210395.00	0	0
2015/05/21	64.89	66.88	64.83	66.48	250909.00	0	0
2015/05/22	66.70	66.64	65.10	65.37	184554.00	0	0
2015/05/25	65.55	66.22	64.72	65.52	41140.00	0	0
2015/05/26	65.85	65.70	63.29	63.72	224131.00	0	0
2015/05/27	63.89	64.67	61.96	62.06	257061.00	0	0
2015/05/28	62.30	62.30	62.30	62.30	257062.00	0	0
2015/05/29	62.90	65.83	62.68	65.50	278630.00	0	0
2015/06/01	65.23	65.80	64.25	64.88	217982.00	0	0
2015/06/02	64.90	65.88	64.58	65.49	245909.00	0	0
2015/06/03	65.37	65.40	63.50	63.80	262656.00	0	0
2015/06/04	63.81	64.08	61.78	62.03	235207.00	0	0
2015/06/05	62.10	63.43	60.94	63.31	248872.00	0	0
2015/06/08	63.00	63.38	62.47	62.69	205404.00	0	0
2015/06/09	62.75	65.23	62.72	65.11	223355.00	0	0
2015/06/10	65.04	66.36	64.88	65.70	210396.00	0	0
2015/06/11	65.57	66.06	64.50	65.11	113456.00	0	0
2015/06/12	64.82	64.95	63.68	63.87	101413.00	0	0
2015/06/15	64.15	64.76	63.37	63.95	307454.00	0	0
2015/06/16	63.80	64.41	63.42	63.70	279742.00	0	0
2015/06/17	63.60	65.47	62.60	63.87	331877.00	0	0
2015/06/18	63.79	64.96	63.44	64.26	217210.00	0	0
2015/06/19	64.26	64.56	62.34	63.02	216169.00	0	0
2015/06/22	62.67	63.74	62.10	63.34	216386.00	0	0
2015/06/23	63.22	64.89	62.76	64.45	266021.00	0	0
2015/06/24	64.65	65.05	63.01	63.49	256385.00	0	0
2015/06/25	63.53	63.95	62.72	63.20	213751.00	0	0
2015/06/26	63.40	63.62	62.50	63.26	212119.00	0	0
2015/06/29	62.55	62.96	61.35	62.01	266549.00	0	0
2015/06/30	61.77	63.83	61.71	63.59	256884.00	0	0
2015/07/01	63.02	63.35	61.84	62.01	266621.00	0	0
2015/07/02	62.01	63.20	61.75	61.75	205996.00	0	0
2015/07/03	61.66	62.06	60.12	60.32	107245.00	0	0
2015/07/06	59.62	60.00	56.38	56.54	294894.00	0	0
2015/07/07	56.85	57.83	55.10	56.85	331586.00	0	0
2015/07/08	57.25	57.75	55.87	57.05	301107.00	0	0
2015/07/09	57.25	59.27	57.01	58.61	277592.00	0	0
2015/07/10	58.50	58.50	58.50	58.50	277598.00	0	0
2015/07/13	57.88	58.83	56.84	57.85	176870.00	0	0
2015/07/14	57.71	58.82	56.43	58.51	143123.00	0	0
2015/07/15	58.78	58.98	58.07	58.26	35581.00	0	0
2015/07/16	57.36	58.00	56.86	56.92	246843.00	0	0
2015/07/17	57.00	57.35	56.40	57.10	157126.00	0	0
2015/07/20	57.14	57.44	56.33	56.65	161060.00	0	0
2015/07/21	56.55	57.44	56.33	56.98	188877.00	0	0
2015/07/22	56.88	56.90	55.92	56.13	221457.00	0	0
2015/07/23	56.09	56.53	55.10	55.27	207129.00	0	0
2015/07/24	55.39	55.60	54.30	54.62	195038.00	0	0
2015/07/27	54.45	54.89	52.83	53.47	226373.00	0	0
2015/07/28	53.05	54.08	52.28	52.98	290595.00	0	0
2015/07/29	52.99	54.33	52.51	53.38	290427.00	0	0
2015/07/30	53.63	54.38	53.02	53.31	217285.00	0	0
2015/07/31	53.43	53.47	51.63	52.21	212823.00	0	0
2015/08/03	51.74	52.01	49.36	49.52	306500.00	0	0
2015/08/04	49.70	50.45	49.58	49.99	221652.00	0	0
2015/08/05	50.14	50.99	49.02	49.59	280763.00	0	0
2015/08/06	49.72	49.83	48.88	49.52	236356.00	0	0
2015/08/07	49.62	50.06	48.42	48.61	245821.00	0	0
2015/08/10	48.42	50.49	48.24	50.41	208257.00	0	0
2015/08/11	50.22	51.10	48.61	49.18	223208.00	0	0
2015/08/12	49.40	49.40	49.40	49.40	223221.00	0	0
2015/08/13	50.38	50.83	49.25	49.63	309380.00	0	0
2015/08/14	49.60	49.83	48.65	49.19	286658.00	0	0
2015/08/17	48.72	49.44	48.35	48.74	195605.00	0	0
2015/08/18	48.55	49.04	48.25	48.81	191533.00	0	0
2015/08/19	48.50	49.11	46.78	47.16	250806.00	0	0
2015/08/20	47.10	47.10	47.10	47.10	250811.00	0	0
2015/08/21	46.34	46.51	45.07	45.46	231795.00	0	0
2015/08/24	45.36	45.46	42.23	42.69	305733.00	0	0
2015/08/25	42.69	44.50	42.68	43.21	292102.00	0	0
2015/08/26	43.45	43.76	42.81	43.14	267561.00	0	0
2015/08/27	43.72	47.75	43.70	47.56	333701.00	0	0
2015/08/28	47.40	50.98	46.61	49.93	418778.00	0	0
2015/08/31	49.41	54.32	48.25	54.15	321317.00	0	0
2015/09/01	52.92	53.47	48.47	48.64	373639.00	0	0
2015/09/02	48.62	51.00	47.74	50.50	324837.00	0	0
2015/09/03	50.50	50.50	50.50	50.50	324843.00	0	0
2015/09/04	50.69	51.05	49.25	49.61	221220.00	0	0
2015/09/07	49.27	49.44	47.50	47.63	94800.00	0	0
2015/09/08	47.76	49.85	47.64	49.31	253288.00	0	0
2015/09/09	49.35	50.04	47.32	47.58	173222.00	0	0
2015/09/10	47.46	48.95	46.76	48.89	192415.00	0	0
2015/09/11	48.64	48.98	47.16	48.14	143408.00	0	0
2015/09/14	49.20	49.25	47.25	47.35	250979.00	0	0
2015/09/15	47.60	48.25	47.01	47.75	268720.00	0	0
2015/09/16	48.06	50.34	47.71	49.75	288333.00	0	0
2015/09/17	49.98	50.14	48.32	49.08	228857.00	0	0
2015/09/18	49.26	49.75	47.16	47.47	225724.00	0	0
2015/09/21	47.58	48.99	47.48	48.58	180604.00	0	0
2015/09/22	48.51	49.21	47.70	49.08	185413.00	0	0
2015/09/23	49.08	50.25	47.68	47.75	232269.00	0	0
2015/09/24	47.88	48.47	47.40	48.17	198036.00	0	0
2015/09/25	48.17	49.10	47.86	48.60	189403.00	0	0
2015/09/28	48.39	48.44	47.25	47.40	188283.00	0	0
2015/09/29	47.45	48.65	47.25	48.23	181413.00	0	0
2015/09/30	47.96	49.00	47.79	48.37	219886.00	0	0
2015/10/01	48.40	49.84	47.62	47.69	239316.00	0	0
2015/10/02	47.99	48.50	47.02	47.20	101942.00	0	0
2015/10/05	48.08	49.87	47.84	49.22	215447.00	0	0
2015/10/06	49.35	52.26	48.86	51.92	303579.00	0	0
2015/10/07	52.15	53.15	51.21	51.75	299914.00	0	0
2015/10/08	51.75	51.75	51.75	51.75	299916.00	0	0
2015/10/09	53.33	54.05	52.21	52.65	174338.00	0	0
2015/10/12	52.64	53.31	49.77	50.27	166832.00	0	0
2015/10/13	50.27	50.70	48.88	49.24	108370.00	0	0
2015/10/14	49.40	50.02	49.21	49.35	153442.00	0	0
2015/10/15	49.60	50.35	48.70	50.33	321413.00	0	0
2015/10/16	50.12	50.70	49.31	50.46	225956.00	0	0
2015/10/19	50.38	50.68	48.57	48.61	223306.00	0	0
2015/10/20	48.83	49.20	48.25	48.41	189462.00	0	0
2015/10/21	48.58	48.65	47.50	47.85	244638.00	0	0
2015/10/22	47.96	48.73	47.65	48.08	201591.00	0	0
2015/10/23	48.32	48.65	47.45	47.99	242056.00	0	0
2015/10/26	47.92	48.33	47.30	47.54	193977.00	0	0
2015/10/27	47.43	47.57	46.41	46.81	243114.00	0	0
2015/10/28	46.91	49.23	46.61	49.05	306597.00	0	0
2015/10/29	49.20	49.38	48.17	48.61	213925.00	0	0
2015/10/30	48.66	50.00	48.28	49.56	238590.00	0	0
2015/11/02	49.50	49.69	48.61	48.77	224283.00	0	0
2015/11/03	48.90	50.91	48.46	50.25	283357.00	0	0
2015/11/04	50.25	50.87	48.49	48.58	328135.00	0	0
2015/11/05	48.77	49.00	47.93	47.98	227998.00	0	0
2015/11/06	48.15	48.58	47.27	47.72	245456.00	0	0
2015/11/09	47.48	48.41	47.01	47.19	202178.00	0	0
2015/11/10	47.32	47.86	46.96	47.44	206340.00	0	0
2015/11/11	47.08	47.73	45.62	45.81	193334.00	0	0
2015/11/12	46.61	47.07	45.00	45.19	363154.00	0	0
2015/11/13	45.19	45.95	44.16	44.50	303848.00	0	0
2015/11/16	44.70	45.18	43.15	44.56	310123.00	0	0
2015/11/17	44.70	45.10	43.50	43.57	260695.00	0	0
2015/11/18	43.97	44.74	43.34	44.14	255682.00	0	0
2015/11/19	44.25	44.25	44.25	44.25	255687.00	0	0
2015/11/20	44.38	45.50	44.06	44.39	245277.00	0	0
2015/11/23	44.46	45.73	43.57	44.83	290998.00	0	0
2015/11/24	45.11	46.50	44.92	46.12	271930.00	0	0
2015/11/25	46.04	46.50	45.03	46.17	229114.00	0	0
2015/11/26	46.23	46.32	45.00	45.46	97318.00	0	0
2015/11/27	45.57	45.63	44.79	44.87	165308.00	0	0
2015/11/30	44.80	45.75	44.44	44.50	235944.00	0	0
2015/12/01	44.62	45.18	44.03	44.44	301200.00	0	0
2015/12/02	44.32	44.64	42.43	42.49	324059.00	0	0
2015/12/03	42.77	44.69	42.61	43.84	271482.00	0	0
2015/12/04	43.98	44.82	42.67	43.23	345803.00	0	0
2015/12/07	42.90	43.26	40.60	40.73	272442.00	0	0
2015/12/08	40.82	41.45	39.81	40.26	328376.00	0	0
2015/12/09	40.73	41.59	39.57	40.11	284646.00	0	0
2015/12/10	40.44	40.70	39.46	39.73	188988.00	0	0
2015/12/11	39.54	39.74	37.36	37.90	167254.00	0	0
2015/12/14	37.93	38.43	36.33	37.92	115119.00	0	0
2015/12/15	38.10	39.69	37.81	38.73	323789.00	0	0
2015/12/16	38.45	38.74	37.17	37.39	297915.00	0	0
2015/12/17	37.56	37.93	36.75	36.95	200845.00	0	0
2015/12/18	36.93	37.73	36.41	36.59	218033.00	0	0
2015/12/21	36.48	36.75	36.04	36.23	175115.00	0	0
2015/12/22	36.30	36.72	35.98	36.11	166304.00	0	0
2015/12/23	36.38	37.88	36.28	37.36	196978.00	0	0
2015/12/24	37.60	38.10	36.91	37.93	111015.00	0	0
2015/12/28	37.95	37.95	36.41	36.62	84344.00	0	0
2015/12/29	36.47	37.98	36.56	37.79	171677.00	0	0
2015/12/30	37.30	37.55	36.35	36.46	173512.00	0	0
2015/12/31	36.57	37.95	36.10	37.28	149598.00	0	0
2016/01/04	38.46	38.99	36.77	37.22	321841.00	0	0
2016/01/05	37.28	37.57	36.24	36.42	275468.00	0	0
2016/01/06	36.64	36.67	34.13	34.23	296862.00	0	0
2016/01/07	34.52	34.74	32.16	33.75	291511.00	0	0
2016/01/08	34.03	34.72	32.78	33.33	206959.00	0	0
2016/01/11	32.95	33.38	31.17	31.55	202062.00	0	0
2016/01/12	31.61	32.38	30.34	30.86	142525.00	0	0
2016/01/13	31.25	31.83	29.94	30.24	472154.00	0	0
2016/01/14	30.33	31.19	29.70	30.88	409375.00	0	0
2016/01/15	30.77	30.77	30.77	30.77	409385.00	0	0
2016/01/18	28.18	29.58	27.67	28.55	211256.00	0	0
2016/01/19	28.79	30.24	28.60	28.76	419479.00	0	0
2016/01/20	28.72	28.72	28.72	28.72	419512.00	0	0
2016/01/21	27.99	29.84	27.29	29.25	394256.00	0	0
2016/01/22	29.62	32.30	29.29	32.08	407760.00	0	0
2016/01/25	32.41	32.81	30.00	30.50	310138.00	0	0
2016/01/26	30.08	32.72	29.27	31.80	335094.00	0	0
2016/01/27	31.20	33.49	30.83	33.10	257108.00	0	0
2016/01/28	33.59	36.77	33.39	34.80	533487.00	0	0
2016/01/29	35.20	36.17	34.58	35.89	415819.00	0	0
2016/02/01	35.93	36.25	33.92	34.13	331872.00	0	0
2016/02/02	34.18	34.18	32.23	32.72	346885.00	0	0
2016/02/03	32.45	35.53	32.30	35.04	396576.00	0	0
2016/02/04	35.35	35.35	35.35	35.35	396580.00	0	0
2016/02/05	34.39	35.14	33.81	34.08	296449.00	0	0
2016/02/08	33.99	34.68	32.77	33.21	211549.00	0	0
2016/02/09	33.20	33.56	30.28	30.32	305766.00	0	0
2016/02/10	30.89	31.90	30.35	30.84	332987.00	0	0
2016/02/11	30.96	31.35	29.92	30.06	347586.00	0	0
2016/02/12	31.31	33.44	30.85	32.69	394447.00	0	0
2016/02/15	32.86	34.09	32.67	33.39	160505.00	0	0
2016/02/16	34.51	35.55	31.92	32.18	398492.00	0	0
2016/02/17	32.54	34.99	31.82	34.50	355922.00	0	0
2016/02/18	34.87	34.87	34.87	34.87	355931.00	0	0
2016/02/19	33.88	34.46	32.68	33.11	287036.00	0	0
2016/02/22	32.96	34.97	32.85	34.69	233332.00	0	0
2016/02/23	34.58	35.11	32.90	33.27	348078.00	0	0
2016/02/24	32.98	34.67	32.37	34.41	344004.00	0	0
2016/02/25	34.39	35.74	33.29	35.29	210573.00	0	0
2016/02/26	35.10	37.00	34.73	35.19	126405.00	0	0
2016/02/29	35.43	36.74	35.08	36.57	310672.00	0	0
2016/03/01	36.60	37.25	35.95	36.81	276263.00	0	0
2016/03/02	36.62	37.40	36.10	36.93	278167.00	0	0
2016/03/03	37.05	37.37	36.35	37.07	256490.00	0	0
2016/03/04	37.04	38.95	36.82	38.90	295709.00	0	0
2016/03/07	38.88	41.04	38.87	40.84	341913.00	0	0
2016/03/08	40.74	41.48	39.31	39.65	352250.00	0	0
2016/03/09	39.65	41.18	39.39	41.07	333486.00	0	0
2016/03/10	40.89	41.01	39.63	40.05	287782.00	0	0
2016/03/11	40.33	41.03	40.02	40.36	276641.00	0	0
2016/03/14	40.25	40.65	38.82	39.53	264706.00	0	0
2016/03/15	39.66	39.74	38.32	38.74	224361.00	0	0
2016/03/16	38.74	40.44	38.83	40.33	263872.00	0	0
2016/03/17	40.33	41.60	40.41	41.54	249228.00	0	0
2016/03/18	41.37	42.54	41.07	41.20	286653.00	0	0
2016/03/21	41.07	41.39	41.06	41.07	286655.00	0	0
2016/03/22	41.61	42.08	40.97	41.79	256994.00	0	0
2016/03/23	41.79	41.82	40.42	40.47	240904.00	0	0
2016/03/24	40.47	40.47	40.47	40.47	240912.00	0	0
2016/03/25	40.44	40.44	40.44	40.44	0.00	0	0
2016/03/28	40.58	41.00	39.64	40.19	78627.00	0	0
2016/03/29	40.19	40.25	38.76	39.27	149529.00	0	0
2016/03/30	40.18	41.35	39.88	39.94	296150.00	0	0
2016/03/31	39.86	40.85	39.50	40.33	304367.00	0	0
2016/04/01	40.16	40.43	38.55	38.67	286168.00	0	0
2016/04/04	38.29	38.92	37.50	37.69	286652.00	0	0
2016/04/05	37.54	38.44	37.27	37.87	296446.00	0	0
2016/04/06	38.51	39.94	38.34	39.84	323374.00	0	0
2016/04/07	39.90	40.29	38.70	39.43	308721.00	0	0
2016/04/08	39.68	42.01	39.62	41.94	340222.00	0	0
2016/04/11	42.00	43.06	41.41	42.83	279920.00	0	0
2016/04/12	42.70	44.81	42.56	44.28	357354.00	0	0
2016/04/13	44.43	44.94	43.76	43.90	348587.00	0	0
2016/04/14	44.01	44.62	43.29	43.78	234367.00	0	0
2016/04/15	43.79	44.05	42.28	42.85	285166.00	0	0
2016/04/18	41.80	43.43	40.10	43.16	383372.00	0	0
2016/04/19	43.14	44.50	42.60	44.03	355947.00	0	0
2016/04/20	43.66	43.66	43.66	43.66	355951.00	0	0
2016/04/21	45.54	46.18	44.44	44.53	312602.00	0	0
2016/04/22	44.75	45.90	44.30	45.16	272848.00	0	0
2016/04/25	44.95	45.59	44.26	44.76	211675.00	0	0
2016/04/26	44.69	46.49	44.36	45.74	199235.00	0	0
2016/04/27	46.26	47.45	45.63	47.18	150793.00	0	0
2016/04/28	46.87	47.82	46.51	47.68	274447.00	0	0
2016/04/29	47.57	48.29	46.76	47.37	297848.00	0	0
2016/05/02	47.03	47.40	45.72	45.83	168090.00	0	0
2016/05/03	45.83	46.40	44.62	44.97	276403.00	0	0
2016/05/04	45.21	46.01	44.19	44.62	293821.00	0	0
2016/05/05	45.00	46.77	44.65	45.22	280794.00	0	0
2016/05/06	45.16	46.12	44.19	45.37	283651.00	0	0
2016/05/09	46.31	46.48	43.43	43.45	364584.00	0	0
2016/05/10	43.47	45.70	43.33	45.52	343209.00	0	0
2016/05/11	45.59	47.75	44.80	47.40	381737.00	0	0
2016/05/12	47.32	48.19	46.80	48.08	353848.00	0	0
2016/05/13	47.85	48.12	47.26	47.83	239047.00	0	0
2016/05/16	47.92	49.47	47.77	49.13	294377.00	0	0
2016/05/17	49.03	49.75	48.57	49.36	262324.00	0	0
2016/05/18	49.36	49.85	48.45	48.93	319810.00	0	0
2016/05/19	48.64	48.88	47.38	48.81	302095.00	0	0
2016/05/20	48.90	49.39	48.07	48.74	255583.00	0	0
2016/05/23	48.72	48.84	47.58	48.35	225090.00	0	0
2016/05/24	48.35	49.24	47.80	48.61	211583.00	0	0
2016/05/25	49.16	49.96	48.91	49.78	237787.00	0	0
2016/05/26	49.75	50.51	49.25	49.33	221255.00	0	0
2016/05/27	49.41	49.55	48.69	49.32	130178.00	0	0
2016/05/30	50.25	50.43	49.55	50.28	58249.00	0	0
2016/05/31	50.26	50.87	49.50	49.52	229126.00	0	0
2016/06/01	49.65	50.00	48.65	49.74	265995.00	0	0
2016/06/02	49.63	50.30	48.84	50.04	270116.00	0	0
2016/06/03	49.90	50.33	49.30	49.64	227821.00	0	0
2016/06/06	49.83	50.83	49.72	50.48	223756.00	0	0
2016/06/07	50.45	51.54	50.28	51.49	208823.00	0	0
2016/06/08	51.41	52.80	51.32	52.51	260745.00	0	0
2016/06/09	52.65	52.86	51.53	51.86	213124.00	0	0
2016/06/10	51.91	52.10	50.33	50.48	210059.00	0	0
2016/06/13	50.27	50.79	49.61	50.00	208806.00	0	0
2016/06/14	49.89	50.05	49.20	49.83	224005.00	0	0
2016/06/15	49.20	49.80	48.39	48.97	298839.00	0	0
2016/06/16	48.56	48.77	46.94	47.03	287302.00	0	0
2016/06/17	47.28	49.40	47.25	49.25	222734.00	0	0
2016/06/20	49.42	50.68	49.24	50.65	244410.00	0	0
2016/06/21	50.43	51.10	49.46	50.95	256951.00	0	0
2016/06/22	51.06	51.24	49.18	49.88	282721.00	0	0
2016/06/23	50.05	51.18	49.89	50.91	246953.00	0	0
2016/06/24	50.75	50.74	47.54	48.41	351742.00	0	0
2016/06/27	48.43	48.90	46.69	47.53	243264.00	0	0
2016/06/28	47.62	48.79	47.47	48.58	173176.00	0	0
2016/06/29	49.49	51.44	49.33	51.32	317841.00	0	0
2016/06/30	50.94	51.02	49.53	49.74	309512.00	0	0
2016/07/01	49.90	50.66	49.25	50.55	248693.00	0	0
2016/07/04	50.60	50.75	50.03	50.10	113446.00	0	0
2016/07/05	50.00	50.05	47.54	48.18	305737.00	0	0
2016/07/06	48.06	49.31	47.17	48.80	279124.00	0	0
2016/07/07	49.12	49.59	46.15	46.45	328097.00	0	0
2016/07/08	46.55	47.23	46.15	46.76	237284.00	0	0
2016/07/11	46.61	47.10	45.90	46.07	229276.00	0	0
2016/07/12	46.11	48.57	46.09	48.19	321342.00	0	0
2016/07/13	48.13	48.20	46.09	46.56	299796.00	0	0
2016/07/14	46.59	47.47	46.34	47.13	289398.00	0	0
2016/07/15	47.08	48.25	46.65	47.61	260430.00	0	0
2016/07/18	47.69	47.95	46.50	47.03	230495.00	0	0
2016/07/19	46.94	47.49	46.53	46.71	214363.00	0	0
2016/07/20	46.76	47.49	45.90	47.13	296296.00	0	0
2016/07/21	47.18	47.56	46.05	46.19	237479.00	0	0
2016/07/22	46.21	46.50	45.17	45.69	243489.00	0	0
2016/07/25	45.65	45.87	44.55	44.68	188805.00	0	0
2016/07/26	44.82	44.96	44.14	44.57	240329.00	0	0
2016/07/27	44.55	44.91	43.27	43.36	194572.00	0	0
2016/07/28	43.95	44.15	43.13	43.23	336668.00	0	0
2016/07/29	43.18	43.60	42.52	43.21	286584.00	0	0
2016/08/01	43.26	43.85	41.87	42.22	234791.00	0	0
2016/08/02	42.23	43.18	41.51	41.97	262560.00	0	0
2016/08/03	41.94	43.47	41.56	43.10	320440.00	0	0
2016/08/04	43.36	44.34	42.51	44.22	276418.00	0	0
2016/08/05	44.18	44.49	43.51	44.42	236874.00	0	0
2016/08/08	44.31	45.71	44.24	45.39	221513.00	0	0
2016/08/09	45.25	45.77	44.76	44.99	216218.00	0	0
2016/08/10	44.92	45.68	43.81	43.84	284858.00	0	0
2016/08/11	43.82	46.30	43.46	45.96	335527.00	0	0
2016/08/12	46.18	47.25	45.74	46.97	258003.00	0	0
2016/08/15	47.13	48.54	46.84	48.35	234398.00	0	0
2016/08/16	48.19	49.36	47.90	48.90	331860.00	0	0
2016/08/17	48.88	49.93	48.55	49.85	377399.00	0	0
2016/08/18	49.76	51.05	49.52	50.89	268834.00	0	0
2016/08/19	51.00	51.22	50.32	50.79	252338.00	0	0
2016/08/22	50.38	50.70	49.07	49.16	270367.00	0	0
2016/08/23	49.16	50.21	48.48	49.58	314178.00	0	0
2016/08/24	49.57	49.87	48.68	49.03	280915.00	0	0
2016/08/25	49.03	49.78	48.70	49.68	217126.00	0	0
2016/08/26	49.67	50.76	49.12	49.57	209620.00	0	0
2016/08/29	49.54	49.60	48.97	49.20	65667.00	0	0
2016/08/30	49.45	49.90	48.48	48.68	300287.00	0	0
2016/08/31	48.65	48.77	46.77	46.97	295265.00	0	0
2016/09/01	47.00	47.24	45.32	45.82	290044.00	0	0
2016/09/02	45.79	47.02	45.41	46.68	279344.00	0	0
2016/09/05	46.65	49.40	46.40	47.40	287952.00	0	0
2016/09/06	47.43	47.99	46.29	47.36	215064.00	0	0
2016/09/07	47.20	48.56	46.97	48.55	224227.00	0	0
2016/09/08	48.55	50.14	48.21	49.69	327242.00	0	0
2016/09/09	49.67	49.70	47.76	47.88	262147.00	0	0
2016/09/12	47.57	48.63	46.90	48.32	258760.00	0	0
2016/09/13	48.16	48.22	46.96	47.10	280023.00	0	0
2016/09/14	47.33	47.48	45.70	45.97	332961.00	0	0
2016/09/15	46.06	47.00	45.67	46.41	320720.00	0	0
2016/09/16	46.31	46.41	45.48	46.05	226321.00	0	0
2016/09/19	46.01	46.93	45.85	45.95	209911.00	0	0
2016/09/20	45.91	46.30	45.09	45.88	298796.00	0	0
2016/09/21	46.45	47.14	46.38	47.05	249080.00	0	0
2016/09/22	46.99	47.83	46.99	47.65	290326.00	0	0
2016/09/23	47.40	48.26	45.65	45.89	306857.00	0	0
2016/09/26	46.05	47.66	45.74	46.94	208153.00	0	0
2016/09/27	47.06	47.28	45.63	45.97	241177.00	0	0
2016/09/28	46.14	48.96	45.70	48.69	188670.00	0	0
2016/09/29	49.36	50.39	48.55	49.62	440095.00	0	0
2016/09/30	49.76	50.27	48.90	49.99	307875.00	0	0
2016/10/03	50.02	51.14	49.74	50.80	308227.00	0	0
2016/10/04	50.93	51.55	50.34	51.31	291613.00	0	0
2016/10/05	51.22	52.09	51.22	51.61	326874.00	0	0
2016/10/06	51.76	52.12	51.32	52.11	115782.00	0	0
2016/10/07	52.72	52.84	51.89	51.95	225203.00	0	0
2016/10/10	51.63	52.90	51.30	52.90	135473.00	0	0
2016/10/11	53.11	53.27	52.43	53.21	180038.00	0	0
2016/10/12	52.48	52.87	51.61	51.66	283793.00	0	0
2016/10/13	51.60	52.05	51.33	51.83	121994.00	0	0
2016/10/14	52.06	52.55	51.50	52.00	271210.00	0	0
2016/10/17	51.93	52.29	51.16	51.68	271029.00	0	0
2016/10/18	51.72	52.15	51.25	52.15	294679.00	0	0
2016/10/19	52.13	53.14	52.09	52.54	321170.00	0	0
2016/10/20	52.60	52.72	51.17	51.39	302168.00	0	0
2016/10/21	51.40	51.94	51.12	51.92	271916.00	0	0
2016/10/24	51.89	52.01	50.50	51.48	300244.00	0	0
2016/10/25	51.44	51.83	50.22	50.26	257996.00	0	0
2016/10/26	50.26	50.69	49.65	49.95	325704.00	0	0
2016/10/27	50.05	50.44	49.83	50.20	28346.00	0	0
2016/10/28	50.41	50.58	49.31	49.60	131515.00	0	0
2016/10/31	49.41	49.72	47.98	48.32	35189.00	0	0
2016/11/01	48.72	49.26	47.72	47.90	495200.00	0	0
2016/11/02	47.90	48.02	46.46	47.08	393693.00	0	0
2016/11/03	47.15	47.52	45.99	46.28	309739.00	0	0
2016/11/04	46.43	46.56	45.08	45.60	412540.00	0	0
2016/11/07	45.70	46.38	45.38	46.33	311482.00	0	0
2016/11/08	46.30	46.69	45.60	45.82	358864.00	0	0
2016/11/09	46.04	46.95	44.40	46.50	484670.00	0	0
2016/11/10	46.36	46.92	45.56	45.66	338415.00	0	0
2016/11/11	45.80	45.89	44.19	44.52	326188.00	0	0
2016/11/14	44.54	44.99	43.57	44.76	283360.00	0	0
2016/11/15	44.70	47.25	44.67	46.91	376070.00	0	0
2016/11/16	46.88	47.56	46.25	46.34	356949.00	0	0
2016/11/17	46.44	47.62	45.97	46.00	304333.00	0	0
2016/11/18	46.05	46.99	45.75	46.89	276788.00	0	0
2016/11/21	46.92	49.15	46.92	49.04	310856.00	0	0
2016/11/22	49.25	49.96	48.14	49.05	460164.00	0	0
2016/11/23	49.20	49.50	48.56	48.88	301291.00	0	0
2016/11/24	49.03	49.21	48.76	48.86	93300.00	0	0
2016/11/25	48.96	49.02	46.85	47.12	204056.00	0	0
2016/11/28	46.71	48.81	46.28	48.05	224574.00	0	151260
2016/11/29	48.07	48.10	45.92	46.44	158741.00	0	99336
2016/11/30	46.54	50.49	46.51	50.45	45746.00	0	60689
2016/12/01	51.72	54.53	51.51	53.63	499464.00	0	580910
2016/12/02	53.88	54.50	52.84	54.49	341074.00	0	570535
2016/12/05	54.40	55.33	53.77	54.24	317338.00	0	537896
2016/12/06	54.50	54.94	53.51	53.94	304993.00	0	521233
2016/12/07	53.94	54.23	52.92	53.00	332769.00	0	505065
2016/12/08	53.15	54.05	52.81	54.00	364793.00	0	475225
2016/12/09	53.97	54.46	53.77	54.39	296752.00	0	447995
2016/12/12	55.88	57.89	55.11	55.45	411270.00	0	439605
2016/12/13	55.70	56.44	55.13	55.24	316955.00	0	417381
2016/12/14	55.16	55.81	53.52	53.70	374880.00	0	375904
2016/12/15	53.76	54.50	53.15	54.21	289278.00	0	342854
2016/12/16	54.11	55.38	53.71	55.26	259831.00	0	318373
2016/12/19	55.40	55.80	54.69	55.05	251851.00	0	292074
2016/12/20	55.02	55.92	54.75	55.50	282492.00	0	275187
2016/12/21	55.52	55.87	54.32	54.51	307357.00	0	231545
2016/12/22	54.55	55.23	54.05	54.85	223960.00	0	175189
2016/12/23	54.84	55.25	54.26	55.08	127987.00	0	124762
2016/12/27	55.18	56.27	55.04	56.08	81779.00	0	108637
2016/12/28	56.06	56.56	55.89	56.00	139294.00	0	100391
2016/12/29	56.01	56.63	55.91	56.14	53505.00	0	56443
2016/12/30	57.00	57.20	56.46	56.75	158643.00	0	613287
2017/01/03	57.05	58.37	55.30	55.64	369495.00	0	615838
2017/01/04	55.73	56.55	55.33	56.52	308733.00	0	608912
2017/01/05	56.35	57.35	56.01	56.93	294976.00	0	603835
2017/01/06	56.88	57.47	56.28	56.87	264806.00	0	598922
2017/01/09	56.81	57.00	54.74	54.78	306873.00	0	592737
2017/01/10	54.95	55.36	53.58	53.62	374988.00	0	568790
2017/01/11	53.80	55.67	53.70	55.23	460835.00	0	525652
2017/01/12	55.19	56.43	55.01	56.11	365634.00	0	491937
2017/01/13	56.00	56.21	55.28	55.61	282434.00	0	447638
2017/01/16	55.64	55.92	55.19	55.69	135936.00	0	411590
2017/01/17	55.74	56.95	55.40	55.51	362188.00	0	399648
2017/01/18	55.48	55.90	53.77	54.21	388521.00	0	364194
2017/01/19	54.29	54.77	53.90	54.17	376293.00	0	327519
2017/01/20	54.33	55.80	54.18	55.51	321451.00	0	289023
2017/01/23	55.70	55.75	54.65	55.35	334961.00	0	248359
2017/01/24	55.42	55.87	55.07	55.17	287550.00	0	206057
2017/01/25	55.24	55.65	54.75	55.35	300133.00	0	191153
2017/01/26	55.39	56.55	55.21	56.09	296214.00	0	176043
2017/01/27	56.09	56.50	54.86	55.43	164069.00	0	127745
2017/01/30	55.47	55.70	54.97	55.17	143353.00	0	105536
2017/02/01	55.55	56.83	55.36	56.57	322641.00	0	549072
2017/02/02	56.53	57.45	56.33	56.79	320208.00	0	542793
2017/02/03	56.92	57.30	56.39	56.74	288155.00	0	527015
2017/02/06	56.85	57.13	55.65	55.90	275204.00	0	519066
2017/02/07	55.91	55.98	54.58	54.69	350679.00	0	497960
2017/02/08	54.50	55.68	54.44	55.15	434811.00	0	477283
2017/02/09	55.30	55.92	55.23	55.68	291392.00	0	465454
2017/02/10	55.66	56.88	55.59	56.60	315827.00	0	443668
2017/02/13	56.68	56.81	55.41	55.69	264618.00	0	427392
2017/02/14	55.75	56.46	55.53	55.81	281216.00	0	396012
2017/02/15	55.82	56.25	55.56	55.65	292457.00	0	365732
2017/02/16	55.74	56.24	55.13	55.77	336351.00	0	346891
2017/02/17	55.73	55.88	55.10	55.71	291466.00	0	313775
2017/02/20	55.90	56.42	55.70	56.12	233479.00	0	289409
2017/02/21	56.17	57.31	56.10	56.60	361796.00	0	246728
2017/02/22	56.74	57.01	55.64	56.19	271427.00	0	207855
2017/02/23	56.20	57.26	56.18	56.48	254518.00	0	169471
2017/02/24	56.40	56.66	55.74	56.00	183096.00	0	134533
2017/02/27	55.96	56.77	55.86	55.86	181104.00	0	105695
2017/03/01	56.45	57.05	56.24	56.28	287176.00	0	570906
2017/03/02	56.31	56.44	55.03	55.07	380945.00	0	562464
2017/03/03	55.18	55.95	55.09	55.73	275191.00	0	541374
2017/03/06	55.80	56.25	55.32	55.92	249993.00	0	521037
2017/03/07	55.95	56.65	55.56	55.63	301362.00	0	521062
2017/03/08	55.63	55.77	52.93	53.10	477588.00	0	507579
2017/03/09	53.49	53.86	51.50	52.53	536853.00	0	509918
2017/03/10	52.33	53.02	51.14	51.28	384137.00	0	477775
2017/03/13	51.49	51.70	50.85	51.33	312141.00	0	477077
2017/03/14	51.34	51.86	50.25	51.84	434557.00	0	465175
2017/03/15	51.50	52.15	51.36	52.00	351777.00	0	433915
2017/03/16	52.08	52.65	51.50	51.74	304412.00	0	417948
2017/03/17	51.74	52.18	51.53	51.67	245061.00	0	396597
2017/03/24	50.64	51.06	50.40	50.97	248957.00	0	272049
2017/03/27	51.03	51.10	50.03	50.79	212606.00	0	237885
2017/03/28	50.77	51.87	50.77	51.35	205968.00	0	219156
2017/03/29	51.43	52.48	51.36	52.44	155672.00	0	179397
2017/03/30	52.39	53.10	52.03	52.93	165547.00	0	150134
2017/03/31	52.83	53.45	52.35	52.74	29849.00	0	93142
2017/04/03	53.62	53.74	53.03	53.10	268692.00	0	583781
2017/04/04	53.18	54.38	52.73	54.26	332937.00	0	570208
2017/04/05	54.22	55.09	53.97	54.01	378457.00	0	577763
2017/04/06	54.13	55.00	54.02	54.90	263927.00	0	570776
2017/04/07	54.88	56.08	54.57	55.26	349304.00	0	561359
2017/04/10	55.19	56.05	55.19	56.00	333749.00	0	551460
2017/04/11	56.08	56.30	55.45	56.29	369181.00	0	531779
2017/04/12	56.28	56.65	55.50	55.62	406812.00	0	506916
2017/04/13	55.66	56.06	55.56	55.64	358761.00	0	472571
2017/04/17	55.55	55.98	55.31	55.80	112066.00	0	426421
2017/04/18	55.39	55.48	54.61	54.82	404180.00	0	403521
2017/04/19	54.78	55.20	52.58	53.08	465839.00	0	350038
2017/04/20	53.09	53.55	52.68	52.99	430420.00	0	321739
2017/04/21	53.00	53.29	51.57	52.05	377132.00	0	279161
2017/04/24	52.11	52.57	51.42	51.61	286584.00	0	234927
2017/04/26	51.81	52.46	51.38	51.50	227365.00	0	138498
2017/04/27	51.57	51.76	50.45	51.70	225650.00	0	97884
2017/04/28	51.58	52.12	51.31	51.71	26314.00	0	45762
2017/05/01	51.88	51.97	51.22	51.46	137429.00	0	572426
2017/05/02	51.39	52.16	50.14	51.13	390401.00	0	569644
2017/05/03	50.99	51.14	50.20	50.62	385040.00	0	582193
2017/05/04	50.59	50.73	48.16	48.35	571584.00	0	565150
2017/05/05	48.45	49.63	46.64	49.47	567055.00	0	564595
2017/05/08	49.27	49.92	48.48	49.45	434896.00	0	566370
2017/05/09	49.44	49.72	48.39	48.99	365415.00	0	539551
2017/05/10	48.95	50.63	48.81	50.16	394023.00	0	505820
2017/05/11	50.28	51.16	50.25	50.77	345149.00	0	494318
2017/05/12	50.76	51.09	50.33	50.91	329889.00	0	476452
2017/05/15	50.89	52.63	50.74	51.80	357650.00	0	452016
2017/05/16	51.88	52.36	51.10	51.23	363012.00	0	433264
2017/05/17	51.20	52.61	51.04	52.09	355441.00	0	391465
2017/05/18	52.19	52.74	51.11	52.50	389127.00	0	366238
2017/05/19	52.57	52.99	52.55	52.87	23630.00	0	366238
2017/05/22	53.85	54.37	53.66	53.74	408158.00	0	280657
2017/05/23	53.87	54.43	53.20	54.16	371572.00	0	249024
2017/05/24	54.14	54.62	53.66	53.86	375026.00	0	210755
2017/05/25	54.15	54.67	51.03	51.33	491748.00	0	184978
2017/05/26	51.38	52.30	50.71	52.23	286736.00	0	149709
2017/05/29	52.24	52.61	51.86	52.25	48501.00	0	113290
2017/05/30	52.25	52.35	51.19	51.80	177971.00	0	102790
2017/05/31	51.92	51.92	49.81	50.29	44117.00	0	43685
2017/06/01	51.17	51.45	50.23	50.40	488473.00	0	563868
2017/06/02	50.23	50.52	48.95	49.95	477825.00	0	550042
2017/06/05	49.87	50.74	49.04	49.48	373957.00	0	536090
2017/06/06	49.57	50.30	49.00	49.97	355251.00	0	537060
2017/06/07	49.97	50.14	47.96	48.20	498496.00	0	547092
2017/06/08	48.26	48.60	47.56	47.87	473717.00	0	529176
2017/06/09	47.79	48.56	47.40	48.30	313799.00	0	505498
2017/06/12	48.06	49.15	48.01	48.27	347031.00	0	489117
2017/06/13	48.32	48.82	47.87	48.23	349413.00	0	452299
2017/06/14	48.18	48.69	46.74	46.90	491795.00	0	430464
2017/06/15	46.80	47.20	46.70	46.79	324844.00	0	387871
2017/06/16	46.82	47.61	46.81	47.29	254857.00	0	353875
2017/06/19	47.21	47.76	46.77	46.81	286510.00	0	343248
2017/06/20	46.96	47.23	45.42	45.84	373399.00	0	316074
2017/06/21	45.89	46.63	44.35	44.78	418623.00	0	286637
2017/06/22	44.81	45.79	44.53	45.29	369413.00	0	265759
2017/06/23	45.28	45.75	45.03	45.61	276612.00	0	226311
2017/06/26	45.63	46.24	45.04	45.94	203221.00	0	186621
2017/06/27	45.85	47.06	45.79	46.18	284837.00	0	174432
2017/06/28	46.25	47.47	46.25	47.44	178678.00	0	149270
2017/06/29	47.39	48.03	47.14	47.28	211845.00	0	122506
2017/06/30	47.46	48.12	47.46	47.90	28343.00	0	47370
2017/07/03	48.95	49.71	48.54	49.60	268212.00	0	584953
2017/07/04	49.63	49.90	49.29	49.68	150481.00	0	584159
2017/07/05	49.67	49.84	47.00	48.34	399829.00	0	589693
2017/07/06	48.28	49.18	47.77	47.99	335141.00	0	576509
2017/07/07	47.76	47.76	46.28	46.88	328586.00	0	566537
2017/07/10	46.84	47.38	46.11	46.99	300756.00	0	556435
2017/07/11	46.99	48.21	46.29	48.10	316200.00	0	543954
2017/07/12	48.21	48.79	47.35	47.71	366697.00	0	522905
2017/07/13	47.70	48.53	47.18	48.37	293394.00	0	515738
2017/07/14	48.37	49.11	48.15	49.09	325868.00	0	498594
2017/07/17	49.14	49.26	48.31	48.37	245707.00	0	468699
2017/07/18	48.40	49.41	48.24	48.70	274788.00	0	432905
2017/07/19	48.70	49.81	48.58	49.57	325176.00	0	395481
2017/07/20	49.65	50.19	49.19	49.28	353389.00	0	357565
2017/07/21	49.33	49.65	47.81	47.93	365298.00	0	312710
2017/07/24	47.96	48.77	47.68	48.71	311131.00	0	261756
2017/07/25	48.64	50.91	48.63	50.69	301069.00	0	224057
2017/07/26	50.63	51.06	50.07	50.89	281901.00	0	193593
2017/07/27	50.86	51.64	50.50	51.60	204447.00	0	156947
2017/07/28	51.60	52.70	51.31	52.63	203379.00	0	114386
2017/07/31	52.60	52.92	52.20	52.62	27392.00	0	58754
2017/08/01	52.70	52.93	50.88	51.47	415044.00	0	536183
2017/08/02	51.38	52.43	51.18	52.29	429253.00	0	537117
2017/08/03	52.24	52.89	51.77	51.93	427663.00	0	499097
2017/08/04	51.97	52.52	51.43	52.46	300945.00	0	479629
2017/08/07	52.39	52.53	51.37	52.30	295061.00	0	465687
2017/08/08	52.24	52.73	51.82	51.99	265528.00	0	448347
2017/08/09	51.99	52.85	51.81	52.82	289366.00	0	443688
2017/08/10	52.72	53.64	51.67	51.82	481788.00	0	429322
2017/08/11	51.94	52.28	51.30	52.05	272923.00	0	423798
2017/08/14	52.02	52.38	50.55	50.62	302189.00	0	422130
2017/08/15	50.65	51.15	50.02	51.00	355955.00	0	406615
2017/08/16	50.98	51.40	50.15	50.40	323567.00	0	391784
2017/08/17	50.40	51.12	50.00	50.80	351754.00	0	366090
2017/08/18	50.89	52.96	50.78	52.86	342323.00	0	343949
2017/08/21	53.00	53.00	51.30	51.70	299823.00	0	322929
2017/08/22	51.78	52.28	51.39	51.67	334680.00	0	278420
2017/08/23	51.68	52.63	51.45	52.52	309799.00	0	240163
2017/08/24	52.55	52.71	51.61	52.13	279716.00	0	208656
2017/08/25	52.30	52.68	51.93	52.35	241006.00	0	180392
2017/08/28	52.38	52.84	51.52	52.05	153386.00	0	154343
2017/08/29	52.04	52.19	51.36	51.95	157479.00	0	129938
2017/08/30	51.97	52.01	50.58	50.82	191354.00	0	95481
2017/08/31	50.58	52.43	50.56	52.31	35498.00	0	44919
2017/09/01	52.84	52.95	52.24	52.69	280061.00	0	558506
2017/09/04	52.85	52.85	51.99	52.20	140306.00	0	537015
2017/09/05	52.30	53.66	52.09	53.19	325817.00	0	523173
2017/09/06	53.16	54.31	53.09	54.17	348243.00	0	511097
2017/09/07	54.13	54.67	53.89	54.50	333864.00	0	508905
2017/09/08	54.54	54.87	53.57	53.75	337283.00	0	495289
2017/09/11	53.82	54.14	53.04	53.93	308724.00	0	479765
2017/09/12	53.77	54.44	53.42	54.28	311019.00	0	460626
2017/09/13	54.18	55.21	54.03	55.08	321259.00	0	451154
2017/09/14	55.02	55.99	54.93	55.28	359691.00	0	408488
2017/09/15	55.29	55.85	54.86	55.48	290818.00	0	363067
2017/09/18	55.59	55.95	54.82	55.44	299167.00	0	336107
2017/09/19	55.48	55.89	54.89	55.40	245447.00	0	295959
2017/09/20	55.35	56.48	55.26	56.18	320489.00	0	285985
2017/09/21	56.17	56.53	55.76	56.45	276899.00	0	269408
2017/09/22	56.50	56.91	56.22	56.90	236570.00	0	236391
2017/09/25	56.87	59.25	56.70	59.12	248455.00	0	214019
2017/09/26	59.05	59.49	57.77	58.59	238915.00	0	185335
2017/09/27	58.57	58.89	57.57	57.65	160294.00	0	132277
2017/09/28	57.70	58.65	56.85	57.54	150512.00	0	95394
2017/09/29	57.60	57.80	57.14	57.51	28164.00	0	57872
2017/10/02	56.73	56.76	55.50	56.07	378009.00	0	667950
2017/10/03	56.10	56.40	55.70	55.72	300135.00	0	660801
2017/10/04	55.67	56.20	55.38	55.74	356177.00	0	645339
2017/10/05	55.77	57.24	55.70	56.99	400501.00	0	616188
2017/10/06	56.99	57.28	55.13	55.68	429054.00	0	630303
2017/10/09	55.50	55.98	55.06	55.77	332797.00	0	612045
2017/10/10	55.78	56.91	55.73	56.55	318335.00	0	589444
2017/10/11	56.56	57.09	56.14	56.67	337816.00	0	575608
2017/10/12	56.74	56.83	55.88	56.40	372481.00	0	555120
2017/10/13	56.44	57.57	56.34	57.20	350370.00	0	545548
2017/10/16	57.28	58.47	57.12	57.92	367718.00	0	541030
2017/10/17	57.78	58.35	57.18	58.11	427042.00	0	507582
2017/10/18	58.16	58.54	57.74	58.20	347852.00	0	472400
2017/10/19	58.24	58.30	57.02	57.33	457391.00	0	434133
2017/10/20	57.32	57.94	56.60	57.94	393636.00	0	358351
2017/10/23	57.95	58.05	57.27	57.33	381790.00	0	315391
2017/10/24	57.41	58.57	57.04	58.53	360793.00	0	264629
2017/10/25	58.44	58.74	57.85	58.44	279693.00	0	230538
2017/11/03	60.88	62.23	60.60	62.09	272739.00	0	0
2017/11/06	62.27	64.44	62.08	64.11	356994.00	0	0
2017/11/07	64.12	64.65	63.50	63.54	389455.00	0	0
2017/11/08	63.69	64.64	62.95	63.49	418072.00	0	0
2017/11/09	63.52	64.25	63.26	63.81	319856.00	0	0
2017/11/10	63.80	64.27	63.35	63.60	307944.00	0	0
2017/11/13	63.68	63.77	62.61	63.13	335154.00	0	0
2017/11/14	63.06	63.17	61.21	61.52	418939.00	0	0
2017/11/15	61.55	62.13	61.30	61.84	279411.00	0	0
2017/11/16	61.88	62.15	61.25	61.37	314062.00	0	0
2017/11/17	61.41	62.92	61.08	62.63	356729.00	0	0
2017/11/20	62.80	62.80	61.44	62.15	283479.00	0	0
2017/11/21	62.10	62.87	62.07	62.76	338157.00	0	0
2017/11/22	62.78	63.43	62.62	63.29	322870.00	0	0
2017/11/23	63.24	63.57	62.88	63.42	113080.00	0	0
2017/11/24	63.35	63.95	63.28	63.73	152696.00	0	0
2017/11/27	63.80	63.99	63.10	63.76	249086.00	0	0
2017/11/28	63.78	63.89	63.10	63.37	186934.00	0	0
2017/11/29	63.30	64.07	62.50	63.35	178202.00	0	0
2017/11/30	63.28	64.21	63.21	63.57	26207.00	0	0
2017/12/01	62.74	64.32	62.59	63.70	308136.00	0	0
2017/12/04	63.50	63.68	62.31	62.47	250521.00	0	0
2017/12/05	62.45	63.15	62.12	62.68	219338.00	0	0
2017/12/06	62.64	62.93	61.13	61.20	314261.00	0	0
2017/12/07	61.30	62.26	61.15	62.10	238964.00	0	0
2017/12/08	62.08	63.64	62.01	63.35	362385.00	0	0
2017/12/11	63.29	64.93	62.99	64.81	487924.00	0	0
2017/12/12	64.66	65.83	63.07	63.86	508993.00	0	0
2017/12/13	63.80	64.32	62.36	62.78	354367.00	0	0
2017/12/14	62.81	63.50	62.01	63.39	277672.00	0	0
2017/12/15	63.39	63.68	63.08	63.23	212976.00	0	0
2017/12/18	63.36	63.91	63.00	63.39	234617.00	0	0
2017/12/19	63.41	63.91	63.30	63.88	213190.00	0	0
2017/12/20	63.83	64.60	63.67	64.50	222727.00	0	0
2017/12/21	64.49	64.93	64.20	64.64	155417.00	0	0
2017/12/22	64.63	65.28	64.38	65.04	110419.00	0	0
2017/12/26	65.20	67.10	65.00	66.79	74246.00	0	0
2017/12/27	66.76	66.94	66.03	66.37	122431.00	0	0
2017/12/28	66.43	66.85	66.23	66.57	35088.00	0	0
2017/12/29	66.15	66.65	66.15	66.58	15809.00	0	0
