'399006'	创业板指	日线
日期	开盘	最高	最低	收盘	成交量	成交额	MA1	MA2	MA3	MA4	MA5	MA6
2013/01/04	717.30	718.39	699.17	705.34	10144828.00	15154003968	709.6	708.957	707.104	688.79	664.279	671.223
2013/01/07	704.37	718.11	702.39	718.11	10828472.00	15829220352	711.725	712.437	708.91	695.391	668.944	671.16
2013/01/08	718.43	735.34	716.30	733.14	13556817.00	19833141248	725.625	718.863	715.624	702.874	674.385	671.516
2013/01/09	732.01	740.64	727.91	734.51	13175455.00	18678317056	733.825	728.587	720.992	709.516	679.236	671.943
2013/01/10	734.31	743.55	734.31	741.18	11541677.00	16211091456	737.845	736.277	726.456	715.658	683.979	672.597
2013/01/11	740.90	746.04	730.40	731.59	13876465.00	20569317376	736.385	735.76	731.706	719.405	688.5	673.034
2013/01/14	735.65	761.73	735.18	760.55	14605320.00	22010693632	746.07	744.44	740.194	724.552	694.552	673.891
2013/01/15	763.63	781.42	763.63	778.60	17366908.00	25882937344	769.575	756.913	749.286	732.455	701.873	674.859
2013/01/16	777.04	779.93	762.04	774.49	13673648.00	20057542656	776.545	771.213	757.282	739.137	707.786	675.777
2013/01/17	773.79	775.82	767.49	768.31	10598854.00	15815666688	771.4	773.8	762.708	744.582	713.721	676.51
2013/01/18	771.31	787.50	771.31	787.39	10860702.00	16637217792	777.85	776.73	773.868	752.787	720.789	677.779
2013/01/21	788.07	793.23	783.42	792.60	10446622.00	16241294336	789.995	782.767	780.278	760.236	727.813	679.193
2013/01/22	792.31	792.55	769.09	775.14	11331764.00	17303310336	783.87	785.043	779.586	764.436	733.655	680.489
2013/01/23	773.74	779.56	765.36	778.48	9171227.00	14057893888	776.81	782.073	780.384	768.833	739.174	682.041
2013/01/24	778.64	784.32	750.36	757.87	11159146.00	16720373760	768.175	770.497	778.296	770.502	743.08	683.203
2013/01/25	757.61	766.78	756.61	762.85	7258003.00	10749982720	760.36	766.4	773.388	773.628	746.516	684.424
2013/01/28	764.09	784.76	764.09	784.76	8328960.00	12456331264	773.805	768.493	771.82	776.049	750.3	685.976
2013/01/29	785.76	795.07	785.76	791.67	9819117.00	15013084160	788.215	779.76	775.126	777.356	754.906	687.474
2013/01/30	791.96	792.77	778.30	783.68	9572741.00	14417985536	787.675	786.703	776.166	778.275	758.706	688.846
2013/01/31	784.11	784.11	771.15	776.01	9124011.00	13519121408	779.845	783.787	779.794	779.045	761.813	690.232
2013/02/01	775.11	785.52	772.94	782.36	8442919.00	12554439680	779.185	780.683	783.696	778.542	765.664	691.763
2013/02/04	783.74	786.56	767.85	771.90	9158984.00	13392113664	777.13	776.757	781.124	776.472	768.354	693.132
2013/02/05	768.41	781.57	765.97	780.98	7394332.00	11308107776	776.44	778.413	778.986	777.056	770.746	694.884
2013/02/06	781.32	794.50	781.32	791.26	7177630.00	10775900160	786.12	781.38	780.502	778.334	773.583	696.86
2013/02/07	792.86	806.31	789.37	805.59	7153997.00	11240184832	798.425	792.61	786.418	783.106	776.804	699.01
2013/02/08	804.96	824.31	804.96	823.03	8513248.00	13504157696	814.31	806.627	794.552	789.124	781.376	701.605
2013/02/18	829.66	835.66	825.95	835.28	10496588.00	15841469440	829.155	821.3	807.228	794.176	785.112	704.44
2013/02/19	834.97	835.41	816.96	819.71	9619500.00	14588089344	827.495	826.007	814.974	796.98	787.168	707.115
2013/02/20	819.03	850.86	819.03	850.86	10784608.00	16691671040	835.285	835.283	826.894	803.698	790.987	710.359
2013/02/21	846.64	853.27	829.60	839.30	12723522.00	18881634304	845.08	836.623	833.636	810.027	794.536	713.399
2013/02/22	837.13	848.16	836.87	838.76	9580222.00	13950876672	839.03	842.973	836.782	815.667	797.104	716.435
2013/02/25	838.88	857.85	838.88	855.69	10134053.00	15521518592	847.225	844.583	840.864	824.046	800.259	719.695
2013/02/26	853.28	865.80	849.94	851.22	11871814.00	19095382016	853.455	848.557	847.166	831.07	804.063	723.019
2013/02/27	852.13	856.12	835.94	846.09	10080143.00	15728187392	848.655	851	846.212	836.553	807.443	726.263
2013/02/28	846.34	861.10	844.20	861.10	10356164.00	16057692160	853.595	852.803	850.572	842.104	812.605	729.967
2013/03/01	860.80	885.18	859.83	884.89	13695510.00	21383827456	872.995	864.027	859.798	848.29	818.707	734.443
2013/03/04	880.25	888.79	855.05	863.50	13807495.00	21720938496	874.195	869.83	861.36	851.112	822.644	738.707
2013/03/05	861.23	888.32	857.54	888.10	10776581.00	17242800128	875.8	878.83	868.736	857.951	827.466	743.456
2013/03/06	890.23	905.16	890.23	902.90	13402306.00	21524635648	895.5	884.833	880.098	863.155	833.427	748.392
2013/03/07	902.41	902.41	867.87	877.34	12172461.00	19729743872	890.12	889.447	883.346	866.959	838.493	753.12
2013/03/08	877.73	882.14	861.81	864.70	8671512.00	13639057408	871.02	881.647	879.308	869.553	842.61	757.518
2013/03/11	863.12	872.18	858.04	869.15	6526881.00	10446735360	866.925	870.397	880.438	870.899	847.473	761.59
2013/03/12	869.72	873.47	828.04	839.84	10783893.00	16449540096	854.495	857.897	870.786	869.761	850.416	765.182
2013/03/13	835.46	836.28	821.35	834.05	7152213.00	10652182528	836.945	847.68	857.016	868.557	852.555	768.458
2013/03/14	832.29	845.60	831.57	842.04	6051635.00	9546544128	838.045	838.643	849.956	866.651	854.378	771.72
2013/03/15	841.71	867.87	839.58	853.91	7882427.00	12735345664	847.975	843.333	847.798	863.553	855.922	775.266
2013/03/18	852.15	862.82	850.10	852.12	6612163.00	10568660992	853.015	849.357	844.392	862.415	856.763	778.809
2013/03/19	850.06	854.25	829.19	842.69	6628980.00	10474876928	847.405	849.573	844.962	857.874	857.912	782.318
2013/03/20	842.71	866.27	842.58	866.27	7972105.00	12451496960	854.48	853.693	851.406	854.211	858.683	785.819
2013/03/21	867.90	885.98	866.68	882.73	9362198.00	15108822016	874.5	863.897	859.544	854.75	860.854	789.704
2013/03/22	881.90	884.24	876.92	882.00	7336864.00	11724417024	882.365	877	865.162	856.48	863.016	793.636
2013/03/25	882.75	884.85	874.01	881.76	6744977.00	10735075328	881.88	882.163	871.09	857.741	864.32	797.464
2013/03/26	878.56	879.85	862.67	876.36	7059627.00	11288557568	879.06	880.04	877.824	861.393	865.577	801.098
2013/03/27	876.55	885.77	874.25	882.75	6436412.00	10401600512	879.555	880.29	881.12	866.263	867.41	804.676
2013/03/28	877.85	877.85	861.65	867.51	7385805.00	11886967808	875.13	875.54	878.076	868.81	867.731	807.805
2013/03/29	868.09	872.78	860.96	866.46	5532532.00	9101844480	866.985	872.24	874.968	870.065	866.809	810.677
2013/04/01	866.65	879.92	865.98	877.00	5866251.00	9972400128	871.73	870.323	874.016	872.553	867.484	813.476
2013/04/02	875.33	883.15	843.21	845.16	7456575.00	12862232576	861.08	862.873	867.776	872.8	865.337	815.903
2013/04/03	842.36	845.49	827.27	835.14	6106939.00	9845922816	840.15	852.433	858.254	869.687	861.949	818.027
2013/04/08	824.78	853.62	817.35	853.48	6575442.00	10564588544	844.31	844.593	855.448	866.762	860.756	820.354
2013/04/09	854.51	864.12	853.94	861.99	5703842.00	9177423872	857.735	850.203	854.554	864.761	860.62	822.965
2013/04/10	861.27	861.91	843.10	850.53	5556804.00	8865507328	856.26	855.333	849.26	861.638	859.69	825.172
2013/04/11	853.14	855.96	847.39	847.78	4771678.00	7235178496	849.155	853.433	849.784	858.78	860.086	827.083
2013/04/12	847.20	854.22	845.85	846.61	4371018.00	6728069120	847.195	848.307	852.078	855.166	860.714	828.951
2013/04/15	844.11	845.75	834.01	836.34	3993101.00	6128634880	841.475	843.577	848.65	852.049	860.43	830.537
2013/04/16	828.94	846.05	824.84	846.05	4382004.00	6647623168	841.195	843	845.462	850.008	860.036	832.445
2013/04/17	845.09	867.51	844.92	867.51	5291209.00	8736038912	856.78	849.967	848.858	849.059	860.806	834.227
2013/04/18	862.70	876.00	860.72	873.48	6084981.00	9963131904	870.495	862.347	853.998	851.891	862.346	835.809
2013/04/19	874.88	895.87	874.88	892.21	8028408.00	13077398528	882.845	877.733	863.118	857.598	863.643	837.771
2013/04/22	890.93	916.02	889.26	916.02	8193787.00	14337880064	904.115	893.903	879.054	863.852	865.307	840.232
2013/04/23	916.42	916.54	892.11	893.79	8480976.00	14524445696	904.905	900.673	888.602	867.032	865.896	842.006
2013/04/24	894.69	925.01	894.69	923.41	8772878.00	15710850048	908.6	911.073	899.782	874.32	867.979	844.186
2013/04/25	924.22	937.56	903.61	903.63	10505929.00	19587078144	913.52	906.943	905.812	879.905	869.343	846.328
2013/04/26	902.00	904.30	886.40	889.38	7160700.00	12785017856	896.505	905.473	905.246	884.182	869.674	848.176
2013/05/02	887.08	914.17	883.79	913.65	5383285.00	10506944512	901.515	902.22	904.772	891.913	871.981	850.772
2013/05/03	916.01	940.28	916.01	939.21	7910952.00	14597169152	926.43	914.08	913.856	901.229	875.619	853.711
2013/05/06	941.09	962.63	941.09	958.02	10341541.00	18598533120	948.615	936.96	920.778	910.28	879.669	856.599
2013/05/07	956.42	964.71	949.84	957.44	9122569.00	15957875712	957.73	951.557	931.54	918.676	885.284	859.362
2013/05/08	960.98	980.08	960.70	980.08	10723616.00	18857281536	968.76	965.18	949.68	927.463	892.531	862.635
2013/05/09	978.94	994.27	978.07	992.16	13408967.00	23758632960	986.12	976.56	965.382	935.077	899.464	866.238
2013/05/10	989.15	996.59	977.43	988.30	12371031.00	21310416896	990.23	986.847	975.2	944.528	905.78	869.67
2013/05/13	989.37	995.25	978.72	995.11	10894688.00	18306514944	991.705	991.857	982.618	951.698	913.009	873.39
2013/05/14	992.62	992.62	971.35	976.33	10262555.00	17409345536	985.72	986.58	986.396	958.968	919.437	876.646
2013/05/15	976.95	1012.67	976.95	1012.66	11464506.00	19375796224	994.495	994.7	992.912	971.296	927.739	880.336
2013/05/16	1010.95	1034.35	999.49	1009.53	16214896.00	27452921856	1011.095	999.507	996.386	980.884	936.398	883.735
2013/05/17	1006.47	1029.11	1004.42	1023.40	13263336.00	21290094592	1016.465	1015.197	1003.406	989.303	945.266	887.075
2013/05/20	1025.17	1052.70	1025.17	1051.65	16894820.00	27767123968	1037.525	1028.193	1014.714	998.666	954.473	890.681
2013/05/21	1049.60	1074.89	1045.46	1073.58	17795688.00	29065637888	1062.615	1049.543	1034.164	1010.28	964.478	894.912
2013/05/22	1067.44	1067.50	1036.31	1039.81	17050076.00	27248619520	1056.695	1055.013	1039.594	1016.253	971.858	898.061
2013/05/23	1035.31	1061.53	1033.12	1042.90	14146082.00	22701936640	1041.355	1052.097	1046.268	1021.327	978.202	901.455
2013/05/24	1044.29	1073.78	1044.29	1073.78	15023081.00	24297490432	1058.34	1052.163	1056.344	1029.875	987.202	905.372
2013/05/27	1075.83	1091.25	1075.83	1089.72	16132261.00	26457536512	1081.75	1068.8	1063.958	1039.336	995.517	909.272
2013/05/28	1089.77	1090.16	1055.64	1059.00	15413444.00	23989071872	1074.36	1074.167	1061.042	1047.603	1003.286	912.735
2013/05/29	1055.60	1067.03	1053.18	1065.96	11569456.00	17909067776	1062.48	1071.56	1066.272	1052.933	1012.115	916.399
2013/05/30	1063.00	1078.46	1059.83	1073.87	12702507.00	20346195968	1069.915	1066.277	1072.466	1059.367	1020.125	919.946
2013/05/31	1074.48	1086.33	1068.07	1073.02	14032823.00	22499551232	1073.445	1070.95	1072.314	1064.329	1026.816	923.081
2013/06/03	1070.73	1074.82	1050.21	1052.14	12668299.00	21331224576	1062.58	1066.343	1064.798	1064.378	1031.522	926.225
2013/06/04	1049.10	1049.26	1011.40	1022.46	12745387.00	20321660928	1037.3	1049.207	1057.49	1059.266	1034.773	928.464
2013/06/05	1021.02	1038.03	1021.02	1032.76	9397943.00	14973290496	1027.61	1035.787	1050.85	1058.561	1037.407	930.629
2013/06/06	1027.05	1031.36	1020.83	1022.13	9843383.00	15174045696	1027.445	1025.783	1040.502	1056.484	1038.906	933.042
2013/06/07	1022.56	1039.65	1018.45	1030.14	10557897.00	16621047808	1026.135	1028.343	1031.926	1052.12	1040.998	935.799
2013/06/13	1019.47	1029.28	986.05	1029.28	9936155.00	16138307584	1029.71	1027.183	1027.354	1046.076	1042.706	938.468
2013/06/14	1029.93	1069.81	1029.93	1068.15	11803686.00	20003014656	1048.715	1042.523	1036.492	1046.991	1047.297	942.273
2013/06/17	1074.53	1091.91	1068.61	1073.69	13475017.00	23780831232	1070.92	1057.04	1044.678	1047.764	1050.349	946.267
2013/06/18	1073.31	1078.53	1053.33	1072.93	11576012.00	19697608704	1073.31	1071.59	1054.838	1047.67	1053.519	950.115
2013/06/19	1064.74	1070.35	1053.80	1067.63	10743146.00	17854930944	1070.28	1071.417	1062.336	1047.131	1055.73	953.677
2013/06/20	1060.38	1067.95	1027.84	1029.53	11540617.00	18814150656	1048.58	1056.697	1062.386	1044.87	1054.624	956.634
2013/06/21	1007.87	1030.13	988.22	1025.50	11389660.00	17502574592	1027.515	1040.887	1053.856	1045.174	1052.22	959.681
2013/06/24	1023.22	1023.22	961.84	971.45	12623825.00	19105257472	998.475	1008.827	1033.408	1039.043	1048.802	961.434
2013/06/25	958.35	991.64	903.67	984.75	15317767.00	23112775680	978.1	993.9	1015.772	1035.305	1045.895	963.135
2013/06/26	984.94	1039.01	984.88	1038.98	16903148.00	26334160896	1011.865	998.393	1010.042	1036.189	1044.155	965.751
2013/06/27	1043.66	1063.02	1020.46	1022.50	17666648.00	28082198528	1030.74	1015.41	1008.636	1035.511	1040.793	968.096
2013/06/28	1012.64	1037.42	1002.19	1011.66	12387924.00	19117445120	1017.08	1024.38	1005.868	1029.862	1038.427	970.352
2013/07/01	1011.27	1055.84	1005.80	1055.84	12474594.00	19904763904	1033.75	1030	1022.746	1028.077	1037.921	973.236
2013/07/02	1056.91	1086.40	1056.91	1083.25	15790757.00	26463344640	1069.545	1050.25	1042.446	1029.109	1038.39	976.832
2013/07/03	1079.65	1108.49	1065.51	1104.58	16168071.00	27607484416	1093.915	1081.223	1055.566	1032.804	1039.968	980.801
2013/07/04	1097.77	1105.79	1085.40	1087.90	14852731.00	24740081664	1096.24	1091.91	1068.646	1038.641	1041.755	984.316
2013/07/05	1087.69	1091.82	1057.13	1057.27	13408042.00	21923588096	1072.585	1083.25	1077.768	1041.818	1043.496	987.851
2013/07/08	1035.94	1057.04	1015.67	1030.60	12582243.00	18990876672	1043.935	1058.59	1072.72	1047.733	1043.388	991.109
2013/07/09	1028.56	1051.51	1026.46	1050.72	10557293.00	16838218752	1040.66	1046.197	1066.214	1054.33	1044.818	994.396
2013/07/10	1049.21	1069.39	1048.73	1068.86	12160100.00	19681974272	1059.79	1050.06	1059.07	1057.318	1046.754	997.844
2013/07/11	1066.70	1082.78	1057.44	1080.78	13950763.00	21739335680	1074.82	1066.787	1057.646	1063.146	1049.328	1001.681
2013/07/12	1079.33	1117.69	1077.31	1096.30	15481149.00	25711355904	1088.54	1081.98	1065.452	1071.61	1050.736	1005.823
2013/07/15	1096.19	1139.57	1096.19	1139.57	17356196.00	29363378176	1117.935	1105.55	1087.246	1079.983	1054.03	1010.706
2013/07/16	1141.57	1153.07	1129.74	1143.20	17169448.00	27951022080	1141.385	1126.357	1105.742	1085.978	1057.543	1015.82
2013/07/17	1140.73	1149.47	1118.85	1129.48	17598208.00	28429379584	1136.34	1137.417	1117.866	1088.468	1060.636	1020.544
2013/07/18	1124.79	1138.09	1118.63	1127.97	16214187.00	25474951168	1128.725	1133.55	1127.304	1092.475	1065.558	1024.885
2013/07/19	1125.77	1156.09	1116.01	1116.01	18433528.00	29472653312	1121.99	1124.487	1131.246	1098.349	1070.083	1028.927
2013/07/22	1109.96	1153.77	1107.34	1153.77	15878729.00	25835337728	1134.89	1132.583	1134.086	1110.666	1079.199	1033.286
2013/07/23	1161.08	1179.46	1160.45	1178.59	19928652.00	32615868416	1166.18	1149.457	1141.164	1123.453	1088.891	1037.663
2013/07/24	1181.36	1208.13	1177.59	1203.31	20958972.00	34708639744	1190.95	1178.557	1155.93	1136.898	1097.108	1042.821
2013/07/25	1205.62	1207.23	1148.81	1150.39	20110376.00	33801039872	1176.85	1177.43	1160.414	1143.859	1103.502	1046.604
2013/07/26	1150.25	1166.21	1133.16	1158.35	14411688.00	24185319424	1154.37	1170.683	1168.882	1150.064	1110.837	1050.85
2013/07/29	1155.81	1168.47	1136.40	1136.98	13991334.00	23761197056	1147.665	1148.573	1165.524	1149.805	1114.894	1054.976
2013/07/30	1137.15	1147.02	1095.65	1124.10	13415517.00	22088368128	1130.54	1139.81	1154.626	1147.895	1116.937	1058.484
2013/07/31	1126.10	1143.37	1117.34	1134.02	11352306.00	18354393088	1129.06	1131.7	1140.768	1148.349	1118.408	1061.731
2013/08/01	1135.45	1191.12	1135.45	1190.11	16891922.00	27429804032	1162.065	1149.41	1148.712	1154.563	1123.519	1065.599
2013/08/02	1196.17	1208.33	1187.31	1188.85	19517892.00	31209889792	1189.48	1170.993	1154.812	1161.847	1130.098	1069.456
2013/08/05	1186.73	1202.83	1182.54	1202.83	16244668.00	25389408256	1195.84	1193.93	1167.982	1166.753	1138.709	1073.168
2013/08/06	1202.09	1219.12	1200.69	1211.78	16970664.00	28006707200	1207.305	1201.153	1185.518	1170.072	1146.762	1076.828
2013/08/07	1208.50	1209.37	1173.26	1175.70	16533909.00	27025330176	1193.74	1196.77	1193.854	1167.311	1152.104	1079.952
2013/08/08	1172.09	1195.92	1165.32	1185.96	12980114.00	21070544896	1180.83	1191.147	1193.024	1170.868	1157.364	1083.133
2013/08/09	1185.64	1194.78	1153.45	1172.52	14222932.00	23022673920	1179.24	1178.06	1189.758	1172.285	1161.174	1086.402
2013/08/12	1174.09	1185.37	1146.02	1161.87	14338272.00	23048910848	1167.195	1173.45	1181.566	1174.774	1162.29	1088.889
2013/08/13	1161.49	1180.61	1151.68	1172.33	13353812.00	20796624896	1167.1	1168.907	1173.676	1179.597	1163.746	1091.603
2013/08/14	1175.63	1186.29	1160.02	1180.66	16202466.00	25033854976	1176.495	1171.62	1174.668	1184.261	1166.305	1094.224
2013/08/15	1177.85	1184.40	1165.77	1167.09	15192214.00	23629225984	1173.875	1173.36	1170.894	1181.959	1168.261	1096.148
2013/08/16	1158.96	1178.84	1131.44	1132.09	15946678.00	24698320896	1149.59	1159.947	1162.808	1176.283	1169.065	1097.123
2013/08/19	1126.64	1172.03	1125.59	1171.40	13073910.00	21206249472	1151.745	1156.86	1164.714	1173.14	1169.947	1099.316
2013/08/20	1170.99	1180.99	1164.38	1175.78	15348980.00	24397283328	1173.59	1159.757	1165.404	1169.54	1169.806	1101.531
2013/08/21	1173.61	1185.54	1169.49	1181.34	14205580.00	22532610048	1178.56	1176.173	1165.54	1170.104	1168.708	1103.323
2013/08/22	1180.19	1204.59	1178.41	1197.13	15582737.00	25670359040	1189.235	1184.75	1171.548	1171.221	1171.044	1105.114
2013/08/23	1200.68	1225.89	1188.82	1219.83	18475568.00	32292446208	1208.48	1199.433	1189.096	1175.952	1174.119	1107.794
2013/08/26	1220.98	1241.47	1220.58	1238.17	15475788.00	26959392768	1229	1218.377	1202.45	1183.582	1179.178	1110.664
2013/08/27	1238.27	1251.04	1226.38	1250.75	15101603.00	25907140608	1244.46	1236.25	1217.444	1191.424	1185.51	1113.612
2013/08/28	1244.01	1253.40	1228.00	1228.00	16908632.00	29987182592	1239.375	1238.973	1226.776	1196.158	1190.209	1116.195
2013/08/29	1224.61	1236.46	1217.52	1226.30	12459208.00	21806219264	1227.15	1235.017	1232.61	1202.079	1192.019	1119.098
2013/08/30	1221.87	1226.36	1181.89	1185.15	15474750.00	25330362368	1205.725	1213.15	1225.674	1207.385	1191.834	1121.809
2013/09/02	1179.32	1210.53	1178.01	1210.19	9910558.00	17221804032	1197.67	1207.213	1220.078	1211.264	1192.202	1124.766
2013/09/03	1217.77	1234.59	1214.30	1234.59	10850674.00	19774689280	1222.39	1209.977	1216.846	1217.145	1193.343	1128.307
2013/09/04	1233.50	1245.78	1227.32	1236.35	11878652.00	21525065728	1235.47	1227.043	1218.516	1222.646	1196.375	1131.744
2013/09/05	1233.82	1267.53	1233.26	1267.26	13692141.00	25634555904	1251.805	1246.067	1226.708	1229.659	1200.44	1135.711
2013/09/06	1267.84	1288.26	1261.58	1282.75	14537532.00	26119628800	1275.005	1262.12	1246.228	1235.951	1205.952	1139.287
2013/09/09	1282.65	1283.70	1258.13	1275.91	15545329.00	28535408640	1279.33	1275.307	1259.372	1239.725	1211.653	1142.658
2013/09/10	1277.87	1278.04	1254.01	1263.59	14939381.00	26942611456	1269.75	1274.083	1265.172	1241.009	1216.217	1145.835
2013/09/11	1256.66	1256.66	1216.37	1220.71	16208156.00	26570354688	1242.15	1253.403	1262.044	1240.28	1218.219	1148.387
2013/09/12	1215.69	1236.59	1211.60	1220.63	10582306.00	17855041536	1220.67	1234.977	1252.718	1239.713	1220.896	1151.572
2013/09/13	1221.15	1256.04	1210.40	1253.45	11193164.00	20388632576	1237.04	1231.597	1246.858	1246.543	1226.964	1155.371
2013/09/16	1254.47	1297.64	1254.47	1278.80	12435700.00	24339529728	1266.125	1250.96	1247.436	1253.404	1232.334	1160.493
2013/09/17	1279.26	1285.63	1267.71	1269.36	11536022.00	21436207104	1274.08	1267.203	1248.59	1256.881	1237.013	1165.237
2013/09/18	1268.34	1292.33	1262.33	1289.64	11226571.00	20341110784	1279.5	1279.267	1262.376	1262.21	1242.428	1169.415
2013/09/23	1292.76	1326.41	1291.33	1326.09	15010865.00	26553442304	1307.865	1295.03	1283.468	1268.093	1248.876	1174.474
2013/09/24	1325.89	1340.52	1310.33	1328.40	16213363.00	29200130048	1327.245	1314.71	1298.458	1272.658	1254.304	1179.753
2013/09/25	1324.19	1344.39	1320.11	1323.04	14115350.00	26173960192	1325.72	1325.843	1307.306	1277.371	1258.548	1184.207
2013/09/26	1318.52	1332.12	1301.14	1306.34	13170773.00	24308912128	1314.69	1319.26	1314.702	1281.646	1261.328	1187.925
2013/09/27	1305.51	1330.69	1301.48	1323.76	12841526.00	23197800448	1315.05	1317.713	1321.526	1291.951	1266.115	1191.578
2013/09/30	1329.56	1368.66	1329.56	1367.91	11271965.00	22024212480	1345.835	1332.67	1329.89	1306.679	1273.196	1196.245
2013/10/08	1376.37	1389.73	1363.90	1387.66	14307748.00	28890826752	1377.785	1359.777	1341.742	1320.1	1283.322	1201.751
2013/10/09	1385.96	1418.48	1382.10	1415.83	15712792.00	31598168064	1401.745	1390.467	1360.3	1333.803	1293.604	1208.172
2013/10/10	1422.36	1423.97	1377.32	1378.15	17595100.00	35573190656	1396.99	1393.88	1374.662	1344.682	1300.781	1213.629
2013/10/11	1377.98	1386.54	1357.49	1379.90	15418385.00	30153472000	1379.025	1391.293	1385.89	1353.708	1307.959	1218.813
2013/10/14	1374.47	1394.34	1370.72	1393.60	15929058.00	29836699648	1386.75	1383.883	1391.028	1360.459	1314.276	1224.026
2013/10/15	1397.21	1409.50	1378.81	1389.75	17424880.00	32699947008	1391.675	1387.75	1391.446	1366.594	1319.626	1228.917
2013/10/16	1393.01	1393.10	1323.87	1335.10	16294064.00	31582318592	1362.425	1372.817	1375.3	1367.8	1322.585	1232.176
2013/10/17	1339.31	1355.65	1317.75	1322.99	16227186.00	29471256576	1329.045	1349.28	1364.268	1369.465	1325.556	1235.173
2013/10/18	1327.10	1353.97	1327.10	1349.94	13405969.00	24821760000	1336.465	1336.01	1358.276	1372.083	1332.017	1238.847
2013/10/21	1358.88	1403.11	1358.88	1400.97	17347150.00	31820214272	1375.455	1357.967	1359.75	1375.389	1341.034	1243.397
2013/10/22	1401.47	1408.46	1348.69	1350.47	21904618.00	40047497216	1375.72	1367.127	1351.894	1371.67	1345.885	1247.305
2013/10/23	1336.23	1336.23	1293.82	1311.23	17911764.00	31975895040	1330.85	1354.223	1347.12	1361.21	1347.506	1249.929
2013/10/24	1307.11	1319.37	1287.88	1295.93	12197037.00	22412675072	1303.58	1319.21	1341.708	1352.988	1348.835	1251.885
2013/10/25	1298.72	1304.49	1255.59	1269.17	14500064.00	26000588800	1282.55	1292.11	1325.554	1341.915	1347.812	1252.982
2013/10/28	1264.14	1286.00	1262.34	1279.05	12298115.00	21853786112	1274.11	1281.383	1301.17	1330.46	1345.459	1255.127
2013/10/29	1276.27	1292.97	1205.00	1261.68	17475128.00	29907226624	1270.365	1269.967	1283.412	1317.653	1342.124	1256.849
2013/10/30	1256.24	1274.34	1251.01	1273.29	12776898.00	23099461632	1267.485	1271.34	1275.824	1311.472	1339.636	1259.121
2013/10/31	1266.56	1266.56	1232.40	1235.56	11966456.00	21578762240	1254.425	1256.843	1263.75	1302.729	1336.097	1260.978
2013/11/01	1227.69	1233.57	1198.81	1221.96	11666154.00	21308014592	1228.76	1243.603	1254.308	1289.931	1331.007	1262.444
2013/11/04	1217.28	1240.88	1216.85	1222.46	10090941.00	18139619328	1222.21	1226.66	1242.99	1272.08	1323.734	1262.983
2013/11/05	1217.64	1260.37	1208.35	1260.03	12312914.00	21556760576	1241.245	1234.817	1242.66	1263.036	1317.353	1264.17
2013/11/06	1255.47	1277.43	1241.76	1241.79	13869196.00	25085134848	1250.91	1241.427	1236.36	1256.092	1308.651	1264.819
2013/11/07	1234.24	1250.57	1219.31	1224.05	10827570.00	18638213120	1232.92	1241.957	1234.058	1248.904	1300.946	1265.023
2013/11/08	1215.68	1226.32	1204.52	1211.11	10027417.00	17887412224	1217.58	1225.65	1231.888	1243.098	1292.506	1265.614
2013/11/11	1208.26	1223.77	1191.18	1212.69	9151372.00	16533172224	1211.9	1215.95	1229.934	1236.462	1283.461	1266.059
2013/11/12	1213.31	1233.19	1209.54	1228.35	11849087.00	20715919360	1220.52	1217.383	1223.598	1233.129	1275.391	1266.99
2013/11/13	1226.53	1236.39	1210.66	1212.08	11896718.00	20988618752	1220.215	1217.707	1217.656	1227.008	1269.24	1267.826
2013/11/14	1207.45	1251.77	1200.71	1249.67	14711835.00	26829185024	1230.875	1230.033	1222.78	1228.419	1265.574	1269.115
2013/11/15	1248.26	1287.08	1248.07	1269.05	17592110.00	32555859968	1259.36	1243.6	1234.368	1233.128	1261.53	1270.589
2013/11/18	1275.55	1295.21	1275.55	1291.15	17372800.00	30896437248	1280.1	1269.957	1250.06	1239.997	1256.039	1272.656
2013/11/19	1293.06	1312.07	1289.91	1298.17	17254948.00	30573379584	1294.66	1286.123	1264.024	1243.811	1253.423	1275.424
2013/11/20	1299.68	1303.45	1283.66	1299.26	14999286.00	26687565824	1298.715	1296.193	1281.46	1249.558	1252.825	1277.555
2013/11/21	1295.93	1304.74	1288.21	1298.95	15510614.00	28426131456	1299.105	1298.793	1291.316	1257.048	1252.976	1279.608
2013/11/22	1298.47	1300.96	1283.88	1295.07	13785260.00	25550043136	1297.01	1297.76	1296.52	1265.444	1254.271	1281.504
2013/11/25	1290.84	1305.23	1283.66	1293.80	13616777.00	25799727104	1294.435	1295.94	1297.05	1273.555	1255.009	1283.115
2013/11/26	1291.62	1299.67	1280.01	1291.85	14632953.00	28137744384	1292.825	1293.573	1295.786	1279.905	1256.517	1284.315
2013/11/27	1290.19	1336.17	1288.58	1329.48	17314918.00	34545840128	1310.665	1305.043	1301.83	1291.645	1259.327	1285.837
2013/11/28	1333.05	1342.82	1331.45	1336.66	17112566.00	33145298944	1333.07	1319.33	1309.372	1300.344	1264.381	1287.269
2013/11/29	1335.63	1369.12	1335.63	1366.83	20077894.00	39800758272	1351.745	1344.323	1323.724	1310.122	1271.625	1289.583
2013/12/02	1296.70	1317.69	1253.34	1253.93	22464032.00	39743901696	1310.38	1319.14	1315.75	1306.4	1273.198	1290.043
2013/12/03	1223.38	1261.77	1198.06	1255.33	19229992.00	33871620096	1254.63	1292.03	1308.446	1302.116	1272.964	1291.213
2013/12/04	1249.59	1276.06	1240.08	1240.29	17508512.00	30552020992	1247.81	1249.85	1290.608	1296.219	1272.889	1291.714
2013/12/05	1234.50	1236.10	1200.46	1202.07	15902429.00	27278831616	1221.18	1232.563	1263.69	1286.531	1271.79	1291.172
2013/12/06	1196.32	1215.49	1194.75	1206.78	11847877.00	20512667648	1204.425	1216.38	1231.68	1277.702	1271.573	1290.679
2013/12/09	1211.39	1241.77	1211.39	1241.72	12274145.00	22353354752	1224.25	1216.857	1229.238	1272.494	1273.025	1290.254
2013/12/10	1244.57	1249.36	1227.06	1231.92	12573792.00	22076481536	1236.82	1226.807	1224.556	1266.501	1273.203	1289.407
2013/12/11	1230.78	1255.06	1226.58	1244.51	11848543.00	21532585984	1238.215	1239.383	1225.4	1258.004	1274.824	1288.883
2013/12/12	1242.15	1285.27	1238.95	1279.32	13711614.00	26085527552	1261.915	1251.917	1240.85	1252.27	1276.307	1289.146
2013/12/13	1274.17	1286.72	1268.65	1278.14	13409044.00	24546897920	1278.73	1267.323	1255.122	1243.401	1276.761	1290.103
2013/12/16	1279.06	1293.94	1266.94	1279.96	14699192.00	26431791104	1279.05	1279.14	1262.77	1246.004	1276.202	1291.092
2013/12/17	1278.53	1282.17	1248.82	1267.67	13695909.00	23406485504	1273.815	1275.257	1269.92	1247.238	1274.677	1291.328
2013/12/18	1267.77	1267.77	1245.96	1256.00	12548336.00	21614481408	1261.835	1267.877	1272.218	1248.809	1272.514	1290.948
2013/12/19	1253.43	1281.82	1253.43	1256.08	12168729.00	22139764736	1256.04	1259.917	1267.57	1254.21	1270.37	1290.727
2013/12/20	1255.82	1266.03	1246.39	1253.71	10887876.00	19358597120	1254.895	1255.263	1262.684	1258.903	1268.302	1290.128
2013/12/23	1251.41	1253.67	1224.99	1242.81	11405589.00	20263745536	1248.26	1250.867	1255.254	1259.012	1265.753	1288.74
2013/12/24	1242.00	1264.72	1241.91	1258.82	12160292.00	21672398848	1250.815	1251.78	1253.484	1261.702	1264.101	1287.581
2013/12/25	1262.00	1288.85	1258.41	1288.34	15466452.00	28048332800	1273.58	1263.323	1259.952	1266.085	1262.044	1287.002
2013/12/26	1290.87	1297.47	1268.14	1269.54	15968421.00	29526122496	1278.94	1272.233	1262.644	1265.107	1258.688	1286.389
2013/12/27	1265.08	1297.62	1265.08	1294.30	16428741.00	28802887680	1281.92	1284.06	1270.762	1266.723	1255.062	1285.898
2013/12/30	1294.42	1307.99	1292.83	1307.99	17242560.00	29918074880	1301.145	1290.61	1283.798	1269.526	1257.765	1284.899
2013/12/31	1302.67	1309.34	1288.94	1304.44	14670009.00	25925107712	1306.215	1302.243	1292.922	1273.203	1260.22	1283.512
2014/01/02	1302.30	1333.10	1299.34	1333.00	16376142.00	28859385856	1318.72	1315.143	1301.854	1280.903	1264.856	1282.132
2014/01/03	1332.35	1355.12	1331.97	1352.84	19116662.00	33475254272	1342.92	1330.093	1318.514	1290.579	1272.395	1281.71
2014/01/06	1350.31	1354.15	1322.72	1323.33	17027572.00	30196234240	1338.085	1336.39	1324.32	1297.541	1278.222	1280.767
2014/01/07	1315.44	1355.40	1312.27	1352.28	14884362.00	25625235456	1337.805	1342.817	1333.178	1308.488	1283.75	1280.078
2014/01/08	1363.31	1409.21	1363.31	1405.02	22492878.00	42087682048	1378.65	1360.21	1353.294	1323.108	1292.405	1280.333
2014/01/09	1401.80	1423.84	1379.65	1380.24	20653468.00	39430127616	1392.63	1379.18	1362.742	1332.298	1299.192	1281.085
2014/01/10	1373.52	1385.86	1347.61	1353.30	13861382.00	24539394048	1366.77	1379.52	1362.834	1340.674	1302.891	1281.59
2014/01/13	1352.01	1374.15	1349.25	1362.79	12307289.00	22095714304	1358.045	1365.443	1370.726	1347.523	1307.123	1281.805
2014/01/14	1364.80	1400.92	1364.80	1400.92	15252891.00	26575872000	1381.855	1372.337	1380.454	1356.816	1313.171	1281.804
2014/01/15	1399.67	1417.42	1397.95	1415.32	16945264.00	30011801600	1408.12	1393.01	1382.514	1367.904	1320.553	1282.885
2014/01/16	1415.57	1423.12	1392.01	1395.16	17455992.00	31597404160	1405.24	1403.8	1385.498	1374.12	1327.511	1284.283
2014/01/17	1395.03	1411.55	1391.62	1395.51	15810389.00	28223369216	1395.335	1401.997	1393.94	1378.387	1334.483	1285.943
2014/01/20	1393.88	1400.94	1362.45	1372.74	16202711.00	28485308416	1384.125	1387.803	1395.93	1383.328	1340.434	1287.669
2014/01/21	1370.69	1407.45	1370.69	1407.15	17582378.00	32114008064	1389.945	1391.8	1397.176	1388.815	1348.651	1289.804
2014/01/22	1407.46	1432.00	1407.46	1431.74	20805984.00	39733313536	1419.445	1403.877	1400.46	1391.487	1357.297	1292.639
2014/01/23	1433.70	1472.34	1433.17	1461.53	22799104.00	44890750976	1446.635	1433.473	1413.734	1399.616	1365.957	1295.776
2014/01/24	1458.21	1493.64	1455.95	1484.43	22093328.00	44243615744	1472.98	1459.233	1431.518	1412.729	1376.702	1299.924
2014/01/27	1477.46	1500.46	1465.14	1477.67	20450628.00	41782992896	1481.05	1474.543	1452.504	1424.217	1385.87	1304.186
2014/01/28	1476.59	1486.42	1448.47	1471.34	16541491.00	34476281856	1474.505	1477.813	1465.342	1431.259	1394.037	1308.334
2014/01/29	1472.54	1497.72	1469.58	1496.53	16506821.00	34668822528	1483.935	1481.847	1478.3	1439.38	1403.642	1312.275
2014/01/30	1494.12	1507.87	1486.82	1495.98	14843349.00	32870326272	1496.255	1487.95	1485.19	1449.462	1411.791	1316.512
2014/02/07	1489.05	1532.82	1483.69	1532.69	15892295.00	34163183616	1514.335	1508.4	1494.842	1463.18	1420.783	1321.656
2014/02/10	1536.99	1557.03	1525.94	1553.42	21682496.00	46050725888	1543.055	1527.363	1509.992	1481.248	1432.288	1327.361
2014/02/11	1550.62	1559.77	1506.04	1527.15	22927988.00	47991296000	1540.285	1537.753	1521.154	1493.248	1441.031	1332.602
2014/02/12	1527.10	1540.33	1513.91	1539.97	21319228.00	44951670784	1533.56	1540.18	1529.842	1504.071	1447.779	1337.796
2014/02/13	1537.26	1539.66	1484.42	1485.13	22065732.00	47121494016	1512.55	1517.417	1527.672	1506.431	1453.024	1342.347
2014/02/14	1484.56	1516.43	1475.95	1515.78	17613824.00	37157060608	1500.455	1513.627	1524.29	1509.566	1461.147	1346.782
2014/02/17	1521.17	1559.12	1521.17	1558.62	21744952.00	46446272512	1537.2	1519.843	1525.33	1517.661	1470.939	1351.608
2014/02/18	1558.74	1561.77	1539.21	1545.34	22319416.00	47633108992	1551.98	1539.913	1528.968	1525.061	1478.16	1355.844
2014/02/19	1544.64	1551.88	1524.39	1544.40	20648878.00	42963501056	1544.87	1549.453	1529.854	1529.848	1484.614	1359.948
2014/02/20	1545.26	1545.51	1504.17	1515.16	18896408.00	40257712128	1529.78	1534.967	1535.86	1531.766	1490.614	1363.547
2014/02/21	1512.17	1526.03	1503.81	1519.67	14334863.00	31613429760	1517.415	1526.41	1536.638	1530.464	1496.822	1367.225
2014/02/24	1517.97	1542.31	1510.46	1540.03	16353711.00	37284003840	1529.85	1524.953	1532.92	1529.125	1505.187	1371.308
2014/02/25	1543.97	1571.40	1460.41	1472.69	25248336.00	57281671168	1506.36	1510.797	1518.39	1523.679	1508.464	1374.289
2014/02/26	1452.06	1468.00	1415.25	1465.99	16707338.00	36270120960	1469.34	1492.903	1502.708	1516.281	1510.176	1377.192
2014/02/27	1467.27	1496.62	1410.97	1414.66	17271362.00	38015369216	1440.325	1451.113	1482.608	1509.234	1507.833	1378.611
2014/02/28	1410.40	1436.88	1393.00	1434.89	13321363.00	29443131392	1424.775	1438.513	1465.652	1501.145	1505.355	1380.249
2014/03/03	1433.90	1466.23	1431.14	1465.14	13234945.00	29790126080	1450.015	1438.23	1450.674	1491.797	1504.729	1381.887
2014/03/04	1462.26	1475.50	1446.27	1460.45	13269342.00	30992726016	1462.795	1453.493	1448.226	1483.308	1504.184	1385.329
2014/03/05	1467.06	1471.04	1454.94	1464.58	12673360.00	28520040448	1462.515	1463.39	1447.944	1475.326	1502.587	1388.817
2014/03/06	1461.12	1464.41	1427.00	1462.53	13201713.00	31236173824	1463.555	1462.52	1457.518	1470.063	1500.915	1392.521
2014/03/07	1463.93	1477.96	1453.63	1460.61	13195195.00	30562627584	1461.57	1462.573	1462.662	1464.157	1497.311	1396.829
2014/03/10	1446.06	1446.06	1404.59	1407.07	13398525.00	27597047808	1433.84	1443.403	1451.048	1450.861	1489.993	1400.168
2014/03/11	1399.90	1410.38	1380.97	1395.81	11194251.00	23542243328	1401.44	1421.163	1438.12	1443.173	1483.426	1402.736
2014/03/12	1390.86	1418.61	1378.89	1399.27	11410842.00	24447969280	1397.54	1400.717	1425.058	1436.501	1476.391	1405.525
2014/03/13	1401.55	1437.15	1401.43	1436.86	9633420.00	20801118208	1418.065	1410.647	1419.924	1438.721	1473.978	1408.731
2014/03/14	1433.46	1450.38	1424.01	1434.02	9565163.00	21222461440	1435.44	1423.383	1414.606	1438.634	1469.89	1411.309
2014/03/17	1436.11	1477.68	1435.32	1477.42	11510241.00	24591351808	1455.72	1449.433	1428.676	1439.862	1465.829	1414.63
2014/03/18	1479.38	1493.39	1478.72	1485.64	13605173.00	30450620416	1481.53	1465.693	1446.642	1442.381	1462.844	1418.058
2014/03/19	1481.49	1482.30	1456.90	1466.22	12309232.00	27095506944	1475.93	1476.427	1460.032	1442.545	1458.936	1421.368
2014/03/20	1463.07	1466.42	1417.17	1417.66	13673304.00	29000951808	1441.94	1456.507	1456.192	1438.058	1454.061	1424.062
2014/03/21	1405.90	1427.92	1379.74	1419.84	12203934.00	25094287360	1418.75	1434.573	1453.356	1433.981	1449.069	1426.791
2014/03/24	1411.78	1416.86	1392.51	1397.29	11350111.00	23877527552	1408.565	1411.597	1437.33	1433.003	1441.932	1429.184
2014/03/25	1392.14	1410.48	1385.00	1394.82	9708193.00	19931201536	1396.055	1403.983	1419.166	1432.904	1438.038	1431.718
2014/03/26	1396.91	1424.25	1396.91	1417.61	10503642.00	21327138816	1406.215	1403.24	1409.444	1434.738	1435.62	1434.364
2014/03/27	1415.55	1417.36	1367.96	1367.96	11704150.00	23262466048	1392.785	1393.463	1399.504	1427.848	1433.285	1435.691
2014/03/28	1363.87	1364.26	1317.41	1330.50	12565198.00	23828635648	1349.23	1372.023	1381.636	1417.496	1428.065	1436.707
2014/03/31	1327.23	1340.47	1315.49	1327.80	8067195.00	15752431616	1329.15	1342.087	1367.738	1402.534	1421.198	1437.266
2014/04/01	1327.18	1355.74	1326.25	1355.05	8320095.00	16861149184	1341.425	1337.783	1359.784	1389.475	1415.928	1438.05
2014/04/02	1356.68	1360.88	1316.90	1327.98	8936018.00	18435670016	1341.515	1336.943	1341.858	1375.651	1409.098	1438.442
2014/04/03	1326.81	1344.32	1318.82	1326.18	8771988.00	17490591744	1327.08	1336.403	1333.502	1366.503	1402.281	1438.329
2014/04/04	1323.41	1347.05	1316.95	1346.74	8297504.00	16559167488	1336.46	1333.633	1336.75	1359.193	1396.587	1438.227
2014/04/08	1335.39	1351.83	1327.80	1351.18	9691708.00	18769580032	1348.96	1341.367	1341.426	1354.582	1393.792	1438.691
2014/04/09	1355.37	1376.69	1355.37	1370.46	11938833.00	23813206016	1360.82	1356.127	1344.508	1352.146	1392.525	1438.994
2014/04/10	1374.61	1395.04	1374.61	1381.14	14063900.00	28469204992	1375.8	1367.593	1355.14	1348.499	1391.619	1438.596
2014/04/11	1370.40	1370.40	1352.13	1363.90	10808003.00	21014593536	1372.52	1371.833	1362.684	1348.093	1387.97	1438.324
2014/04/14	1367.75	1378.32	1367.75	1372.73	9870846.00	19380641792	1368.315	1372.59	1367.882	1352.316	1384.906	1438.648
2014/04/15	1375.69	1380.86	1367.23	1369.89	9744830.00	19139207168	1371.31	1368.84	1371.624	1356.525	1379.53	1438.766
2014/04/16	1365.83	1367.91	1353.78	1359.30	8503591.00	16170486784	1364.595	1367.307	1369.392	1356.95	1373.213	1438.072
2014/04/17	1360.75	1373.85	1360.75	1367.59	8546019.00	16434264064	1363.445	1365.593	1366.682	1360.911	1368.281	1437.277
2014/04/18	1365.36	1377.84	1362.61	1377.42	8829689.00	16940386304	1372.505	1368.103	1369.386	1366.035	1366.269	1436.981
2014/04/21	1367.93	1384.69	1363.01	1363.85	9889346.00	19932610560	1370.635	1369.62	1367.61	1367.746	1363.469	1436.453
2014/04/22	1361.58	1367.63	1317.10	1336.19	10385272.00	20623763456	1350.02	1359.153	1360.87	1366.247	1360.415	1435.844
2014/04/23	1332.93	1338.67	1318.24	1326.44	7666299.00	15531993088	1331.315	1342.16	1354.298	1361.845	1356.995	1434.499
2014/04/24	1325.86	1326.96	1303.23	1319.51	8919226.00	17928544256	1322.975	1327.38	1344.682	1355.682	1352.09	1432.629
2014/04/25	1316.37	1318.07	1290.36	1291.90	8835224.00	16760305664	1305.705	1312.617	1327.578	1348.482	1348.287	1429.802
2014/04/28	1283.64	1283.87	1256.12	1257.26	9609466.00	17432754176	1274.58	1289.557	1306.26	1336.935	1344.625	1426.015
2014/04/29	1253.24	1274.21	1248.32	1266.54	7814229.00	14506906624	1261.9	1271.9	1292.33	1326.6	1341.563	1422.496
2014/04/30	1266.34	1287.77	1266.34	1283.21	7374832.00	13606326272	1274.875	1269.003	1283.684	1318.991	1337.97	1419.361
2014/05/05	1281.16	1302.68	1279.31	1302.15	7805789.00	14705576960	1292.68	1283.967	1280.212	1312.447	1336.679	1416.121
2014/05/06	1301.59	1327.80	1301.59	1316.86	9736761.00	18881607680	1309.505	1300.74	1285.204	1306.391	1336.213	1413.136
2014/05/07	1313.38	1313.38	1289.56	1290.03	9100635.00	17165528064	1303.445	1303.013	1291.758	1299.009	1333.377	1409.092
2014/05/08	1284.44	1300.83	1279.29	1279.84	8548140.00	15493595136	1284.935	1295.577	1294.418	1293.374	1329.811	1404.532
2014/05/09	1279.68	1282.82	1249.56	1258.58	8506314.00	15061428224	1269.21	1276.15	1289.492	1286.588	1324.217	1400.056
2014/05/12	1263.92	1281.10	1250.94	1278.28	8980389.00	15835035648	1268.43	1272.233	1284.718	1282.465	1319.073	1395.694
2014/05/13	1274.57	1293.82	1273.33	1276.24	9329826.00	16388926464	1277.26	1271.033	1276.594	1280.899	1314.691	1392.213
2014/05/14	1273.21	1282.35	1269.24	1278.66	8878107.00	15697821696	1277.45	1277.727	1274.32	1283.039	1309.987	1388.261
2014/05/15	1276.64	1283.43	1253.62	1253.88	10236024.00	18930284544	1266.27	1269.593	1269.128	1281.773	1304.187	1383.182
2014/05/16	1250.38	1252.39	1210.81	1226.47	9953688.00	17949376512	1240.175	1253.003	1262.706	1276.099	1297.545	1377.867
2014/05/19	1224.65	1233.84	1213.99	1228.37	8545538.00	14563391488	1227.42	1236.24	1252.724	1268.721	1290.584	1372.6
2014/05/20	1239.65	1261.94	1239.65	1244.65	10926750.00	19998476288	1236.51	1233.163	1246.406	1261.5	1283.946	1368.092
2014/05/21	1241.02	1257.80	1231.87	1257.80	9256264.00	16086347776	1251.225	1243.607	1242.234	1258.277	1278.643	1363.727
2014/05/22	1259.87	1287.87	1259.87	1269.51	12565253.00	22324895744	1263.655	1257.32	1245.36	1257.244	1275.309	1359.219
2014/05/23	1269.18	1296.84	1262.10	1296.00	12017865.00	21175263232	1282.755	1274.437	1259.266	1260.986	1273.787	1356.274
2014/05/26	1301.87	1323.84	1301.87	1320.76	15387081.00	27351089152	1308.38	1295.423	1277.744	1265.234	1273.849	1353.853
2014/05/27	1319.66	1319.66	1303.15	1306.28	13090007.00	22528012288	1313.52	1307.68	1290.07	1268.238	1274.568	1352.047
2014/05/28	1306.29	1339.03	1306.29	1338.97	16564285.00	29190703104	1322.625	1322.003	1306.304	1274.269	1278.654	1350.448
2014/05/29	1338.30	1341.57	1312.42	1314.21	14197108.00	25754226688	1326.59	1319.82	1315.244	1280.302	1281.037	1347.933
2014/05/30	1312.30	1323.59	1300.09	1318.13	12574903.00	21473501184	1316.17	1323.77	1319.67	1289.468	1282.783	1345.561
2014/06/03	1317.99	1332.78	1317.99	1319.63	12791586.00	22022772736	1318.88	1317.323	1319.444	1298.594	1283.657	1343.145
2014/06/04	1318.33	1321.72	1303.36	1321.72	13109901.00	22923653120	1320.675	1319.827	1322.532	1306.301	1283.901	1340.798
2014/06/05	1320.14	1356.53	1317.53	1355.48	15641622.00	27550183424	1338.6	1332.277	1325.834	1316.069	1287.173	1339.046
2014/06/06	1354.91	1362.98	1340.83	1350.45	16552682.00	28537581568	1352.965	1342.55	1333.082	1324.163	1290.703	1338.102
2014/06/09	1348.77	1349.92	1326.63	1326.68	13532664.00	23049574400	1338.565	1344.203	1334.792	1327.231	1294.109	1336.95
2014/06/10	1327.11	1356.97	1316.84	1353.87	15779122.00	27618537472	1340.275	1343.667	1341.64	1330.542	1297.888	1336.193
2014/06/11	1350.38	1371.25	1348.40	1367.39	18025290.00	30652346368	1360.63	1349.313	1350.774	1336.653	1302.446	1335.036
2014/06/12	1364.41	1375.98	1358.08	1363.74	17077624.00	29256413184	1365.565	1361.667	1352.426	1339.13	1306.699	1333.864
2014/06/13	1361.09	1386.35	1359.65	1382.73	18362712.00	31890423808	1373.235	1371.287	1358.882	1345.982	1313.142	1332.286
2014/06/16	1384.16	1397.63	1384.16	1395.61	19278958.00	34018338816	1389.17	1380.693	1372.668	1353.73	1321.599	1330.786
2014/06/17	1396.38	1396.38	1377.40	1377.43	17134808.00	30727356416	1386.52	1385.257	1377.38	1359.51	1329.052	1329.306
2014/06/18	1377.58	1384.87	1363.75	1363.99	15282855.00	26536611840	1370.71	1379.01	1376.7	1363.737	1335.019	1328.411
2014/06/19	1363.45	1370.31	1310.49	1320.66	16903318.00	28344334336	1342.325	1354.027	1368.084	1360.255	1338.162	1326.758
2014/06/20	1319.11	1335.65	1313.14	1333.98	11907174.00	20364910592	1327.32	1339.543	1358.334	1358.608	1341.385	1325.703
2014/06/23	1335.18	1366.59	1335.18	1361.28	14514949.00	26060371968	1347.63	1338.64	1351.468	1362.068	1344.65	1325.144
2014/06/24	1360.08	1372.16	1359.13	1369.44	14517845.00	25453965312	1365.36	1354.9	1349.87	1363.625	1347.083	1324.341
2014/06/25	1368.66	1368.66	1347.82	1358.71	13895424.00	25052770304	1364.075	1363.143	1348.814	1362.757	1349.705	1324.187
2014/06/26	1360.20	1391.30	1360.20	1386.27	18635116.00	34326831104	1372.49	1371.473	1361.936	1365.01	1352.07	1325.116
2014/06/27	1388.38	1397.97	1382.07	1388.82	18283794.00	34164121600	1387.545	1377.933	1372.904	1365.619	1355.801	1326.134
2014/06/30	1388.47	1404.71	1374.30	1404.71	18787736.00	34382168064	1396.765	1393.267	1381.59	1366.529	1360.13	1326.961
2014/07/01	1405.44	1415.33	1398.15	1411.74	19457800.00	34672238592	1408.225	1401.757	1390.05	1369.96	1364.735	1328.357
2014/07/02	1413.17	1425.30	1402.22	1419.94	20532464.00	36251828224	1415.84	1412.13	1402.296	1375.555	1369.646	1329.92
2014/07/03	1419.81	1428.67	1412.16	1422.60	20417852.00	35608403968	1421.27	1418.093	1409.562	1385.749	1373.002	1331.184
2014/07/04	1421.68	1423.89	1406.21	1411.64	19215140.00	33754025984	1417.12	1418.06	1414.126	1393.515	1376.062	1332.192
2014/07/07	1411.99	1411.99	1381.94	1393.89	18228060.00	31780415488	1402.765	1409.377	1411.962	1396.776	1379.422	1332.582
2014/07/08	1392.35	1410.73	1379.49	1410.73	18990540.00	33694894080	1402.31	1405.42	1411.76	1400.905	1382.265	1333.075
2014/07/09	1410.39	1418.68	1384.26	1384.58	21751112.00	38173835264	1397.655	1396.4	1404.688	1403.492	1383.125	1333.42
2014/07/10	1384.45	1387.89	1362.35	1363.88	16514057.00	29716563968	1374.23	1386.397	1392.944	1401.253	1383.131	1333.273
2014/07/11	1361.57	1372.12	1351.77	1359.34	15365743.00	27890270208	1361.61	1369.267	1382.484	1398.305	1381.962	1333.097
2014/07/14	1358.17	1367.82	1342.56	1367.07	17042174.00	30878248960	1363.205	1363.43	1377.12	1394.541	1380.535	1333.226
2014/07/15	1364.08	1366.16	1332.87	1341.27	19208906.00	33258430464	1354.17	1355.893	1363.228	1387.494	1378.727	1332.788
2014/07/16	1338.92	1344.36	1310.86	1318.62	16034403.00	28027240448	1329.945	1342.32	1350.036	1377.362	1376.458	1331.808
2014/07/17	1315.09	1323.24	1304.58	1312.81	11842502.00	21050556416	1315.715	1324.233	1339.822	1366.383	1376.066	1330.957
2014/07/18	1309.96	1321.93	1300.76	1305.92	11155743.00	19311482880	1309.365	1312.45	1329.138	1355.811	1374.663	1330.453
2014/07/21	1304.72	1313.56	1287.23	1306.96	12051163.00	20787912704	1306.44	1308.563	1317.116	1347.118	1371.947	1330.128
2014/07/22	1306.32	1330.29	1305.03	1329.35	12251800.00	21147637760	1318.155	1314.077	1314.732	1338.98	1369.943	1330.292
2014/07/23	1330.14	1332.36	1287.64	1293.09	14436101.00	25155893248	1311.22	1309.8	1309.626	1329.831	1366.661	1330.312
2014/07/24	1291.48	1291.48	1255.69	1271.88	14051676.00	23820675072	1282.485	1298.107	1301.44	1320.631	1360.942	1330.555
2014/07/25	1271.43	1288.67	1270.37	1285.77	10526882.00	18069393408	1278.825	1283.58	1297.41	1313.274	1355.79	1330.876
2014/07/28	1289.10	1316.04	1286.66	1314.53	13836976.00	22428647424	1300.15	1290.727	1298.924	1308.02	1351.281	1331.398
2014/07/29	1315.75	1337.53	1310.84	1331.76	15257236.00	25686810624	1323.145	1310.687	1299.406	1307.069	1347.281	1331.891
2014/07/30	1330.19	1345.35	1329.07	1342.74	15005275.00	26036912128	1337.25	1329.677	1309.336	1309.481	1343.422	1332.323
2014/07/31	1342.73	1346.22	1334.26	1344.54	13773805.00	22911027200	1343.64	1339.68	1323.868	1312.654	1339.519	1333.231
2014/08/01	1339.98	1343.58	1324.19	1325.94	16091303.00	25580283904	1335.24	1337.74	1331.902	1314.656	1335.234	1334
2014/08/04	1325.01	1331.80	1324.26	1329.82	12393538.00	20114651136	1327.88	1333.433	1334.96	1316.942	1332.03	1335.187
2014/08/05	1330.32	1363.12	1321.20	1360.69	19490644.00	32314269696	1345.255	1338.817	1340.746	1320.076	1329.528	1336.56
2014/08/06	1357.53	1368.53	1353.95	1365.74	15491641.00	25903112192	1363.215	1352.083	1345.346	1327.341	1328.586	1338.052
2014/08/07	1365.18	1381.46	1361.33	1362.03	16000261.00	26280693760	1363.885	1362.82	1348.844	1336.356	1328.494	1339.442
2014/08/08	1368.06	1381.44	1368.06	1377.45	14450099.00	24448174080	1369.74	1368.407	1359.146	1345.524	1329.399	1341.501
2014/08/11	1379.47	1397.97	1379.47	1397.78	17239952.00	28335915008	1387.615	1379.087	1372.738	1353.849	1330.934	1344.356
2014/08/12	1398.15	1402.75	1393.11	1396.44	17256326.00	28757676032	1397.11	1390.557	1379.888	1360.317	1333.693	1347.157
2014/08/13	1396.26	1397.10	1370.08	1384.31	18046572.00	30312953856	1390.375	1392.843	1383.602	1364.474	1336.978	1349.485
2014/08/14	1384.72	1394.52	1378.95	1380.30	18617046.00	30235213824	1382.305	1387.017	1387.256	1368.05	1340.352	1351.527
2014/08/15	1382.87	1392.49	1377.93	1392.45	17949344.00	28453138432	1386.375	1385.687	1390.256	1374.701	1344.678	1353.576
2014/08/18	1394.64	1429.00	1394.64	1428.74	22445292.00	38135820288	1410.595	1400.497	1396.448	1384.593	1350.767	1355.788
2014/08/19	1436.42	1446.79	1427.06	1436.40	24187900.00	42152771584	1432.57	1419.197	1404.44	1392.164	1356.12	1357.715
2014/08/20	1438.29	1438.29	1421.92	1427.40	19028784.00	33431709696	1431.9	1430.847	1413.058	1398.33	1362.835	1359.734
2014/08/21	1428.63	1447.91	1421.24	1447.88	19577488.00	35003805696	1437.64	1437.227	1426.574	1406.915	1371.635	1361.549
2014/08/22	1450.10	1465.67	1446.04	1461.72	22099974.00	39074168832	1454.8	1445.667	1440.428	1415.342	1380.433	1364.008
2014/08/25	1461.21	1461.49	1439.86	1443.81	19962448.00	35683692544	1452.765	1451.137	1443.442	1419.945	1386.897	1366.102
2014/08/26	1440.70	1443.60	1406.34	1411.15	18360056.00	31833665536	1427.48	1438.893	1438.392	1421.416	1390.866	1367.628
2014/08/27	1411.76	1427.32	1411.76	1420.54	13789764.00	24509405184	1415.845	1425.167	1437.02	1425.039	1394.756	1369.275
2014/08/28	1423.34	1424.29	1398.56	1403.80	13699751.00	24695592960	1412.17	1411.83	1428.204	1427.389	1397.719	1370.08
2014/08/29	1400.84	1424.47	1400.83	1424.47	11562447.00	21466454016	1414.135	1416.27	1420.754	1430.591	1402.646	1371.314
2014/09/01	1428.37	1453.12	1427.93	1452.84	15490858.00	28766844928	1438.655	1427.037	1422.56	1433.001	1408.797	1373.416
2014/09/02	1457.51	1465.04	1452.71	1465.03	20826444.00	38989291520	1458.935	1447.447	1433.336	1435.864	1414.014	1375.269
2014/09/03	1468.09	1479.83	1461.23	1477.67	23968684.00	43823415296	1471.35	1465.18	1444.762	1440.891	1419.61	1377.107
2014/09/04	1478.33	1495.81	1472.89	1495.51	24424652.00	46283096064	1486.59	1479.403	1463.104	1445.654	1426.285	1379.303
2014/09/05	1497.99	1498.26	1482.04	1489.84	21209166.00	38922432512	1492.675	1487.673	1476.178	1448.466	1431.904	1381.088
2014/09/09	1492.45	1497.42	1479.06	1494.02	21566028.00	39473815552	1491.93	1493.123	1484.414	1453.487	1436.716	1382.729
2014/09/10	1491.41	1506.47	1484.71	1504.91	21773264.00	39693217792	1499.465	1496.257	1492.39	1462.863	1442.14	1384.853
2014/09/11	1506.00	1532.31	1502.39	1513.01	26218382.00	48113979392	1508.96	1503.98	1499.458	1472.11	1448.574	1387.337
2014/09/12	1512.40	1524.33	1506.88	1524.12	20829284.00	37790330880	1518.565	1514.013	1505.18	1484.142	1455.766	1390.728
2014/09/15	1522.57	1528.57	1517.30	1526.14	23470992.00	44328919040	1525.13	1521.09	1512.44	1494.309	1462.45	1393.931
2014/09/16	1527.07	1529.40	1471.61	1473.13	27119822.00	49893613568	1499.635	1507.797	1508.262	1496.338	1464.67	1395.795
2014/09/17	1473.52	1481.06	1456.50	1479.12	17503912.00	31575248896	1476.125	1492.797	1503.104	1497.747	1466.806	1397.623
2014/09/18	1477.31	1492.61	1474.65	1490.79	15765160.00	28453120000	1484.955	1481.013	1498.66	1499.059	1469.975	1399.824
2014/09/19	1492.10	1501.39	1486.28	1499.12	16834432.00	30654992384	1494.955	1489.677	1493.66	1499.42	1472.537	1401.705
2014/09/22	1496.96	1496.96	1480.18	1483.35	18443516.00	33527093248	1491.235	1491.087	1485.102	1498.771	1473.619	1403.28
2014/09/23	1485.51	1502.04	1483.04	1500.99	17264768.00	32133980160	1492.17	1494.487	1490.674	1499.468	1476.478	1404.885
2014/09/24	1501.04	1517.42	1497.89	1517.42	20795696.00	37969571840	1509.205	1500.587	1498.334	1500.719	1481.791	1406.646
2014/09/25	1520.10	1523.25	1505.65	1508.42	22699612.00	41689153536	1512.92	1508.943	1501.86	1500.26	1486.185	1408.121
2014/09/26	1506.31	1512.80	1502.50	1511.36	18315998.00	33634256896	1509.89	1512.4	1504.308	1498.984	1491.563	1409.6
2014/09/29	1515.38	1526.36	1515.38	1526.18	21163798.00	41018589184	1518.77	1515.32	1512.874	1498.988	1496.649	1411.509
2014/09/30	1527.26	1540.95	1527.26	1540.87	19584148.00	37207044096	1533.525	1526.137	1520.85	1505.762	1501.05	1413.959
2014/10/08	1543.59	1557.57	1537.01	1557.57	21221706.00	41662418944	1549.22	1541.54	1528.88	1513.607	1505.677	1416.406
2014/10/09	1562.10	1569.06	1541.67	1561.17	25641920.00	49641316352	1559.37	1553.203	1539.43	1520.645	1509.852	1419.349
2014/10/10	1559.93	1563.87	1546.22	1554.22	22691636.00	43535392768	1557.695	1557.653	1548.002	1526.155	1512.787	1422.522
2014/10/13	1548.18	1548.88	1527.70	1548.33	21551882.00	40575688704	1551.275	1554.573	1552.432	1532.653	1515.712	1425.672
2014/10/14	1546.67	1560.06	1532.44	1539.12	20848820.00	39319674880	1543.725	1547.223	1552.082	1536.466	1517.967	1428.539
2014/10/15	1539.35	1545.75	1527.19	1545.62	19598466.00	37716774912	1542.37	1544.357	1549.692	1539.286	1520.002	1431.945
2014/10/16	1539.86	1551.84	1526.54	1526.56	20861354.00	40500736000	1536.09	1537.1	1542.77	1541.1	1520.68	1435.411
2014/10/17	1527.46	1529.55	1488.47	1511.05	20135110.00	39014699008	1518.805	1527.743	1534.136	1541.069	1520.026	1438.715
2014/10/20	1513.42	1532.38	1513.42	1532.38	14849203.00	30518734848	1521.715	1523.33	1530.946	1541.689	1520.339	1442.489
2014/10/21	1535.07	1537.67	1515.93	1517.48	15816636.00	32957552640	1524.93	1520.303	1526.618	1539.35	1522.556	1445.998
2014/10/22	1518.80	1524.80	1503.82	1504.55	15915657.00	32090527744	1511.015	1518.137	1518.404	1534.048	1523.828	1448.918
2014/10/23	1500.55	1501.72	1474.04	1477.84	16279293.00	31424616448	1491.195	1499.957	1508.66	1525.715	1523.18	1451.997
2014/10/24	1478.34	1493.53	1473.06	1477.59	12401053.00	25079300096	1477.715	1486.66	1501.968	1518.052	1522.104	1455.425
2014/10/27	1473.66	1492.01	1465.96	1492.01	14263074.00	29399910400	1484.8	1482.48	1493.894	1512.42	1522.536	1458.863
2014/10/28	1495.69	1522.05	1495.69	1522.05	17756332.00	35487727616	1507.03	1497.217	1494.808	1510.713	1523.589	1462.321
2014/10/29	1525.98	1535.80	1524.08	1530.08	21378044.00	42886037504	1526.065	1514.713	1499.914	1509.159	1524.223	1465.627
2014/10/30	1532.91	1539.21	1522.64	1525.77	19050520.00	38141149184	1527.925	1525.967	1509.5	1509.08	1525.09	1468.677
2014/10/31	1527.61	1529.55	1502.25	1513.27	18562324.00	36989104128	1519.52	1523.04	1516.636	1509.302	1525.186	1471.489
2014/11/03	1513.25	1529.90	1513.20	1529.89	17033744.00	34225203200	1521.58	1522.977	1524.212	1509.053	1525.371	1474.889
2014/11/04	1531.82	1538.18	1514.47	1516.40	17887450.00	37143367680	1523.145	1519.853	1523.082	1508.945	1524.147	1477.998
2014/11/05	1514.77	1517.02	1505.98	1512.49	14780292.00	29673394176	1514.445	1519.593	1519.564	1509.739	1521.894	1480.528
2014/11/06	1513.72	1532.87	1510.78	1532.52	15875527.00	34072264704	1522.505	1520.47	1520.914	1515.207	1520.461	1483.308
2014/11/07	1535.49	1543.72	1517.29	1522.63	20891040.00	44834619392	1527.575	1522.547	1522.786	1519.711	1518.881	1485.984
2014/11/10	1525.20	1526.38	1506.80	1514.82	16067553.00	34714324992	1518.725	1523.323	1519.772	1521.992	1517.206	1488.274
2014/11/11	1513.53	1514.37	1452.03	1461.51	21596510.00	44860280832	1488.165	1499.653	1508.794	1515.938	1513.326	1489.336
2014/11/12	1457.24	1476.03	1455.09	1475.75	13969499.00	32598974464	1468.63	1484.027	1501.446	1510.505	1509.832	1490.658
2014/11/13	1473.74	1473.74	1434.27	1442.86	17414930.00	37327691776	1459.305	1460.04	1483.514	1502.214	1505.647	1491.634
2014/11/14	1438.97	1449.10	1435.50	1441.21	12663599.00	28843270144	1442.035	1453.273	1467.23	1495.008	1502.155	1492.649
2014/11/17	1444.06	1474.36	1437.99	1471.69	13918227.00	29531920384	1456.45	1451.92	1458.604	1489.188	1499.12	1493.97
2014/11/18	1471.08	1483.14	1470.51	1481.86	12484839.00	26750095360	1476.775	1464.92	1462.674	1485.734	1497.339	1494.855
2014/11/19	1488.46	1509.73	1488.46	1505.55	15606058.00	33045878784	1493.705	1486.367	1468.634	1485.04	1497.39	1496.007
2014/11/20	1504.58	1504.58	1491.65	1494.59	14503131.00	31737737216	1500.07	1494	1478.98	1481.247	1498.227	1497.127
2014/11/21	1493.16	1508.22	1493.16	1504.83	15206726.00	32712544256	1499.71	1501.657	1491.704	1479.467	1499.589	1498.077
2014/11/24	1513.43	1515.84	1497.85	1507.81	18094254.00	38274613248	1506.32	1502.41	1498.928	1478.766	1500.379	1498.845
2014/11/25	1510.62	1541.92	1510.25	1541.92	21329324.00	46797197312	1524.865	1518.187	1510.94	1486.807	1501.373	1500.48
2014/11/26	1544.69	1561.30	1544.10	1554.22	21577372.00	46695690240	1548.07	1534.65	1520.674	1494.654	1502.579	1502.864
2014/11/27	1557.77	1566.83	1548.29	1563.41	23686674.00	49206325248	1558.815	1553.183	1534.438	1506.709	1504.462	1505.245
2014/11/28	1562.83	1582.48	1558.31	1570.85	25520128.00	54329827328	1567.13	1562.827	1547.642	1519.673	1507.34	1508.03
2014/12/01	1569.65	1569.65	1544.18	1552.31	22709752.00	49710891008	1561.58	1562.19	1556.542	1527.735	1508.462	1510.16
2014/12/02	1554.46	1567.54	1552.13	1565.42	20650692.00	48101085184	1558.865	1562.86	1561.242	1536.091	1510.912	1512.037
2014/12/03	1568.47	1604.88	1540.42	1604.45	30089868.00	66045599744	1584.935	1574.06	1571.288	1545.981	1515.51	1514.36
2014/12/04	1604.89	1631.31	1604.89	1621.85	26899516.00	59788689408	1613.15	1597.24	1582.976	1558.707	1519.977	1516.763
2014/12/05	1626.12	1626.12	1544.47	1581.91	29046140.00	62846476288	1601.88	1602.737	1585.188	1566.415	1522.941	1518.203
2014/12/08	1575.30	1600.87	1554.79	1567.16	26040996.00	56643538944	1574.535	1590.307	1588.158	1572.35	1525.558	1519.492
2014/12/09	1557.02	1577.75	1504.23	1504.62	29630280.00	61334167552	1535.89	1551.23	1575.998	1568.62	1527.714	1519.669
2014/12/10	1499.33	1576.89	1499.33	1572.69	22694196.00	50381885440	1538.655	1548.157	1569.646	1570.467	1532.561	1520.798
2014/12/11	1572.61	1593.38	1563.32	1587.67	22251396.00	46450765824	1580.18	1554.993	1562.81	1572.893	1539.801	1522.043
2014/12/12	1588.24	1626.34	1586.75	1623.57	21641050.00	46398451712	1605.62	1594.643	1571.142	1578.165	1548.919	1523.7
2014/12/15	1623.60	1664.26	1619.70	1657.50	22168992.00	49688518656	1640.535	1622.913	1589.21	1588.684	1558.209	1525.89
2014/12/16	1665.30	1674.98	1636.18	1649.58	20250356.00	44942323712	1653.54	1643.55	1618.202	1597.1	1566.595	1528.83
2014/12/17	1639.15	1652.98	1623.70	1644.21	20235830.00	45344460800	1646.895	1650.43	1632.506	1601.076	1573.528	1531.582
2014/12/18	1641.58	1663.67	1633.26	1634.05	17653812.00	39560753152	1639.13	1642.613	1641.782	1602.296	1580.501	1533.969
2014/12/19	1627.80	1627.80	1568.98	1596.81	19852326.00	41436057600	1615.43	1625.023	1636.43	1603.786	1585.1	1535.598
2014/12/22	1583.96	1583.96	1510.05	1517.93	21296532.00	41640431616	1557.37	1582.93	1608.516	1598.863	1585.606	1536.174
2014/12/23	1501.53	1543.35	1489.12	1496.53	16067375.00	32707217408	1507.23	1537.09	1577.906	1598.054	1583.337	1536.1
2014/12/24	1502.67	1524.27	1501.23	1519.80	14578911.00	29425821696	1508.165	1511.42	1553.024	1592.765	1581.616	1536.139
2014/12/25	1522.00	1531.64	1514.23	1529.47	14030108.00	30177665024	1524.635	1515.267	1532.108	1586.945	1579.919	1536.49
2014/12/26	1531.20	1539.16	1524.01	1536.08	13861502.00	28996108288	1532.775	1528.45	1519.962	1578.196	1578.181	1536.902
2014/12/29	1531.12	1531.12	1491.21	1499.40	18402872.00	36797177856	1517.74	1521.65	1516.256	1562.386	1575.535	1536.456
2014/12/30	1491.10	1493.44	1450.05	1460.11	16799420.00	33609265152	1479.755	1498.53	1508.972	1543.439	1570.27	1535.11
2014/12/31	1455.68	1479.86	1451.29	1471.76	14413885.00	28909641728	1465.935	1477.09	1499.364	1526.194	1563.635	1533.68
2015/01/05	1470.58	1470.58	1429.08	1464.77	17918524.00	34433372160	1468.265	1465.547	1486.424	1509.266	1555.781	1532.073
2015/01/06	1458.57	1542.15	1454.14	1539.83	23463900.00	47275859968	1502.3	1492.12	1487.174	1503.568	1553.677	1531.833
2015/01/07	1542.40	1547.25	1517.37	1523.39	18445960.00	37899427840	1531.61	1509.33	1491.972	1504.114	1551.489	1531.417
2015/01/08	1516.83	1565.77	1516.83	1541.89	18696816.00	39204134912	1532.64	1535.037	1508.328	1508.65	1553.352	1531.464
2015/01/09	1535.33	1583.75	1534.61	1553.24	18988280.00	40919945216	1547.565	1539.507	1524.624	1511.994	1552.38	1531.591
2015/01/12	1552.05	1587.18	1550.62	1586.12	16188545.00	35995717632	1569.68	1560.417	1548.894	1517.659	1552.302	1532.583
2015/01/13	1587.69	1611.13	1578.40	1601.17	17954630.00	40398032896	1593.645	1580.177	1561.162	1524.168	1551.182	1534.085
2015/01/14	1598.72	1605.16	1579.55	1588.01	15881401.00	34749378560	1594.59	1591.767	1574.086	1533.029	1547.708	1535.012
2015/01/15	1584.68	1606.56	1578.22	1586.34	14727005.00	32266881024	1587.175	1591.84	1582.976	1545.652	1544.546	1536.16
2015/01/16	1586.71	1641.53	1586.64	1639.56	18420218.00	41371299840	1612.95	1604.637	1600.24	1562.432	1544.313	1538.41
2015/01/19	1608.25	1691.14	1599.66	1630.07	26167228.00	58451271680	1634.815	1618.657	1609.03	1578.962	1544.114	1540.948
2015/01/20	1635.57	1700.94	1635.57	1700.85	26255332.00	57614446592	1665.46	1656.827	1628.966	1595.064	1549.316	1544.668
2015/01/21	1704.10	1729.84	1701.87	1722.58	29807348.00	65253957632	1711.715	1684.5	1655.88	1614.983	1559.548	1548.511
2015/01/22	1723.24	1744.08	1716.39	1744.04	25850792.00	57605296128	1733.31	1722.49	1687.42	1635.198	1571.924	1552.211
2015/01/23	1742.09	1742.09	1693.52	1697.29	23622924.00	53181366272	1720.665	1721.303	1698.966	1649.603	1580.798	1554.998
2015/01/26	1698.99	1740.37	1698.99	1739.79	20324148.00	45847670784	1718.54	1727.04	1720.91	1664.97	1591.314	1558.565
2015/01/27	1742.47	1754.21	1715.53	1743.68	22208742.00	50015432704	1741.735	1726.92	1729.476	1679.221	1601.694	1562.405
2015/01/28	1741.07	1759.00	1727.92	1731.41	22204674.00	49983389696	1737.545	1738.293	1731.242	1693.561	1613.295	1565.764
2015/01/29	1717.40	1733.63	1709.36	1711.37	17053768.00	37907546112	1721.39	1728.82	1724.708	1706.064	1625.858	1569.013
2015/01/30	1712.85	1721.14	1679.69	1680.58	17600388.00	38058115072	1695.975	1707.787	1721.366	1710.166	1636.299	1571.815
2015/02/02	1667.12	1708.71	1660.05	1696.83	16017327.00	37366624256	1688.705	1696.26	1712.774	1716.842	1647.902	1574.553
2015/02/03	1703.93	1762.73	1703.93	1750.91	22107002.00	54048165888	1723.87	1709.44	1714.22	1721.848	1658.456	1578.358
2015/02/04	1753.77	1770.20	1743.02	1757.74	21675340.00	51146969088	1754.325	1735.16	1719.486	1725.364	1670.173	1582.407
2015/02/05	1757.23	1809.72	1741.96	1774.31	27268284.00	66054610944	1766.025	1760.987	1732.074	1728.391	1681.795	1587.62
2015/02/06	1772.35	1783.62	1725.64	1730.97	22554474.00	55238836224	1752.64	1754.34	1742.152	1731.759	1690.681	1591.874
2015/02/09	1727.22	1753.50	1702.56	1708.85	17274076.00	41558933504	1719.91	1738.043	1744.556	1728.665	1696.818	1596.307
2015/02/10	1707.26	1747.86	1700.88	1747.68	14723102.00	36367364096	1728.265	1729.167	1743.91	1729.065	1704.143	1601.415
2015/02/11	1748.23	1783.24	1748.23	1772.85	17429104.00	45064384512	1760.265	1743.127	1746.932	1733.209	1713.385	1606.434
2015/02/12	1777.22	1799.46	1776.35	1788.81	18833004.00	48114233344	1780.83	1769.78	1749.832	1740.953	1723.509	1611.55
2015/02/13	1798.54	1828.24	1796.41	1825.49	23434640.00	59694768128	1807.15	1795.717	1768.736	1755.444	1732.805	1616.882
2015/02/16	1836.71	1897.66	1836.71	1896.63	25701182.00	66160893952	1861.06	1836.977	1806.292	1775.424	1746.133	1623.583
2015/02/17	1908.18	1909.91	1873.17	1894.31	20837924.00	54925651968	1895.47	1872.143	1835.618	1789.764	1755.806	1630.074
2015/02/25	1899.39	1909.65	1872.10	1876.75	22085808.00	56275333120	1885.53	1889.23	1856.398	1801.665	1763.515	1636.223
2015/02/26	1875.33	1891.78	1847.73	1880.39	22057948.00	54480478208	1878.57	1883.817	1874.714	1812.273	1770.332	1641.864
2015/02/27	1880.63	1928.04	1880.63	1928.04	25087030.00	63018668032	1904.215	1895.06	1895.224	1831.98	1781.87	1648.095
2015/03/02	1944.11	1987.80	1940.32	1986.99	32869532.00	85074780160	1957.515	1931.807	1913.296	1859.794	1794.229	1655.154
2015/03/03	1987.33	2004.03	1961.01	1961.74	33661208.00	85460164608	1974.365	1958.923	1926.782	1881.2	1805.133	1661.669
2015/03/04	1960.54	2011.08	1960.54	2009.83	29329328.00	75183980544	1985.785	1986.187	1953.398	1904.898	1819.053	1669.295
2015/03/05	2015.70	2032.22	1997.46	2014.79	30333940.00	80855138304	2012.31	1995.453	1980.278	1927.496	1834.224	1676.784
2015/03/06	2016.81	2018.18	1949.29	1951.40	27454184.00	70917914624	1983.095	1992.007	1984.95	1940.087	1847.766	1682.567
2015/03/09	1941.42	1996.90	1932.82	1994.39	23708890.00	63647719424	1972.895	1986.86	1986.43	1949.863	1862.644	1688.776
2015/03/10	2001.19	2048.30	2001.19	2045.32	26879784.00	72778653696	2019.855	1997.037	2003.146	1964.964	1877.364	1696.499
2015/03/11	2050.76	2054.77	2022.32	2035.83	27548628.00	75002273792	2040.575	2025.18	2008.346	1980.872	1891.269	1704.31
2015/03/12	2034.62	2054.39	1984.91	2018.13	27515748.00	73241354240	2026.98	2033.093	2009.014	1994.646	1903.459	1712.869
2015/03/13	2020.66	2070.95	2011.17	2069.07	25475092.00	67976888320	2043.6	2041.01	2032.548	2008.749	1920.365	1721.142
2015/03/16	2088.20	2144.78	2088.20	2142.67	34782784.00	96233218048	2105.87	2076.623	2062.204	2024.317	1942.056	1730.392
2015/03/17	2149.37	2164.49	2117.78	2137.46	37031744.00	101002174464	2140.065	2116.4	2080.632	2041.889	1961.545	1738.957
2015/03/18	2138.37	2186.02	2124.98	2182.92	37750040.00	97714544640	2160.19	2154.35	2110.05	2059.198	1982.048	1747.714
2015/03/19	2184.76	2192.55	2160.99	2183.88	34983556.00	91582242816	2183.4	2168.087	2143.2	2076.107	2001.802	1756.619
2015/03/20	2187.47	2232.08	2187.01	2213.77	35792060.00	99762601984	2198.825	2193.523	2172.14	2102.344	2021.215	1766.111
2015/03/23	2225.85	2293.92	2221.71	2293.65	39047312.00	112421412864	2253.71	2230.433	2202.336	2132.27	2041.067	1777.104
2015/03/24	2310.51	2363.05	2253.20	2357.97	48344704.00	145633673216	2325.81	2288.463	2246.438	2163.535	2064.25	1789.791
2015/03/25	2364.94	2405.56	2344.11	2385.01	42627896.00	130670174208	2371.49	2345.543	2286.856	2198.453	2089.663	1804.242
2015/03/26	2362.45	2370.30	2270.79	2291.79	43457616.00	132777164800	2338.4	2344.923	2308.438	2225.819	2110.232	1817.496
2015/03/27	2274.68	2326.42	2267.87	2323.82	31041900.00	92140838912	2307.805	2333.54	2330.448	2251.294	2130.021	1830.896
2015/03/30	2319.31	2332.60	2266.85	2290.48	33193596.00	96755793920	2307.15	2302.03	2329.814	2266.075	2145.196	1843.58
2015/03/31	2294.32	2358.21	2288.31	2335.17	34588776.00	101099175936	2312.825	2316.49	2325.254	2285.846	2163.867	1856.898
2015/04/01	2347.00	2407.49	2345.75	2404.91	34211588.00	102125166592	2370.04	2343.52	2329.234	2308.045	2183.622	1871.99
2015/04/02	2434.76	2475.32	2420.19	2475.32	39817436.00	122291331072	2440.115	2405.133	2365.94	2337.189	2206.648	1888.91
2015/04/03	2469.85	2515.57	2460.94	2510.16	39200268.00	125450190848	2492.74	2463.463	2403.208	2366.828	2234.586	1906.217
2015/04/07	2530.07	2557.87	2522.26	2556.70	39071936.00	129140310016	2533.43	2514.06	2456.452	2393.133	2262.701	1924.416
2015/04/08	2566.94	2568.09	2442.82	2488.16	43774348.00	141805682688	2522.43	2518.34	2487.05	2406.152	2284.844	1940.221
2015/04/09	2481.69	2501.30	2346.89	2496.49	40257708.00	129849622528	2492.325	2513.783	2505.366	2417.3	2307.876	1956.439
2015/04/10	2475.55	2567.68	2457.82	2552.83	35139352.00	116996292608	2524.66	2512.493	2520.868	2443.404	2334.612	1973.288
2015/04/13	2558.19	2596.92	2545.26	2577.78	38288464.00	129764769792	2565.305	2542.367	2534.392	2468.8	2360.047	1990.364
2015/04/14	2584.59	2593.70	2539.94	2558.85	36477492.00	125662101504	2568.315	2563.153	2534.822	2495.637	2380.856	2006.576
2015/04/15	2548.99	2548.99	2441.74	2441.74	36021332.00	117231788032	2500.295	2526.123	2525.538	2506.294	2396.07	2020.586
2015/04/16	2420.93	2532.30	2407.85	2484.33	30450606.00	99346317312	2463.035	2494.973	2523.106	2514.236	2411.14	2035.525
2015/04/17	2507.47	2511.98	2453.28	2463.99	33251374.00	104600199168	2474.16	2463.353	2505.338	2513.103	2425.146	2050.152
2015/04/20	2462.41	2493.20	2411.34	2424.85	34510160.00	102163398656	2444.42	2457.723	2474.752	2504.572	2435.7	2063.24
2015/04/21	2443.12	2566.09	2443.12	2566.09	32057304.00	100331700224	2495.47	2484.977	2476.2	2505.511	2449.322	2078.841
2015/04/22	2610.74	2655.37	2610.74	2634.93	37301988.00	118747168768	2600.51	2541.957	2514.838	2520.188	2463.17	2094.408
2015/04/23	2656.18	2718.26	2656.18	2706.19	38248608.00	125327450112	2670.56	2635.737	2559.21	2541.158	2479.229	2110.802
2015/04/24	2689.91	2747.62	2672.20	2734.75	36429964.00	123181785088	2720.47	2691.957	2613.362	2559.35	2501.377	2127.314
2015/04/27	2781.60	2806.76	2737.15	2747.50	34684444.00	118941270016	2741.125	2729.48	2677.892	2576.322	2522.561	2144.817
2015/04/28	2764.41	2779.20	2650.43	2687.97	34410032.00	110611693568	2717.735	2723.407	2702.268	2589.234	2542.436	2160.62
2015/04/29	2693.48	2798.52	2674.76	2797.52	29865932.00	106317193216	2742.745	2744.33	2734.786	2624.812	2565.553	2178.184
2015/04/30	2825.16	2918.75	2825.16	2857.89	34285828.00	119879106560	2827.705	2781.127	2765.126	2662.168	2588.202	2196.959
2015/05/04	2868.10	2884.44	2803.82	2845.25	29104458.00	102443892736	2851.57	2833.553	2787.226	2700.294	2606.698	2215.857
2015/05/05	2830.79	2845.71	2753.87	2783.44	30083796.00	100796743680	2814.345	2828.86	2794.414	2736.153	2620.363	2234.238
2015/05/06	2806.30	2927.03	2806.30	2846.56	34768112.00	125809033216	2815	2825.083	2826.132	2764.2	2634.855	2253.4
2015/05/07	2824.82	2879.68	2801.47	2806.05	30603594.00	108524773376	2826.305	2812.017	2827.838	2781.312	2650.75	2270.986
2015/05/08	2838.97	2974.37	2838.97	2973.60	38363324.00	134263480320	2889.825	2875.403	2850.98	2808.053	2674.605	2291.25
2015/05/11	3015.43	3150.49	2991.33	3146.83	48013492.00	170680975360	3060.215	2975.493	2911.296	2849.261	2704.305	2314.125
2015/05/12	3176.54	3254.99	3133.96	3250.30	51249204.00	185001017344	3198.565	3123.577	3004.668	2899.541	2737.932	2339.448
2015/05/13	3185.34	3271.18	3123.92	3192.15	46156896.00	171825758208	3221.225	3196.427	3073.786	2949.959	2769.596	2364.169
2015/05/14	3174.45	3228.03	3137.28	3141.59	44148588.00	161797931008	3166.87	3194.68	3140.894	2984.366	2804.589	2387.401
2015/05/15	3109.11	3176.12	3059.86	3145.34	40803048.00	144247455744	3143.465	3159.693	3175.242	3013.111	2837.639	2410.276
2015/05/18	3178.37	3286.41	3178.37	3278.48	42156100.00	155269169152	3211.91	3188.47	3201.572	3056.434	2878.364	2435.104
2015/05/19	3310.09	3340.42	3206.78	3322.77	44285352.00	169730539520	3300.625	3248.863	3216.066	3110.367	2923.26	2460.059
2015/05/20	3339.17	3471.95	3339.17	3406.28	46165536.00	176706289664	3364.525	3335.843	3258.892	3166.339	2965.27	2485.219
2015/05/21	3421.61	3531.84	3421.45	3527.41	44954144.00	178876416000	3466.845	3418.82	3336.056	3238.475	3009.894	2512.438
2015/05/22	3594.59	3618.24	3438.57	3516.63	57570184.00	221047881728	3522.02	3483.44	3410.314	3292.778	3050.416	2539.769
2015/05/25	3415.67	3499.54	3370.84	3467.92	45619500.00	175439495168	3492.275	3503.987	3448.202	3324.887	3087.074	2566.228
2015/05/26	3471.80	3619.49	3471.80	3618.23	45465316.00	180747780096	3543.075	3534.26	3507.294	3361.68	3130.611	2594.398
2015/05/27	3638.21	3662.98	3546.58	3628.67	49660296.00	198252412928	3623.45	3571.607	3551.772	3405.332	3177.646	2621.759
2015/05/28	3618.34	3677.33	3432.98	3432.98	54111024.00	220540993536	3530.825	3559.96	3532.886	3434.471	3209.418	2646.28
2015/05/29	3444.06	3595.17	3328.46	3542.84	49995032.00	212901642240	3487.91	3534.83	3538.128	3474.221	3243.666	2671.83
2015/06/01	3580.08	3722.86	3580.08	3718.75	43302740.00	188538273792	3630.795	3564.857	3588.294	3518.248	3287.341	2700.229
2015/06/02	3757.10	3912.48	3756.09	3901.54	50081952.00	213001699328	3810.145	3721.043	3644.956	3576.125	3343.246	2732.731
2015/06/03	3949.28	4011.04	3838.22	3982.25	49970440.00	220939026432	3941.895	3867.513	3715.672	3633.722	3400.031	2765.863
2015/06/04	3991.80	4015.20	3695.83	3943.47	47259472.00	207038840832	3962.86	3942.42	3817.77	3675.328	3456.902	2797.498
2015/06/05	3994.44	4037.96	3841.42	3885.83	46810856.00	199116554240	3914.65	3937.183	3886.368	3712.248	3502.513	2828.332
2015/06/08	3862.80	3862.80	3643.04	3704.55	44704760.00	180590411776	3795.19	3844.617	3883.528	3735.911	3530.399	2856.439
2015/06/09	3664.37	3793.37	3633.72	3705.54	38942848.00	157346873344	3705.045	3765.307	3844.328	3744.642	3553.161	2883.713
2015/06/10	3695.06	3876.85	3676.76	3834.70	43364844.00	169019031552	3770.12	3748.263	3814.818	3765.245	3585.289	2911.914
2015/06/11	3843.98	3884.37	3815.06	3862.14	44129784.00	167538425856	3848.42	3800.793	3798.552	3808.161	3621.316	2940.658
2015/06/12	3889.16	3922.70	3850.59	3899.71	44912716.00	182173466624	3880.925	3865.517	3801.328	3843.848	3659.034	2969.271
2015/06/15	3919.36	3919.36	3688.89	3696.03	47406720.00	184816631808	3797.87	3819.293	3799.624	3841.576	3679.912	2994.474
2015/06/16	3636.79	3669.82	3475.35	3590.67	43314292.00	169391751168	3643.35	3728.803	3776.65	3810.489	3693.307	3017.422
2015/06/17	3586.37	3754.37	3511.11	3741.36	39791392.00	156131278848	3666.015	3676.02	3757.982	3786.4	3710.061	3041.551
2015/06/18	3734.91	3752.18	3497.73	3504.55	38221168.00	150724362240	3622.955	3612.193	3686.464	3742.508	3708.918	3060.66
2015/06/19	3408.53	3476.03	3304.65	3314.98	36852904.00	136356405248	3409.765	3520.297	3569.518	3685.423	3698.835	3076.16
2015/06/23	3314.89	3397.27	3154.60	3393.94	38158328.00	137315172352	3354.46	3404.49	3509.1	3654.362	3695.136	3094.529
2015/06/24	3425.57	3459.46	3304.67	3383.40	37628648.00	140110987264	3388.67	3364.107	3467.646	3622.148	3683.395	3112.189
2015/06/25	3403.63	3408.23	3172.37	3206.38	36857096.00	133833605120	3294.89	3327.906	3360.65	3559.316	3662.281	3127.454
2015/06/26	3078.40	3078.40	2915.94	2920.70	35432056.00	117324251136	3063.54	3170.16	3243.88	3465.172	3636.667	3137.213
2015/06/29	2943.50	2950.13	2663.44	2689.76	38531844.00	116379992064	2805.23	2938.947	3118.836	3344.177	3594.012	3141.96
2015/06/30	2566.02	2875.09	2485.46	2858.61	54686572.00	161327955968	2774.185	2823.023	3011.77	3260.435	3551.005	3148.348
2015/07/01	2842.17	3008.19	2743.61	2759.41	52601144.00	170035347456	2809.01	2769.26	2886.972	3177.309	3493.899	3152.502
2015/07/02	2756.25	2825.15	2591.05	2649.32	45280320.00	129754341376	2704.365	2755.78	2775.56	3068.105	3427.252	3154.046
2015/07/03	2559.03	2788.76	2458.29	2605.28	47079752.00	128325885952	2627.3	2671.337	2712.476	2978.178	3360.343	3155.998
2015/07/06	2795.67	2795.67	2417.56	2493.83	51605868.00	138021306368	2549.555	2582.81	2673.29	2896.063	3290.743	3155.954
2015/07/07	2398.10	2415.68	2350.97	2352.01	18897956.00	44729708544	2422.92	2483.707	2571.97	2791.87	3223.116	3152.607
2015/07/08	2304.76	2364.08	2304.76	2364.05	44477612.00	92954722304	2358.03	2403.297	2492.898	2689.935	3156.042	3149.045
2015/07/09	2338.11	2435.76	2338.11	2435.76	22948808.00	58334175232	2399.905	2383.94	2450.186	2612.873	3086.094	3146.993
2015/07/10	2487.39	2535.89	2478.86	2535.89	13426826.00	45642735616	2485.825	2445.233	2436.308	2574.392	3019.782	3148.562
2015/07/13	2612.77	2683.07	2592.20	2683.07	25235636.00	85667790848	2609.48	2551.573	2474.156	2573.723	2958.95	3151.875
2015/07/14	2725.04	2827.55	2715.98	2726.05	40597844.00	121521889280	2704.56	2648.337	2548.964	2560.467	2910.451	3156.242
2015/07/15	2750.66	2750.66	2583.46	2590.03	50649968.00	135461011456	2658.04	2666.383	2594.16	2543.529	2860.419	3158.995
2015/07/16	2526.65	2698.16	2439.24	2627.08	52481076.00	131877273600	2608.555	2647.72	2632.424	2541.305	2804.705	3160.012
2015/07/17	2651.44	2805.80	2646.50	2783.32	46866248.00	129074298880	2705.2	2666.81	2681.91	2559.109	2768.644	3162.485
2015/07/20	2820.72	2907.15	2777.91	2848.30	57264696.00	169239478272	2815.81	2752.9	2714.956	2594.556	2745.31	3164.854
2015/07/21	2802.02	2917.41	2779.53	2882.90	48846236.00	148535508992	2865.6	2838.173	2746.326	2647.645	2719.758	3167.323
2015/07/22	2882.06	2932.06	2828.45	2897.37	51433160.00	153295716352	2890.135	2876.19	2807.794	2700.977	2695.456	3169.821
2015/07/23	2896.25	2969.35	2864.43	2967.95	53211860.00	158102585344	2932.66	2916.073	2875.968	2754.196	2683.534	3174.487
2015/07/24	2976.94	3014.18	2879.26	2897.82	58741276.00	185896828928	2932.885	2921.047	2898.868	2790.389	2682.391	3176.158
2015/07/27	2822.37	2924.08	2683.05	2683.45	55582924.00	169828073472	2790.635	2849.74	2865.898	2790.427	2682.075	3173.251
2015/07/28	2546.41	2705.18	2492.19	2581.96	58035380.00	154735345664	2632.705	2721.077	2805.71	2776.018	2668.242	3168.863
2015/07/29	2617.94	2693.99	2483.92	2693.87	52023480.00	144345858048	2637.915	2653.093	2765.01	2786.402	2664.966	3167.37
2015/07/30	2671.46	2707.76	2556.09	2561.19	48185188.00	138077487104	2627.53	2612.34	2683.658	2779.813	2660.559	3162.614
2015/07/31	2507.27	2605.34	2499.25	2539.84	38567344.00	108512133120	2550.515	2598.3	2612.062	2755.465	2657.287	3158.177
2015/08/03	2475.33	2494.80	2371.48	2399.27	39835424.00	104532262912	2469.555	2500.1	2555.226	2710.562	2652.559	3148.605
2015/08/04	2396.41	2546.16	2380.28	2546.16	42143744.00	111226224640	2472.715	2495.09	2548.066	2676.888	2662.267	3138.594
2015/08/05	2542.27	2584.19	2480.45	2502.04	46817456.00	123946147840	2524.1	2482.49	2509.7	2637.355	2669.166	3126.123
2015/08/06	2441.96	2517.99	2430.53	2480.93	33923608.00	87783530496	2491.485	2509.71	2493.648	2588.653	2671.425	3114.269
2015/08/07	2509.96	2586.53	2505.27	2576.99	42575832.00	119864483840	2528.96	2519.987	2501.078	2556.57	2673.479	3104.859
2015/08/10	2606.74	2726.90	2593.41	2706.72	47852696.00	140830064640	2641.855	2588.213	2562.568	2558.897	2674.662	3097.549
2015/08/11	2705.04	2747.83	2675.15	2698.91	48057872.00	145506074624	2702.815	2660.873	2593.118	2570.592	2673.305	3087.889
2015/08/12	2658.84	2700.40	2622.19	2622.19	38304000.00	115133800448	2660.55	2675.94	2617.148	2563.424	2674.913	3076.213
2015/08/13	2608.74	2684.26	2578.91	2684.26	37616568.00	108745867264	2653.225	2668.453	2657.814	2575.731	2677.772	3064.179
2015/08/14	2713.78	2725.47	2664.42	2674.02	40688352.00	118322225152	2679.14	2660.157	2677.22	2589.149	2672.307	3049.956
2015/08/17	2665.37	2676.72	2613.78	2666.29	36547440.00	103165435904	2670.155	2674.857	2669.134	2615.851	2663.207	3035.784
2015/08/18	2674.42	2720.58	2488.61	2504.17	49129700.00	137144016896	2585.23	2614.827	2630.186	2611.652	2644.27	3019.721
2015/08/19	2427.94	2584.36	2359.17	2570.69	43737324.00	115189719040	2537.43	2580.383	2619.886	2618.517	2627.936	3002.262
2015/08/20	2556.77	2610.90	2508.35	2508.82	39721276.00	109633445888	2539.755	2527.893	2584.798	2621.306	2604.979	2983.598
2015/08/21	2452.61	2480.68	2340.92	2341.95	35141460.00	90647912448	2425.385	2473.82	2518.384	2597.802	2577.186	2965.414
2015/08/24	2222.54	2246.55	2152.61	2152.61	23049576.00	53003300864	2247.28	2334.46	2415.648	2542.391	2550.644	2942.244
2015/08/25	1996.04	2048.03	1987.12	1990.71	27176060.00	59139764224	2071.66	2161.757	2312.956	2471.571	2521.082	2913.443
2015/08/26	1975.92	2044.66	1875.03	1890.04	46445008.00	96904675328	1940.375	2011.12	2176.826	2398.356	2480.89	2879.918
2015/08/27	1924.78	1959.98	1843.19	1959.49	40510060.00	83891937280	1924.765	1946.747	2066.96	2325.879	2450.805	2846.206
2015/08/28	1990.35	2086.87	1960.39	2082.12	45280232.00	97909972992	2020.805	1977.217	2014.994	2266.689	2427.919	2815.183
2015/08/31	2056.29	2058.85	1987.58	1996.87	35634528.00	77209616384	2039.495	2012.827	1983.846	2199.747	2407.799	2783.7
2015/09/01	1959.46	1959.46	1877.36	1889.49	31889888.00	63735701504	1943.18	1989.493	1963.602	2138.279	2374.966	2753.449
2015/09/02	1787.71	1953.91	1779.18	1855.03	38372944.00	73660375040	1872.26	1913.797	1956.6	2066.713	2342.615	2722.607
2015/09/07	1882.86	1953.40	1878.26	1893.52	37806240.00	73524551680	1874.275	1879.347	1943.406	2005.183	2313.244	2690.254
2015/09/08	1875.67	2004.81	1859.21	2001.16	36849648.00	71807631360	1947.34	1916.57	1927.214	1971.104	2284.453	2659.238
2015/09/09	2023.31	2102.23	2017.10	2071.72	50760168.00	108850503680	2036.44	1988.8	1942.184	1963.015	2252.703	2628.772
2015/09/10	2030.03	2078.42	2024.89	2039.12	35482568.00	74837950464	2055.42	2037.333	1972.11	1967.856	2219.714	2601.156
2015/09/11	2039.01	2084.05	2029.81	2060.51	32555430.00	68596064256	2049.815	2057.117	2013.206	1984.903	2191.629	2575.654
2015/09/14	2068.20	2075.67	1905.20	1906.21	34890884.00	68215353344	1983.36	2001.947	2015.744	1979.575	2152.727	2545.068
2015/09/15	1843.23	1892.81	1794.29	1797.56	33039214.00	59455922176	1851.885	1921.427	1975.024	1951.119	2108.904	2516.618
2015/09/16	1813.73	1928.78	1808.75	1926.25	39024400.00	71222157312	1861.905	1876.673	1945.93	1944.057	2071.902	2493.473
2015/09/17	1943.29	2020.55	1922.80	1933.30	47985104.00	95394168832	1929.775	1885.703	1924.766	1948.438	2043.359	2469.129
2015/09/18	1948.12	1995.50	1922.14	1983.30	37674216.00	74822942720	1958.3	1947.617	1909.324	1961.265	2013.989	2445.794
2015/09/21	1950.33	2080.22	1945.35	2079.06	43477604.00	90425024512	2031.18	1998.553	1943.894	1979.819	1992.501	2427.005
2015/09/22	2082.34	2108.56	2042.13	2078.72	47584444.00	101473476608	2078.89	2047.027	2000.126	1987.575	1979.339	2412.972
2015/09/23	2039.49	2103.22	2036.06	2077.99	41306380.00	89360801792	2078.355	2078.59	2030.474	1988.202	1975.609	2402.776
2015/09/24	2090.56	2130.47	2084.31	2106.59	43139456.00	94766923776	2092.29	2087.767	2065.132	1994.949	1981.402	2390.242
2015/09/25	2091.85	2106.95	2002.45	2020.97	41100872.00	85890293760	2063.78	2068.517	2072.666	1990.995	1987.949	2377.935
2015/09/28	2024.89	2124.06	2007.92	2122.26	37858680.00	79921192960	2071.615	2083.273	2081.306	2012.6	1996.088	2369.15
2015/09/29	2089.54	2135.51	2075.97	2098.57	38424616.00	84097646592	2110.415	2080.6	2085.276	2042.701	1996.91	2360.705
2015/09/30	2111.99	2124.29	2049.43	2082.67	29708448.00	64153165824	2090.62	2101.167	2086.212	2058.343	2001.2	2353.853
2015/10/08	2153.12	2210.04	2138.54	2190.31	42031220.00	90206142464	2136.49	2123.85	2102.956	2084.044	2016.241	2351.158
2015/10/09	2190.84	2230.03	2184.55	2216.66	42927692.00	92205228032	2203.485	2163.213	2142.094	2107.38	2034.323	2348.701
2015/10/12	2233.61	2344.21	2232.27	2316.78	55775628.00	126441930752	2266.72	2241.25	2180.998	2131.152	2055.486	2346.718
2015/10/13	2297.93	2351.52	2290.64	2342.04	50249440.00	115045253120	2329.41	2291.827	2229.692	2157.484	2072.53	2343.487
2015/10/14	2330.08	2350.59	2295.60	2305.00	52435988.00	118325395456	2323.52	2321.273	2274.158	2180.185	2084.194	2337.186
2015/10/15	2300.62	2406.21	2296.80	2404.53	56549120.00	129799847936	2354.765	2350.523	2317.002	2209.979	2102.464	2331.827
2015/10/16	2424.62	2452.94	2401.09	2449.03	61932152.00	147293667328	2426.78	2386.187	2363.476	2252.785	2121.89	2329.478
2015/10/19	2465.11	2466.48	2398.34	2433.60	57914032.00	137927753728	2441.315	2429.053	2386.84	2283.919	2148.26	2326.253
2015/10/20	2430.18	2520.08	2427.78	2511.16	58460596.00	140692226048	2472.38	2464.597	2420.664	2325.178	2183.939	2321.717
2015/10/21	2504.78	2527.77	2335.66	2344.74	72233600.00	174856929280	2427.95	2429.833	2428.612	2351.385	2204.864	2313.324
2015/10/22	2355.16	2465.10	2355.16	2458.14	59640208.00	146753814528	2401.44	2438.013	2439.334	2378.168	2231.106	2306.245
2015/10/23	2488.31	2549.76	2461.49	2538.38	67588136.00	171353915392	2498.26	2447.087	2457.204	2410.34	2258.86	2300.262
2015/10/26	2570.13	2570.13	2481.59	2527.48	68447320.00	173929889792	2532.93	2508	2475.98	2431.41	2281.281	2292.92
2015/10/27	2497.16	2586.95	2423.60	2563.96	62288144.00	157457154048	2545.72	2543.273	2486.54	2453.602	2305.543	2287.356
2015/10/28	2551.70	2583.82	2473.47	2485.24	57717000.00	150886219776	2524.6	2525.56	2514.64	2471.626	2325.906	2284.053
2015/10/29	2504.85	2528.70	2436.78	2485.28	44057660.00	114641960960	2485.26	2511.493	2520.068	2479.701	2344.84	2282.441
2015/10/30	2475.23	2534.47	2439.16	2478.28	50077024.00	129735417856	2481.78	2482.933	2508.048	2482.626	2367.706	2278.848
2015/11/02	2416.10	2513.32	2408.78	2432.04	46816872.00	123247304704	2455.16	2465.2	2488.96	2482.47	2383.195	2276.696
2015/11/03	2444.05	2461.33	2407.55	2429.27	39935036.00	106823999488	2430.655	2446.53	2462.022	2474.281	2399.729	2274.853
2015/11/04	2451.23	2584.32	2451.23	2584.32	58452416.00	152635211776	2506.795	2481.877	2481.838	2498.239	2424.812	2277.937
2015/11/05	2587.82	2630.83	2542.85	2564.72	65112052.00	172894076928	2574.52	2526.103	2497.726	2508.897	2443.532	2278.246
2015/11/06	2571.66	2666.40	2571.66	2661.41	61741800.00	164006821888	2613.065	2603.483	2534.352	2521.2	2465.77	2280.903
2015/11/09	2653.31	2747.79	2612.26	2724.62	68677816.00	191238848512	2693.015	2650.25	2592.868	2540.914	2486.162	2284.964
2015/11/10	2710.90	2783.12	2700.29	2746.61	65216340.00	180185432064	2735.615	2710.88	2656.336	2559.179	2506.391	2287.791
2015/11/11	2738.58	2806.54	2730.52	2804.68	70870880.00	190166433792	2775.645	2758.637	2700.408	2591.123	2531.375	2289.424
2015/11/12	2818.57	2827.71	2743.26	2783.30	74163984.00	210165465088	2793.99	2778.197	2744.124	2620.925	2550.313	2290.83
2015/11/13	2751.39	2772.82	2681.61	2710.16	65461352.00	181274673152	2746.73	2766.047	2753.874	2644.113	2563.369	2292.296
2015/11/16	2656.57	2797.16	2654.64	2797.16	55154368.00	147033964544	2753.66	2763.54	2768.382	2680.625	2581.547	2294.178
2015/11/17	2834.98	2847.90	2711.58	2717.05	73555488.00	199687995392	2757.105	2741.457	2762.47	2709.403	2591.842	2294.895
2015/11/18	2727.61	2741.33	2655.06	2661.17	51626128.00	140451151872	2689.11	2725.127	2733.768	2717.088	2607.664	2294.81
2015/11/19	2678.36	2770.75	2676.76	2770.75	54825140.00	148732739584	2715.96	2716.323	2731.258	2737.691	2623.294	2299.253
2015/11/20	2783.04	2817.96	2757.84	2800.15	69030480.00	183901437952	2785.45	2744.023	2749.256	2751.565	2636.383	2303.077
2015/11/23	2797.12	2839.84	2759.31	2770.58	67520736.00	178263474176	2785.365	2780.493	2743.94	2756.161	2648.538	2307.44
2015/11/24	2767.72	2816.05	2739.52	2816.05	52702492.00	150152871936	2793.315	2795.593	2763.74	2763.105	2661.142	2315.342
2015/11/25	2813.51	2906.80	2806.82	2897.57	66418480.00	193136230400	2856.81	2828.067	2811.02	2772.394	2681.759	2327.758
2015/11/26	2911.85	2915.95	2831.38	2833.20	63202928.00	187302346752	2865.385	2848.94	2823.51	2777.384	2699.155	2341.799
2015/11/27	2819.36	2844.05	2629.13	2649.55	64579688.00	183247175680	2741.375	2793.44	2793.39	2771.323	2707.718	2354.458
2015/11/30	2658.97	2687.05	2507.38	2672.58	60052416.00	167359250432	2661.065	2718.443	2773.79	2758.865	2719.745	2366.342
2015/12/01	2669.30	2700.35	2621.17	2655.35	49682992.00	144658628608	2663.965	2659.16	2741.65	2752.695	2731.049	2375.896
2015/12/02	2653.24	2660.12	2525.34	2613.26	43453060.00	119641399296	2634.305	2647.063	2684.788	2747.904	2732.496	2386.169
2015/12/03	2622.49	2710.81	2622.49	2708.12	43270232.00	125313417216	2660.69	2658.91	2659.772	2741.641	2739.666	2399.813
2015/12/04	2702.56	2749.18	2679.35	2692.16	48329080.00	141740703744	2700.14	2671.18	2668.294	2730.842	2741.204	2413.765
2015/12/07	2699.34	2751.24	2687.02	2738.15	47454320.00	130145550336	2715.155	2712.81	2681.408	2727.599	2741.88	2427.843
2015/12/08	2723.62	2731.72	2678.66	2691.66	51536896.00	142198587392	2714.905	2707.323	2688.67	2715.16	2739.133	2439.351
2015/12/09	2677.59	2699.64	2650.45	2667.91	45218188.00	127953633280	2679.785	2699.24	2699.6	2692.194	2732.294	2449.287
2015/12/10	2665.28	2729.24	2663.37	2695.51	44264088.00	126883823616	2681.71	2685.027	2697.078	2678.425	2727.905	2460.227
2015/12/11	2686.31	2701.69	2666.89	2671.29	37125528.00	106300661760	2683.4	2678.237	2692.904	2680.599	2725.961	2470.407
2015/12/14	2642.82	2709.27	2622.47	2709.27	36203572.00	102182617088	2690.28	2692.023	2687.128	2684.268	2721.566	2483.791
2015/12/15	2718.25	2764.80	2718.25	2745.70	38759384.00	110853029888	2727.485	2708.753	2697.936	2693.303	2722.999	2499.594
2015/12/16	2760.26	2789.28	2749.80	2763.11	41793160.00	120658198528	2754.405	2739.36	2716.976	2708.288	2728.096	2513.541
2015/12/17	2784.97	2835.70	2784.97	2835.70	55219140.00	158786043904	2799.405	2781.503	2745.014	2721.046	2731.344	2528.581
2015/12/18	2836.92	2850.69	2801.64	2830.26	51447380.00	150100541440	2832.98	2809.69	2776.808	2734.856	2732.849	2542.697
2015/12/21	2825.32	2836.61	2800.35	2829.92	42648420.00	122337058816	2830.09	2831.96	2800.938	2744.033	2735.816	2555.211
2015/12/22	2836.96	2849.36	2811.61	2839.85	41580712.00	114451144704	2834.885	2833.343	2819.768	2758.852	2737.006	2567.897
2015/12/23	2845.43	2848.83	2779.93	2783.94	46679620.00	133253079040	2811.895	2817.903	2823.934	2770.455	2731.324	2579.663
2015/12/24	2775.98	2801.57	2735.97	2795.78	37179052.00	107701985280	2789.86	2806.523	2815.95	2780.482	2729.454	2591.149
2015/12/25	2807.51	2820.53	2777.46	2794.73	35511228.00	105453674496	2795.255	2791.483	2808.844	2792.826	2736.712	2604.045
2015/12/28	2809.52	2823.75	2735.49	2735.49	45076568.00	128112943104	2765.11	2775.333	2789.958	2795.448	2739.858	2614.266
2015/12/29	2732.55	2749.82	2710.20	2749.82	35829364.00	101371658240	2742.655	2760.013	2771.952	2795.86	2744.582	2625.12
2015/12/30	2758.25	2781.84	2749.29	2779.51	40757692.00	114950168576	2764.665	2754.94	2771.066	2797.5	2752.894	2636.734
2015/12/31	2780.54	2785.66	2713.69	2714.05	39561308.00	111887785984	2746.78	2747.793	2754.72	2785.335	2753.19	2645.463
2016/01/04	2706.28	2710.30	2490.47	2491.24	33478924.00	88306573312	2602.645	2661.6	2694.022	2751.433	2743.145	2650.039
2016/01/05	2353.23	2481.20	2333.61	2416.73	49010300.00	122570514432	2453.985	2540.673	2630.27	2710.114	2727.073	2651.705
2016/01/06	2433.36	2472.19	2388.69	2468.37	39804048.00	104803934208	2442.55	2458.78	2573.98	2672.966	2715.909	2653.811
2016/01/07	2415.33	2415.33	2254.50	2256.52	10666577.00	26100854784	2362.445	2380.54	2469.382	2620.224	2695.34	2653.003
2016/01/08	2297.59	2318.12	2142.33	2248.99	44776460.00	108801032192	2252.755	2324.627	2376.37	2565.545	2673.013	2650.41
2016/01/11	2188.19	2230.42	2105.77	2106.36	39231228.00	92052717568	2177.675	2203.957	2299.394	2496.708	2644.767	2644.699
2016/01/12	2117.25	2179.09	2087.27	2147.53	37443204.00	87467515904	2126.945	2167.627	2245.554	2437.912	2616.68	2639.931
2016/01/13	2160.32	2174.23	2059.78	2059.78	34346864.00	80888184832	2103.655	2104.557	2163.836	2368.908	2582.384	2632.408
2016/01/14	1991.23	2179.38	1989.87	2175.01	40865368.00	91805425664	2117.395	2127.44	2147.534	2308.458	2552.979	2629.58
2016/01/15	2160.17	2184.56	2096.19	2112.90	41445824.00	94756167680	2143.955	2115.897	2120.316	2248.343	2516.839	2623.825
2016/01/18	2074.86	2206.84	2074.86	2174.93	39874752.00	91208597504	2143.915	2154.28	2134.03	2216.712	2484.073	2617.768
2016/01/19	2170.09	2244.79	2148.72	2241.70	45197928.00	104522940416	2208.315	2176.51	2152.864	2199.209	2454.662	2613.005
2016/01/20	2222.60	2249.36	2190.51	2204.65	41821528.00	98105860096	2223.175	2207.093	2181.838	2172.837	2422.902	2607.017
2016/01/21	2173.32	2241.47	2112.40	2112.40	41166480.00	96569769984	2158.525	2186.25	2169.316	2158.425	2389.324	2600.802
2016/01/22	2140.28	2161.24	2078.12	2149.59	35037328.00	79385665536	2130.995	2155.547	2176.654	2148.485	2357.015	2595.208
2016/01/25	2165.73	2185.21	2136.88	2158.82	30623684.00	71962787840	2154.205	2140.27	2173.432	2153.731	2325.219	2589.883
2016/01/26	2132.22	2135.57	1990.51	1994.05	36762608.00	81772249088	2076.435	2100.82	2123.902	2138.383	2288.147	2582.583
2016/01/27	1997.32	2012.30	1888.25	1997.47	39761384.00	82136006656	1995.76	2050.113	2082.466	2132.152	2250.53	2575.387
2016/01/28	1969.31	1990.92	1900.88	1906.46	30546404.00	63263305728	1951.965	1965.993	2041.278	2105.297	2206.877	2564.089
2016/01/29	1908.26	2011.06	1907.29	1994.07	34466856.00	70828048384	1950.265	1966	2010.174	2093.414	2170.878	2554.578
2016/02/01	1989.21	2011.68	1956.92	1992.70	29892132.00	62990098432	1993.385	1964.41	1976.95	2075.191	2145.951	2543.433
2016/02/02	1996.59	2089.21	1996.59	2075.29	34710248.00	75053875200	2033.995	2020.687	1993.198	2058.55	2128.879	2532.611
2016/02/03	2049.32	2105.38	2034.60	2090.51	31768832.00	68663410688	2082.9	2052.833	2011.806	2047.136	2109.987	2521.676
2016/02/04	2095.62	2142.87	2095.62	2126.64	35059440.00	78395990016	2108.575	2097.48	2055.842	2048.56	2103.492	2510.375
2016/02/05	2127.35	2141.56	2096.99	2096.99	25785868.00	58247507968	2111.815	2104.713	2076.426	2043.3	2095.893	2498.937
2016/02/15	2029.56	2130.36	2029.56	2116.84	24986598.00	54905180160	2106.915	2113.49	2101.254	2039.102	2096.417	2489.048
2016/02/16	2128.06	2208.57	2128.06	2201.93	36587328.00	84154343424	2159.385	2138.587	2126.582	2059.89	2099.136	2479.128
2016/02/17	2197.93	2219.78	2171.00	2215.34	41643400.00	96020799488	2208.635	2178.037	2151.548	2081.677	2106.915	2470.766
2016/02/18	2230.80	2239.91	2188.19	2190.91	40537756.00	96123584512	2203.125	2202.727	2164.402	2110.122	2107.709	2462.928
2016/02/19	2186.02	2230.22	2182.96	2211.01	36792704.00	88677392384	2200.96	2205.753	2187.206	2131.816	2112.615	2453.599
2016/02/22	2235.17	2245.56	2216.16	2245.56	41953416.00	99016785920	2228.285	2215.827	2212.95	2157.102	2116.146	2444.356
2016/02/23	2245.75	2249.69	2189.53	2218.12	39969756.00	96000933888	2231.84	2224.897	2216.188	2171.385	2114.968	2435.148
2016/02/24	2212.59	2230.01	2154.27	2203.74	40601728.00	97205272576	2210.93	2222.473	2213.868	2182.708	2114.922	2424.943
2016/02/25	2198.93	2198.93	2030.42	2037.14	44873664.00	100580753408	2120.44	2153	2183.114	2173.758	2111.159	2410.603
2016/02/26	2045.51	2057.80	1980.17	2014.92	35814104.00	78888099840	2026.03	2085.267	2143.896	2165.551	2104.426	2396.965
2016/02/29	2000.57	2000.57	1866.25	1880.15	33848300.00	66577993728	1947.535	1977.403	2070.814	2141.882	2090.492	2384.141
2016/03/01	1881.32	1952.43	1841.22	1934.92	36084524.00	74426007552	1907.535	1943.33	2014.174	2115.181	2087.535	2371.847
2016/03/02	1930.84	2022.86	1925.02	2017.60	42454356.00	87510163456	1976.26	1944.223	1976.946	2095.407	2088.542	2361.218
2016/03/03	2014.18	2063.53	2006.71	2007.08	42006968.00	89644498944	2012.34	1986.533	1970.934	2077.024	2093.573	2351.115
2016/03/04	1994.06	2003.69	1895.40	1907.04	39762792.00	80145121280	1957.06	1977.24	1949.358	2046.627	2089.221	2337.763
2016/03/07	1935.09	1995.94	1935.09	1953.33	31730234.00	65548865536	1930.185	1955.817	1963.994	2017.404	2087.253	2325.45
2016/03/08	1944.65	2002.19	1865.65	2002.19	41226252.00	81062526976	1977.76	1954.187	1977.448	1995.811	2083.598	2313.184
2016/03/09	1962.28	2015.71	1947.05	1970.81	34193080.00	67879120896	1986.5	1975.443	1968.09	1972.518	2077.613	2301.169
2016/03/10	1968.77	1991.36	1935.12	1936.97	28365880.00	58393944064	1953.89	1969.99	1954.068	1962.501	2068.129	2288.987
2016/03/11	1911.33	1948.60	1903.92	1934.87	23173404.00	47910830080	1935.92	1947.55	1959.634	1954.496	2060.023	2276.31
2016/03/14	1962.11	2048.50	1962.11	2023.13	40997664.00	86634766336	1979	1964.99	1973.594	1968.794	2055.338	2265.507
2016/03/15	2016.81	2034.70	1995.46	1996.92	34452744.00	72362459136	2010.025	1984.973	1972.54	1974.994	2045.088	2253.635
2016/03/16	2029.92	2039.49	1961.42	1977.54	33507356.00	69662015488	1987.23	1999.197	1973.886	1970.988	2033.198	2240.832
2016/03/17	1986.14	2089.14	1986.14	2087.29	52208032.00	112176939008	2032.415	2020.583	2003.95	1979.009	2028.016	2229.568
2016/03/18	2102.19	2194.36	2102.08	2177.87	63938096.00	143482765312	2132.58	2080.9	2052.55	2006.092	2026.359	2218.604
2016/03/21	2214.91	2234.35	2191.66	2227.03	63845764.00	148205158400	2202.45	2164.063	2093.33	2033.462	2025.433	2208.551
2016/03/22	2201.19	2248.19	2189.94	2221.70	52501084.00	120596226048	2224.365	2208.867	2138.286	2055.413	2025.612	2198.414
2016/03/23	2214.87	2259.11	2205.07	2259.11	49852200.00	120640897024	2240.405	2235.947	2194.6	2084.243	2028.38	2188.735
2016/03/24	2234.22	2277.92	2217.84	2219.77	54767836.00	137460187136	2239.44	2233.527	2221.096	2112.523	2037.512	2179.332
2016/03/25	2209.26	2232.07	2183.60	2216.09	41598980.00	100729643008	2217.93	2231.657	2228.74	2140.645	2047.571	2169.67
2016/03/28	2233.13	2259.13	2192.35	2199.69	45630748.00	107843108864	2207.89	2211.85	2223.272	2158.301	2063.548	2159.753
2016/03/29	2190.88	2194.89	2130.85	2152.55	39628256.00	95076884480	2176.12	2189.443	2209.442	2173.864	2074.429	2150.037
2016/03/30	2172.74	2248.78	2172.74	2248.78	46542616.00	114883215360	2200.665	2200.34	2207.376	2200.988	2085.988	2141.687
2016/03/31	2256.43	2271.96	2232.30	2238.29	50514152.00	129875197952	2243.535	2213.207	2211.08	2216.088	2097.549	2132.666
2016/04/01	2223.38	2227.00	2171.34	2205.37	40715936.00	102483918848	2221.83	2230.813	2208.936	2218.838	2112.465	2124.188
2016/04/05	2207.46	2285.20	2205.44	2279.52	49811536.00	122369605632	2242.445	2241.06	2224.902	2224.087	2128.774	2120.66
2016/04/06	2274.77	2305.41	2271.50	2297.04	53433256.00	130880094208	2288.28	2260.643	2253.8	2231.621	2143.517	2118.665
2016/04/07	2310.92	2316.63	2248.68	2248.68	53930100.00	132792262656	2272.86	2275.08	2253.78	2230.578	2157.411	2115.003
2016/04/08	2230.95	2239.80	2194.23	2229.93	45924688.00	112813670400	2239.305	2258.55	2252.108	2231.594	2172.059	2114.56
2016/04/11	2255.07	2301.41	2255.07	2283.14	50116208.00	124475777024	2256.535	2253.917	2267.662	2238.299	2189.472	2115.129
2016/04/12	2283.21	2289.55	2236.44	2264.02	45314660.00	113106223104	2273.58	2259.03	2264.562	2244.732	2201.517	2117.757
2016/04/13	2278.52	2330.05	2278.52	2294.02	57522856.00	139156324352	2279.02	2280.393	2263.958	2258.879	2216.372	2120.198
2016/04/14	2310.60	2325.38	2289.57	2324.39	46139448.00	112999546880	2309.205	2294.143	2279.1	2266.44	2233.714	2124.609
2016/04/15	2328.31	2328.31	2297.68	2309.68	40308908.00	100894416896	2317.035	2309.363	2295.05	2273.579	2244.833	2126.853
2016/04/18	2288.42	2288.42	2249.34	2265.59	38252496.00	93760634880	2287.635	2299.887	2291.54	2279.601	2249.219	2129.398
2016/04/19	2278.31	2289.05	2253.59	2272.52	35911568.00	89440706560	2269.055	2282.597	2293.24	2278.901	2251.494	2131.024
2016/04/20	2279.76	2284.10	2119.42	2145.24	56160932.00	132675510272	2208.88	2227.783	2263.484	2263.721	2247.671	2129.417
2016/04/21	2135.93	2160.26	2106.97	2110.16	36026892.00	84193722368	2127.7	2175.973	2220.638	2249.869	2240.223	2127.842
2016/04/22	2093.78	2136.92	2090.95	2136.92	29586774.00	69405384704	2123.54	2130.773	2186.086	2240.568	2236.081	2128.251
2016/04/25	2128.66	2130.06	2083.64	2126.83	26959280.00	63861825536	2131.875	2124.637	2158.334	2224.937	2231.618	2127.871
2016/04/26	2123.87	2155.70	2119.38	2155.70	27579366.00	63580983296	2141.265	2139.817	2134.97	2214.105	2229.418	2127.819
2016/04/27	2162.76	2176.33	2142.46	2146.61	32179112.00	73175056384	2151.155	2143.047	2135.244	2199.364	2229.122	2130.362
2016/04/28	2149.10	2158.49	2108.27	2155.23	31257270.00	72814411776	2150.92	2152.513	2144.258	2182.448	2224.444	2132.991
2016/04/29	2141.58	2162.19	2138.74	2138.74	25362368.00	64368291840	2146.985	2146.86	2144.622	2165.354	2219.467	2136.863
2016/05/03	2138.96	2217.23	2126.87	2217.23	40518568.00	95647473664	2177.985	2170.4	2162.702	2160.518	2220.06	2140.582
2016/05/04	2210.13	2233.59	2206.26	2211.02	41117968.00	95900475392	2214.125	2188.997	2173.766	2154.368	2216.635	2144.221
2016/05/05	2208.40	2226.55	2198.76	2224.09	34603688.00	84074799104	2217.555	2217.447	2189.262	2162.253	2212.987	2146.701
2016/05/06	2226.44	2235.96	2129.19	2129.19	49401484.00	115405430784	2176.64	2188.1	2184.054	2164.156	2207.012	2147.345
