'399971'	中证传媒	周线
日期	开盘	最高	最低	收盘
2014/04/18	1636.91	1648.54	1613.47	1642.57
2014/04/25	1631.53	1652.03	1534.91	1536.50
2014/04/30	1522.99	1543.16	1485.27	1535.31
2014/05/09	1533.17	1575.67	1490.32	1502.71
2014/05/16	1512.89	1557.97	1474.27	1488.92
2014/05/23	1486.01	1554.84	1472.99	1554.30
2014/05/30	1558.63	1600.81	1549.04	1567.19
2014/06/06	1565.50	1638.30	1554.96	1615.55
2014/06/13	1610.31	1645.18	1580.92	1642.37
2014/06/20	1641.84	1662.37	1553.46	1574.95
2014/06/27	1577.07	1648.60	1576.21	1640.49
2014/07/04	1641.26	1676.01	1625.53	1661.06
2014/07/11	1658.79	1662.68	1601.16	1609.76
2014/07/18	1607.13	1609.03	1523.62	1529.02
2014/07/25	1527.93	1553.11	1483.96	1518.03
2014/08/01	1523.23	1585.10	1523.23	1556.42
2014/08/08	1557.98	1617.58	1557.91	1609.96
2014/08/15	1614.01	1628.08	1598.06	1621.47
2014/08/22	1626.81	1770.59	1626.81	1749.12
2014/08/29	1749.22	1749.61	1672.50	1699.13
2014/09/05	1701.00	1791.61	1697.60	1779.00
2014/09/12	1779.47	1830.01	1760.33	1801.65
2014/09/19	1797.72	1812.13	1714.90	1754.03
2014/09/26	1752.29	1790.25	1731.07	1777.87
2014/09/30	1783.34	1808.05	1782.72	1803.98
2014/10/10	1807.78	1825.45	1787.06	1812.53
2014/10/17	1805.74	1819.28	1762.45	1777.92
2014/10/24	1780.23	1800.69	1725.31	1736.12
2014/10/31	1725.60	1792.36	1711.61	1767.87
2014/11/07	1768.40	1792.38	1749.50	1768.56
2014/11/14	1770.50	1784.20	1699.71	1709.72
2014/11/21	1711.69	1823.11	1708.02	1819.47
2014/11/28	1833.84	1897.86	1829.33	1876.07
2014/12/05	1870.93	1963.42	1849.81	1906.98
2014/12/12	1897.98	2023.29	1877.54	2018.95
2014/12/19	2017.46	2068.10	1927.99	1958.40
2014/12/26	1945.63	1945.63	1850.61	1927.51
2014/12/31	1929.57	1936.21	1807.50	1829.76
2015/01/09	1831.45	1970.56	1796.26	1927.90
2015/01/16	1931.89	2083.41	1930.09	2078.31
2015/01/23	2033.97	2198.39	2015.23	2118.01
2015/01/30	2121.68	2216.81	2121.68	2135.54
2015/02/06	2114.68	2317.27	2107.89	2225.23
2015/02/13	2223.86	2380.70	2180.44	2379.43
2015/02/17	2406.61	2522.02	2406.61	2504.43
2015/02/27	2507.92	2519.05	2402.89	2507.35
2015/03/06	2503.31	2564.98	2469.85	2473.19
2015/03/13	2461.01	2603.87	2456.30	2602.81
2015/03/20	2628.20	2851.49	2628.20	2828.53
2015/03/27	2852.16	3017.54	2842.80	2896.40
2015/04/03	2893.82	3034.03	2849.21	3026.31
2015/04/10	3040.84	3074.92	2836.33	3025.21
2015/04/17	3023.62	3032.05	2846.20	2938.81
2015/04/24	2943.18	3383.12	2900.19	3374.28
2015/04/30	3456.58	3658.94	3273.04	3568.24
2015/05/08	3606.11	3613.45	3352.17	3576.70
2015/05/15	3641.77	4109.10	3617.24	3906.64
2015/05/22	3921.05	4336.73	3921.05	4274.51
2015/05/29	4164.46	4446.99	3986.75	4172.29
2015/06/05	4209.34	4735.33	4208.63	4580.33
2015/06/12	4544.83	4728.56	4345.82	4713.62
2015/06/19	4741.84	4741.84	4005.21	4018.38
2015/06/26	3976.48	4095.84	3432.61	3434.46
2015/07/03	3427.64	3503.16	2862.09	3000.28
2015/07/10	3210.05	3210.05	2628.11	2896.43
2015/07/17	2959.85	3201.22	2800.17	3153.60
2015/07/24	3181.27	3434.50	3142.27	3306.93
2015/07/31	3224.63	3359.29	2908.11	3022.03
2015/08/07	2953.41	3062.69	2850.32	3038.01
2015/08/14	3063.68	3262.63	3058.43	3207.55
2015/08/21	3187.53	3241.48	2815.28	2820.63
2015/08/28	2697.00	2710.79	2323.36	2568.86
2015/09/02	2527.39	2528.67	2293.28	2388.29
2015/09/11	2411.56	2611.95	2347.61	2576.37
2015/09/18	2583.85	2589.68	2309.27	2474.39
2015/09/25	2441.32	2641.09	2437.92	2516.43
2015/09/30	2528.68	2609.37	2502.72	2555.57
2015/10/09	2627.48	2684.02	2606.42	2669.39
2015/10/16	2677.79	2954.08	2673.74	2949.32
2015/10/23	2976.03	3041.77	2829.37	3007.41
2015/10/30	3035.20	3076.76	2894.79	2972.45
2015/11/06	2907.28	3184.48	2901.84	3178.20
2015/11/13	3171.82	3335.11	3138.40	3178.82
2015/11/20	3087.79	3301.12	3083.84	3227.14
2015/11/27	3221.33	3362.79	3045.07	3066.49
2015/12/04	3070.98	3180.57	2917.85	3115.80
2015/12/11	3125.86	3214.49	3112.05	3129.82
2015/12/18	3100.67	3284.01	3087.37	3259.10
2015/12/25	3254.36	3299.96	3170.94	3229.38
2015/12/31	3233.33	3251.96	3096.40	3098.67
2016/01/08	3090.16	3096.66	2443.19	2560.99
2016/01/15	2503.83	2544.54	2278.69	2388.13
2016/01/22	2336.86	2516.45	2315.46	2390.12
2016/01/29	2410.70	2437.91	2106.54	2209.71
2016/02/05	2207.58	2361.99	2166.13	2314.73
2016/02/19	2245.62	2463.08	2245.62	2436.76
2016/02/26	2463.69	2481.11	2158.41	2195.43
2016/03/04	2186.19	2245.66	2017.00	2132.64
2016/03/11	2151.61	2211.70	2088.68	2145.78
2016/03/18	2171.41	2397.83	2171.27	2385.84
2016/03/25	2425.65	2475.80	2401.09	2436.14
2016/04/01	2449.51	2477.88	2341.25	2437.08
2016/04/08	2432.69	2513.05	2410.68	2439.23
2016/04/15	2463.28	2548.53	2448.90	2522.90
2016/04/22	2501.90	2501.90	2312.52	2356.86
2016/04/29	2346.53	2400.10	2312.90	2371.99
2016/05/06	2375.48	2476.36	2363.75	2382.12
2016/05/13	2357.41	2357.41	2234.51	2271.94
2016/05/20	2269.66	2340.16	2246.98	2307.18
2016/05/27	2310.91	2344.79	2269.03	2317.26
2016/06/03	2302.88	2474.11	2287.60	2447.68
2016/06/08	2460.68	2463.66	2389.15	2399.43
2016/06/17	2365.03	2365.03	2194.01	2263.55
2016/06/24	2263.46	2303.00	2182.49	2241.72
2016/07/01	2226.40	2385.39	2226.29	2352.89
2016/07/08	2336.40	2403.11	2334.33	2382.82
2016/07/15	2392.73	2488.40	2345.80	2452.54
2016/07/22	2447.22	2487.53	2417.54	2454.99
2016/07/29	2449.32	2495.62	2331.61	2340.18
2016/08/05	2327.83	2338.70	2268.23	2320.16
2016/08/12	2313.03	2388.90	2303.67	2369.48
2016/08/19	2373.45	2485.52	2357.48	2474.48
2016/08/26	2470.10	2476.00	2376.24	2421.77
2016/09/02	2418.14	2438.23	2390.64	2405.77
2016/09/09	2409.95	2450.43	2383.37	2407.43
2016/09/14	2364.51	2373.95	2321.97	2342.62
2016/09/23	2345.52	2375.02	2345.43	2349.65
2016/09/30	2349.97	2349.97	2291.59	2320.25
2016/10/14	2334.97	2377.14	2331.51	2345.25
2016/10/21	2347.74	2364.57	2319.51	2340.75
2016/10/28	2340.09	2363.94	2330.69	2331.74
2016/11/04	2325.06	2352.27	2308.06	2329.19
2016/11/11	2322.59	2335.50	2276.90	2335.27
2016/11/18	2334.25	2401.90	2334.25	2345.31
2016/11/25	2344.33	2381.50	2317.47	2359.55
2016/12/02	2363.09	2379.99	2327.09	2328.30
2016/12/09	2298.73	2329.25	2262.89	2267.34
2016/12/16	2263.79	2263.79	2117.72	2165.42
2016/12/23	2159.66	2159.69	2113.26	2114.37
2016/12/30	2105.38	2111.78	2067.53	2097.31
2017/01/06	2100.78	2132.35	2096.55	2104.64
2017/01/13	2102.88	2121.55	2051.81	2059.41
2017/01/20	2057.63	2057.63	1936.36	2033.78
2017/01/26	2032.62	2049.57	2017.86	2045.98
2017/02/03	2046.98	2049.12	2025.43	2028.42
2017/02/10	2027.32	2057.10	2019.09	2042.88
2017/02/17	2041.81	2060.89	2019.98	2031.32
2017/02/24	2031.44	2104.25	2028.47	2102.82
2017/03/03	2107.46	2123.11	2075.45	2086.30
2017/03/10	2086.14	2114.74	2075.34	2080.38
2017/03/17	2080.25	2107.08	2063.38	2080.57
2017/03/24	2076.61	2079.18	2027.68	2045.35
2017/03/31	2045.64	2046.63	1973.46	1988.46
2017/04/07	1988.26	2021.27	1988.15	2011.72
2017/04/14	2008.11	2008.11	1932.85	1941.99
2017/04/21	1937.92	1938.09	1877.86	1893.94
2017/04/28	1892.58	1894.69	1835.56	1894.06
2017/05/05	1888.47	1894.86	1859.22	1859.22
2017/05/12	1854.09	1875.33	1788.35	1809.10
2017/05/19	1818.44	1877.32	1803.28	1847.08
2017/05/26	1841.50	1850.18	1769.93	1813.52
2017/06/02	1828.12	1834.19	1765.41	1801.51
2017/06/09	1803.02	1870.46	1801.66	1862.70
2017/06/16	1856.71	1884.96	1833.24	1873.66
2017/06/23	1865.44	1880.15	1813.79	1837.34
2017/06/30	1834.58	1872.63	1833.06	1858.75
2017/07/07	1856.55	1872.98	1837.39	1845.68
2017/07/14	1841.99	1841.99	1776.89	1780.57
2017/07/21	1767.84	1767.87	1683.65	1730.29
2017/07/28	1728.58	1808.04	1723.15	1798.30
2017/08/04	1795.43	1822.43	1786.57	1793.18
2017/08/11	1791.14	1829.49	1787.97	1792.69
2017/08/18	1794.21	1874.54	1794.21	1848.92
2017/08/25	1852.22	1861.36	1806.49	1830.89
2017/09/01	1835.33	1877.35	1832.54	1875.73
2017/09/08	1874.05	1904.28	1870.25	1883.44
2017/09/15	1880.33	1890.54	1866.26	1876.78
2017/09/22	1874.09	1887.74	1841.52	1851.55
2017/09/29	1847.31	1849.98	1819.95	1837.34
2017/10/13	1853.30	1894.89	1851.64	1891.80
2017/10/20	1887.85	1888.36	1814.31	1844.70
2017/10/27	1841.64	1850.58	1831.02	1841.76
2017/11/03	1838.22	1838.40	1776.27	1782.50
2017/11/10	1774.18	1847.99	1769.35	1836.34
2017/11/17	1837.30	1840.25	1745.39	1747.62
2017/11/24	1738.61	1769.92	1718.30	1732.40
2017/12/01	1732.62	1741.52	1705.04	1739.93
2017/12/08	1740.15	1762.79	1698.36	1758.38
2017/12/15	1768.69	1793.76	1753.19	1765.98
2017/12/22	1763.23	1765.76	1716.63	1731.78
2017/12/29	1734.80	1736.74	1691.24	1725.70
2018/01/05	1728.53	1747.40	1726.50	1735.75
2018/01/12	1733.91	1746.55	1707.44	1729.95
2018/01/19	1721.68	1721.68	1668.64	1696.72
2018/01/26	1695.77	1855.49	1687.64	1820.23
2018/02/02	1817.05	1826.19	1671.25	1701.71
2018/02/09	1679.62	1689.43	1552.79	1568.09
2018/02/14	1575.45	1629.03	1573.65	1598.38
2018/02/23	1621.29	1640.77	1607.07	1612.82
2018/03/02	1623.57	1725.86	1619.51	1709.72
2018/03/09	1711.51	1761.88	1696.16	1759.08
2018/03/16	1774.09	1805.02	1727.55	1744.01
2018/03/23	1752.03	1770.00	1618.37	1643.36
2018/03/30	1624.01	1739.38	1613.11	1739.19
2018/04/04	1743.25	1753.03	1679.48	1681.83
2018/04/13	1680.74	1702.56	1654.05	1677.29
2018/04/20	1673.52	1698.67	1597.66	1607.67
2018/04/27	1607.04	1653.25	1565.14	1619.86
2018/05/04	1620.73	1631.30	1579.88	1610.87
2018/05/11	1614.43	1650.49	1613.16	1628.65
2018/05/18	1630.55	1651.18	1622.43	1644.91
2018/05/25	1654.81	1670.61	1613.73	1613.73
2018/06/01	1613.18	1617.74	1544.98	1551.83
2018/06/08	1548.83	1567.66	1515.35	1525.83
2018/06/15	1521.89	1543.12	1465.39	1473.87
2018/06/21	1445.75	1448.80	1350.60	1351.95
