'000905'	中证500 	周线
日期	开盘	最高	最低	收盘
2007/01/19	2002.56	2159.64	1990.87	2159.63
2007/01/26	2183.43	2295.26	2061.65	2186.27
2007/02/02	2201.59	2280.73	2080.15	2127.10
2007/02/09	2122.37	2300.81	2118.87	2287.37
2007/02/16	2291.65	2581.56	2291.65	2541.40
2007/03/02	2557.25	2673.53	2369.05	2503.67
2007/03/09	2508.38	2662.33	2419.29	2638.05
2007/03/16	2639.88	2777.40	2610.39	2710.86
2007/03/23	2623.74	2901.79	2609.31	2898.00
2007/03/30	2915.05	3060.18	2859.73	2926.06
2007/04/06	2935.21	3189.11	2932.63	3182.80
2007/04/13	3201.14	3419.99	3151.49	3358.62
2007/04/20	3362.73	3652.72	3356.02	3614.38
2007/04/27	3667.55	3871.39	3667.55	3845.81
2007/04/30	3831.55	3909.04	3809.97	3903.68
2007/05/11	3990.71	4146.58	3918.75	4109.39
2007/05/18	4051.84	4261.46	3929.52	4235.18
2007/05/25	4089.85	4665.98	4076.52	4649.85
2007/06/01	4707.68	4853.87	3945.39	3960.43
2007/06/08	3901.79	4036.87	3317.87	4002.87
2007/06/15	4057.16	4399.52	3945.67	4316.52
2007/06/22	4400.39	4589.22	4050.66	4123.22
2007/06/29	4139.27	4184.33	3527.32	3585.49
2007/07/06	3571.72	3716.51	3309.14	3591.37
2007/07/13	3627.98	3737.68	3564.14	3655.85
2007/07/20	3654.86	3791.31	3492.27	3788.74
2007/07/27	3813.98	4269.85	3813.98	4269.77
2007/08/03	4279.04	4435.24	4155.48	4408.04
2007/08/10	4446.21	4510.08	4243.74	4348.81
2007/08/17	4343.73	4482.73	4257.37	4390.87
2007/08/24	4475.39	4765.16	4468.85	4742.95
2007/08/31	4802.43	4914.97	4630.41	4897.64
2007/09/07	4941.98	5080.33	4900.54	4939.23
2007/09/14	4881.12	5054.08	4590.27	4936.68
2007/09/21	4926.83	5114.96	4919.70	5028.83
2007/09/28	5040.29	5099.06	4898.23	5083.64
2007/10/12	5169.23	5178.60	4662.10	4891.39
2007/10/19	4896.83	4955.68	4774.24	4813.95
2007/10/26	4775.68	4812.22	4126.56	4228.95
2007/11/02	4251.16	4557.64	4211.14	4329.62
2007/11/09	4306.73	4432.35	4098.29	4153.18
2007/11/16	4090.90	4275.24	3996.15	4217.23
2007/11/23	4228.58	4399.81	4067.40	4193.98
2007/11/30	4238.58	4266.98	4057.74	4122.93
2007/12/07	4113.21	4362.22	4101.10	4362.22
2007/12/14	4304.75	4573.52	4288.50	4499.52
2007/12/21	4512.37	4692.12	4453.77	4691.52
2007/12/28	4724.16	4987.21	4724.08	4947.60
2008/01/04	4963.04	5246.10	4960.35	5243.02
2008/01/11	5237.93	5438.31	5158.12	5376.79
2008/01/18	5382.73	5495.39	5106.91	5317.45
2008/01/25	5331.66	5343.87	4624.93	5096.68
2008/02/01	5073.62	5073.62	4308.52	4456.93
2008/02/05	4570.10	4889.37	4570.10	4839.00
2008/02/15	4798.56	4929.77	4749.14	4886.02
2008/02/22	4953.02	5184.14	4938.73	5029.20
2008/02/29	5038.62	5068.98	4729.85	5057.62
2008/03/07	5044.93	5296.25	5014.27	5115.91
2008/03/14	5081.10	5122.54	4589.50	4662.31
2008/03/21	4641.91	4642.73	3926.46	4405.85
2008/03/28	4459.50	4489.46	3948.85	4241.45
2008/04/03	4129.93	4200.75	3392.08	3588.76
2008/04/11	3544.31	3960.77	3506.79	3862.36
2008/04/18	3778.68	3779.25	3333.11	3338.27
2008/04/25	3578.80	3873.33	3093.66	3756.33
2008/04/30	3696.92	3910.40	3667.58	3903.17
2008/05/09	3943.20	4086.42	3796.55	3986.24
2008/05/16	3926.05	4230.77	3893.38	4071.90
2008/05/23	4059.28	4100.56	3663.20	3829.64
2008/05/30	3804.30	3864.81	3679.00	3755.62
2008/06/06	3747.59	3804.79	3607.24	3629.91
2008/06/13	3487.05	3487.05	3042.50	3045.11
2008/06/20	3041.70	3076.43	2596.84	2764.28
2008/06/27	2726.45	3041.37	2693.06	2792.71
2008/07/04	2762.34	2979.80	2737.75	2941.09
2008/07/11	2948.68	3264.02	2948.68	3132.73
2008/07/18	3111.58	3231.37	2855.91	3015.80
2008/07/25	3002.46	3206.37	2982.51	3172.16
2008/08/01	3190.28	3229.15	2958.03	3063.81
2008/08/08	3044.13	3067.04	2709.96	2711.96
2008/08/15	2699.09	2699.09	2369.37	2473.72
2008/08/22	2479.38	2535.06	2235.71	2382.52
2008/08/29	2379.21	2413.87	2180.93	2307.15
2008/09/05	2290.40	2290.40	2145.65	2148.74
2008/09/12	2146.75	2160.86	2021.81	2038.66
2008/09/19	2036.38	2086.83	1797.08	2086.83
2008/09/26	2213.53	2276.65	1984.23	2136.00
2008/10/10	2092.35	2096.35	1836.50	1837.40
2008/10/17	1814.54	1941.10	1696.72	1726.40
2008/10/24	1725.56	1824.38	1705.56	1741.18
2008/10/31	1711.81	1711.81	1553.49	1562.02
2008/11/07	1553.88	1573.52	1488.65	1561.22
2008/11/14	1585.29	1867.49	1585.29	1867.49
2008/11/21	1864.31	1990.30	1803.41	1921.04
2008/11/28	1920.55	1965.65	1780.91	1841.45
2008/12/05	1836.42	2110.66	1820.53	2098.65
2008/12/12	2128.67	2203.30	2001.18	2031.99
2008/12/19	2063.90	2216.88	2008.41	2194.99
2008/12/26	2196.38	2213.00	1966.54	1983.76
2008/12/31	1977.21	2004.64	1928.06	1939.43
2009/01/09	1969.63	2120.21	1962.62	2107.77
2009/01/16	2105.14	2228.89	2078.06	2195.62
2009/01/23	2209.12	2265.41	2166.09	2238.08
2009/02/06	2258.51	2496.59	2245.26	2493.74
2009/02/13	2528.80	2808.48	2500.54	2805.01
2009/02/20	2833.29	2854.56	2629.34	2776.96
2009/02/27	2769.62	2884.01	2396.31	2416.95
2009/03/06	2385.84	2710.02	2382.02	2653.47
2009/03/13	2661.95	2692.75	2498.25	2569.62
2009/03/20	2563.02	2802.71	2539.90	2784.11
2009/03/27	2784.88	2894.51	2746.80	2877.87
2009/04/03	2880.53	2996.38	2808.61	2934.25
2009/04/10	2941.38	3012.25	2838.62	3009.37
2009/04/17	3030.70	3182.58	3019.15	3119.41
2009/04/24	3111.47	3235.45	2978.64	3036.76
2009/04/30	3034.24	3096.76	2897.80	3086.22
2009/05/08	3096.38	3285.77	3096.38	3257.59
2009/05/15	3269.02	3285.45	3101.32	3270.74
2009/05/22	3265.01	3343.65	3211.38	3254.53
2009/05/27	3176.15	3319.12	3152.54	3276.75
2009/06/05	3302.00	3393.08	3296.12	3355.78
2009/06/12	3355.90	3422.12	3281.25	3309.59
2009/06/19	3303.74	3448.84	3296.58	3434.06
2009/06/26	3451.87	3454.89	3353.03	3448.46
2009/07/03	3451.78	3584.86	3439.77	3584.86
2009/07/10	3593.62	3747.12	3557.66	3719.97
2009/07/17	3711.45	3873.33	3705.42	3852.86
2009/07/24	3863.47	3952.32	3814.91	3907.97
2009/07/31	3918.27	4023.01	3670.90	3928.58
2009/08/07	3944.70	4099.52	3875.76	3893.12
2009/08/14	3935.05	3970.17	3609.65	3609.70
2009/08/21	3558.32	3571.82	3215.55	3468.04
2009/08/28	3472.49	3662.47	3384.45	3531.40
2009/09/04	3477.12	3509.28	3195.85	3489.06
2009/09/11	3503.00	3659.43	3473.17	3641.82
2009/09/18	3653.47	3892.16	3652.58	3739.73
2009/09/25	3704.16	3834.73	3477.40	3536.81
2009/09/30	3546.34	3581.98	3306.37	3400.62
2009/10/09	3456.08	3576.63	3454.80	3576.43
2009/10/16	3586.04	3733.28	3555.95	3716.89
2009/10/23	3719.53	3926.18	3714.49	3908.43
2009/10/30	3914.61	3925.41	3761.79	3827.67
2009/11/06	3754.93	4175.50	3738.70	4145.14
2009/11/13	4148.43	4267.00	4120.39	4267.00
2009/11/20	4295.72	4541.27	4295.72	4508.29
2009/11/27	4516.27	4611.89	4187.58	4215.33
2009/12/04	4251.96	4651.14	4251.96	4506.08
2009/12/11	4508.62	4598.10	4474.10	4534.75
2009/12/18	4533.35	4545.35	4194.96	4203.48
2009/12/25	4195.12	4398.46	4124.08	4376.18
2009/12/31	4388.77	4487.45	4388.27	4485.25
2010/01/08	4508.93	4595.10	4426.24	4514.45
2010/01/15	4549.31	4753.18	4502.99	4747.64
2010/01/22	4744.33	4852.31	4453.68	4537.87
2010/01/29	4515.12	4542.79	4229.52	4374.64
2010/02/05	4366.49	4445.75	4160.35	4311.29
2010/02/12	4299.25	4418.54	4279.66	4416.22
2010/02/26	4412.54	4656.93	4352.43	4634.66
2010/03/05	4635.95	4780.02	4550.10	4604.58
2010/03/12	4618.85	4674.50	4489.52	4492.85
2010/03/19	4485.87	4665.91	4426.18	4663.89
2010/03/26	4669.41	4697.73	4601.68	4686.93
2010/04/02	4701.79	4851.93	4682.41	4843.16
2010/04/09	4853.33	4939.41	4814.25	4939.18
2010/04/16	4948.10	4993.37	4793.27	4898.66
2010/04/23	4850.85	4950.49	4607.20	4864.16
2010/04/30	4868.72	4904.97	4350.14	4438.68
2010/05/07	4353.45	4583.18	4285.47	4350.75
2010/05/14	4346.70	4391.02	3974.10	4184.83
2010/05/21	4125.66	4132.37	3768.10	3982.37
2010/05/28	4016.35	4270.16	4016.35	4235.31
2010/06/04	4214.62	4259.16	3933.38	4089.03
2010/06/11	4000.64	4261.16	3985.14	4198.00
2010/06/18	4221.60	4237.10	3945.73	3972.29
2010/06/25	3960.25	4138.77	3924.41	4028.42
2010/07/02	4023.11	4036.42	3430.36	3585.58
2010/07/09	3535.74	3817.66	3498.89	3807.60
2010/07/16	3809.75	3866.78	3672.02	3757.42
2010/07/23	3718.12	4028.51	3701.92	4015.47
2010/07/30	4023.06	4203.64	4011.75	4191.12
2010/08/06	4192.66	4356.21	4137.64	4356.00
2010/08/13	4357.18	4417.20	4212.21	4323.04
2010/08/20	4322.02	4491.74	4315.02	4366.60
2010/08/27	4363.16	4476.25	4355.02	4431.43
2010/09/03	4453.04	4671.33	4453.04	4662.96
2010/09/10	4682.25	4746.02	4593.45	4705.31
2010/09/17	4713.06	4821.54	4558.39	4603.49
2010/09/21	4608.85	4622.50	4516.60	4546.72
2010/09/30	4570.60	4695.04	4553.96	4660.60
2010/10/08	4696.37	4787.45	4691.64	4767.97
2010/10/15	4784.64	4848.85	4638.24	4691.45
2010/10/22	4699.02	4892.62	4545.06	4877.93
2010/10/29	4894.85	5088.85	4894.81	5055.49
2010/11/05	5072.75	5313.48	5072.75	5311.77
2010/11/12	5338.50	5581.35	5094.79	5111.18
2010/11/19	5117.16	5288.97	4814.41	5081.02
2010/11/26	5049.46	5278.31	4970.49	5227.64
2010/12/03	5214.45	5273.79	4960.71	5100.36
2010/12/10	5103.85	5133.25	4931.87	5039.16
2010/12/17	5063.00	5276.14	5063.00	5228.33
2010/12/24	5246.41	5264.21	4947.22	4991.54
2010/12/31	4993.37	5048.60	4700.56	4936.72
2011/01/07	4964.21	5047.25	4938.93	4975.14
2011/01/14	4966.56	4970.41	4719.14	4723.43
2011/01/21	4690.87	4691.56	4445.23	4506.31
2011/01/28	4506.60	4559.35	4307.91	4548.21
2011/02/01	4544.33	4638.60	4536.18	4630.58
2011/02/11	4597.54	4803.10	4584.89	4786.81
2011/02/18	4792.85	4990.75	4792.85	4941.43
2011/02/25	4911.81	5058.75	4891.25	5032.79
2011/03/04	5040.22	5143.77	4989.64	5067.62
2011/03/11	5085.46	5200.70	5085.46	5139.75
2011/03/18	5127.14	5200.06	5016.87	5126.93
2011/03/25	5120.66	5218.06	5020.75	5212.35
2011/04/01	5223.06	5231.73	4985.02	5065.08
2011/04/08	5046.89	5149.04	5019.49	5148.79
2011/04/15	5157.06	5175.24	5069.39	5162.41
2011/04/22	5149.33	5193.21	5095.60	5165.12
2011/04/29	5152.06	5152.06	4738.45	4836.87
2011/05/06	4836.85	4920.71	4764.83	4849.97
2011/05/13	4855.83	4949.02	4817.83	4902.56
2011/05/20	4900.00	4931.12	4823.06	4863.18
2011/05/27	4853.89	4853.91	4425.75	4428.89
2011/06/03	4403.00	4514.31	4339.08	4506.20
2011/06/10	4496.96	4568.29	4383.20	4469.04
2011/06/17	4439.87	4562.04	4332.49	4337.37
2011/06/24	4325.60	4533.71	4251.10	4509.18
2011/07/01	4511.75	4635.25	4506.74	4604.75
2011/07/08	4617.95	4813.33	4617.95	4756.60
2011/07/15	4741.98	4896.10	4727.66	4896.04
2011/07/22	4902.22	4919.14	4781.41	4800.93
2011/07/29	4784.97	4784.97	4576.93	4628.31
2011/08/05	4622.70	4671.00	4472.62	4559.02
2011/08/12	4494.37	4526.50	4113.00	4505.89
2011/08/19	4514.64	4587.14	4325.04	4395.02
2011/08/26	4395.02	4541.47	4348.66	4530.41
2011/09/02	4509.89	4541.56	4317.64	4344.98
2011/09/09	4305.43	4328.21	4185.79	4233.75
2011/09/16	4176.29	4249.54	4111.12	4214.81
2011/09/23	4200.48	4279.12	4061.83	4117.73
2011/09/30	4102.60	4138.35	3818.25	3856.83
2011/10/14	3866.86	4009.78	3768.11	3985.18
2011/10/21	3993.75	4024.24	3669.68	3671.70
2011/10/28	3675.72	3978.80	3605.93	3978.80
2011/11/04	3975.07	4150.04	3919.68	4131.12
2011/11/11	4125.02	4159.97	4025.72	4062.13
2011/11/18	4092.06	4195.29	3955.06	3963.26
2011/11/25	3956.38	3978.47	3880.58	3911.36
2011/12/02	3916.00	3980.62	3776.59	3817.04
2011/12/09	3806.47	3807.05	3635.55	3663.84
2011/12/16	3663.56	3675.95	3324.59	3427.21
2011/12/23	3408.56	3474.09	3196.84	3327.38
2011/12/30	3321.98	3357.36	3128.14	3266.78
2012/01/06	3290.82	3300.01	3002.98	3087.55
2012/01/13	3089.45	3388.38	3056.18	3233.70
2012/01/20	3201.01	3342.37	3110.36	3315.60
2012/02/03	3326.61	3390.33	3251.41	3383.05
2012/02/10	3387.22	3506.34	3333.63	3488.23
2012/02/17	3458.81	3607.75	3441.33	3565.31
2012/02/24	3610.74	3757.52	3533.11	3756.83
2012/03/02	3767.60	3822.26	3675.27	3794.41
2012/03/09	3805.67	3848.11	3707.79	3848.11
2012/03/16	3852.61	3945.31	3635.67	3786.62
2012/03/23	3788.38	3830.02	3652.23	3670.12
2012/03/30	3661.38	3699.15	3383.53	3416.86
2012/04/06	3420.03	3570.59	3412.43	3554.03
2012/04/13	3544.01	3695.12	3432.36	3675.03
2012/04/20	3644.66	3743.49	3629.82	3736.36
2012/04/27	3731.55	3739.14	3557.78	3664.63
2012/05/04	3707.82	3761.97	3674.96	3758.00
2012/05/11	3741.65	3798.05	3713.31	3715.38
2012/05/18	3745.83	3760.87	3643.79	3655.86
2012/05/25	3650.91	3723.18	3616.90	3635.52
2012/06/01	3622.12	3775.37	3568.03	3744.43
2012/06/08	3684.04	3707.31	3557.04	3564.15
2012/06/15	3565.34	3693.89	3554.18	3648.99
2012/06/21	3663.13	3691.92	3569.49	3590.84
2012/06/29	3576.37	3576.37	3392.75	3470.96
2012/07/06	3491.75	3542.51	3397.87	3486.55
2012/07/13	3464.02	3478.12	3351.56	3435.08
2012/07/20	3434.51	3434.60	3276.32	3369.90
2012/07/27	3347.87	3381.35	3269.23	3283.59
2012/08/03	3280.10	3294.64	3152.31	3259.86
2012/08/10	3250.79	3405.25	3244.98	3395.85
2012/08/17	3386.03	3386.03	3252.79	3286.78
2012/08/24	3270.99	3347.28	3247.58	3265.75
2012/08/31	3250.68	3250.68	3083.37	3139.50
2012/09/07	3135.23	3365.65	3131.15	3334.65
2012/09/14	3343.81	3385.72	3308.01	3338.04
2012/09/21	3334.71	3334.99	3137.38	3143.71
2012/09/28	3129.54	3200.08	3062.70	3199.75
2012/10/12	3198.87	3296.91	3167.67	3240.39
2012/10/19	3237.29	3305.53	3193.99	3285.45
2012/10/26	3269.04	3303.24	3142.28	3163.29
2012/11/02	3158.11	3251.77	3141.13	3249.55
2012/11/09	3244.30	3258.99	3103.84	3116.98
2012/11/16	3118.11	3139.37	2987.70	3009.14
2012/11/23	3007.67	3035.28	2963.86	3005.46
2012/11/30	3004.16	3006.79	2765.79	2816.62
2012/12/07	2816.30	2954.68	2704.37	2950.18
2012/12/14	2951.00	3069.06	2939.14	3066.23
2012/12/21	3073.91	3144.26	3063.32	3101.07
2012/12/28	3093.97	3244.93	3090.41	3235.20
2013/01/04	3242.96	3304.76	3226.95	3258.25
2013/01/11	3253.66	3368.01	3245.46	3271.17
2013/01/18	3264.14	3466.53	3262.58	3464.63
2013/01/25	3475.20	3492.22	3344.98	3364.06
2013/02/01	3362.47	3507.83	3362.22	3507.71
2013/02/08	3517.46	3618.84	3457.42	3608.59
2013/02/22	3625.03	3639.36	3531.12	3548.36
2013/03/01	3551.60	3648.68	3506.76	3648.41
2013/03/08	3614.56	3654.11	3496.05	3570.37
2013/03/15	3568.62	3589.72	3413.17	3471.21
2013/03/22	3461.87	3586.09	3378.90	3579.91
2013/03/29	3581.31	3590.82	3434.57	3447.29
2013/04/03	3449.54	3504.28	3382.22	3397.23
2013/04/12	3354.43	3455.68	3315.33	3394.52
2013/04/19	3382.00	3498.57	3302.24	3495.24
2013/04/26	3478.04	3511.72	3360.74	3367.77
2013/05/03	3354.47	3459.98	3345.43	3448.63
2013/05/10	3456.28	3577.33	3456.28	3577.33
2013/05/17	3577.29	3695.24	3524.58	3691.39
2013/05/24	3700.09	3795.16	3686.76	3782.07
2013/05/31	3784.47	3884.67	3770.64	3841.22
2013/06/07	3836.77	3855.79	3593.97	3616.21
2013/06/14	3573.89	3591.25	3446.25	3584.98
2013/06/21	3593.51	3620.95	3347.76	3446.48
2013/06/28	3439.87	3439.87	2981.68	3235.98
2013/07/05	3226.62	3427.98	3210.65	3371.53
2013/07/12	3322.13	3490.50	3210.73	3425.13
2013/07/19	3432.26	3552.37	3394.31	3394.31
2013/07/26	3374.57	3575.00	3359.38	3494.15
2013/08/02	3477.26	3563.18	3349.55	3533.61
2013/08/09	3531.64	3644.21	3528.85	3618.74
2013/08/16	3629.51	3706.77	3550.82	3554.35
2013/08/23	3528.90	3654.73	3522.14	3627.97
2013/08/30	3629.36	3740.12	3627.31	3664.14
2013/09/06	3674.67	3799.07	3633.46	3792.83
2013/09/13	3799.45	3876.77	3793.11	3849.82
2013/09/18	3852.36	3870.73	3776.70	3822.12
2013/09/27	3830.95	3930.60	3802.89	3822.76
2013/09/30	3834.16	3873.49	3834.01	3872.88
2013/10/11	3875.52	4027.32	3866.67	4026.91
2013/10/18	4034.18	4080.11	3937.24	3970.63
2013/10/25	3977.26	4089.10	3796.07	3821.78
2013/11/01	3820.66	3828.72	3600.42	3702.45
2013/11/08	3705.45	3799.83	3618.92	3629.93
2013/11/15	3626.18	3766.36	3575.84	3736.45
2013/11/22	3759.12	3880.72	3755.50	3842.76
2013/11/29	3834.81	3947.90	3822.12	3946.37
2013/12/06	3870.03	3959.11	3737.32	3918.78
2013/12/13	3928.15	3965.15	3878.33	3925.42
2013/12/20	3929.37	3932.60	3736.39	3747.00
2013/12/27	3745.93	3809.50	3687.39	3800.77
2014/01/03	3815.67	3848.25	3789.82	3816.32
2014/01/10	3806.58	3806.58	3619.67	3628.62
2014/01/17	3628.53	3738.08	3588.74	3671.90
2014/01/24	3666.30	3890.53	3627.64	3882.66
2014/01/30	3867.57	3916.66	3847.03	3885.41
2014/02/07	3864.88	3957.92	3854.98	3957.66
2014/02/14	3972.86	4137.58	3972.86	4134.16
2014/02/21	4152.04	4232.87	4085.82	4121.91
2014/02/28	4102.56	4141.25	3874.72	3975.92
2014/03/07	3975.54	4075.75	3969.30	4012.45
2014/03/14	3981.51	3981.51	3803.73	3888.98
2014/03/21	3889.89	4009.35	3828.91	3952.38
2014/03/28	3954.05	4009.87	3855.48	3865.30
2014/04/04	3865.00	3939.61	3815.74	3939.23
2014/04/11	3927.51	4052.84	3918.98	4021.18
2014/04/18	4019.50	4051.49	3992.50	4029.26
2014/04/25	4004.61	4032.85	3797.47	3800.67
2014/04/30	3785.96	3785.96	3678.01	3766.16
2014/05/09	3761.23	3831.40	3688.05	3716.02
2014/05/16	3738.66	3819.75	3685.07	3726.65
2014/05/23	3722.38	3788.06	3679.63	3786.56
2014/05/30	3798.73	3874.10	3798.73	3829.24
2014/06/06	3833.12	3845.48	3760.29	3818.33
2014/06/13	3809.59	3894.54	3784.05	3891.56
2014/06/20	3893.91	3915.21	3739.40	3789.34
2014/06/27	3790.84	3905.54	3790.84	3889.32
2014/07/04	3895.14	4026.07	3889.64	4004.56
2014/07/11	4004.10	4047.37	3975.70	4029.75
2014/07/18	4033.71	4105.00	4006.28	4042.52
2014/07/25	4038.74	4094.64	4013.56	4089.80
2014/08/01	4106.99	4268.43	4106.99	4210.22
2014/08/08	4213.10	4348.18	4213.10	4311.70
2014/08/15	4317.35	4428.97	4317.35	4423.64
2014/08/22	4434.16	4526.24	4434.16	4521.75
2014/08/29	4521.81	4522.70	4368.66	4427.87
2014/09/05	4436.54	4666.91	4436.10	4666.47
2014/09/12	4672.10	4762.12	4643.37	4756.95
2014/09/19	4759.77	4816.31	4604.66	4758.73
2014/09/26	4753.79	4861.79	4682.62	4829.93
2014/09/30	4847.81	4921.08	4847.81	4916.12
2014/10/10	4935.04	5010.83	4913.68	4981.85
2014/10/17	4964.23	5013.95	4771.77	4860.73
2014/10/24	4873.46	4942.46	4732.75	4774.66
2014/10/31	4762.52	5021.18	4739.33	4986.41
2014/11/07	4993.16	5049.27	4956.87	4977.25
2014/11/14	4989.43	5041.33	4842.50	4909.60
2014/11/21	4925.47	5029.77	4894.64	5029.77
2014/11/28	5088.23	5261.16	5065.18	5245.27
2014/12/05	5246.43	5464.23	5181.10	5333.89
2014/12/12	5310.56	5498.95	5151.00	5493.20
2014/12/19	5485.12	5609.68	5423.75	5524.12
2014/12/26	5523.66	5523.96	5187.62	5422.75
2014/12/31	5436.49	5436.49	5241.35	5322.71
2015/01/09	5338.75	5497.74	5314.33	5409.06
2015/01/16	5386.58	5520.79	5303.73	5520.12
2015/01/23	5359.47	5699.73	5222.04	5633.29
2015/01/30	5644.02	5798.56	5631.56	5632.73
2015/02/06	5568.43	5745.14	5510.75	5534.77
2015/02/13	5526.14	5789.37	5492.54	5769.27
2015/02/17	5786.14	5914.29	5786.04	5911.10
2015/02/27	5926.23	6025.12	5887.37	6018.46
2015/03/06	6064.81	6234.10	6039.25	6133.02
2015/03/13	6113.58	6329.70	6080.54	6329.58
2015/03/20	6369.20	6862.37	6369.20	6850.89
2015/03/27	6891.91	7171.62	6801.54	7155.95
2015/04/03	7180.06	7682.72	7180.06	7679.00
2015/04/10	7728.91	7971.62	7483.27	7952.18
2015/04/17	7994.25	8192.24	7607.39	7980.75
2015/04/24	7967.02	8453.33	7801.02	8419.08
2015/04/30	8503.57	8576.48	8187.14	8469.66
2015/05/08	8493.96	8532.65	7886.35	8201.29
2015/05/15	8292.62	8909.57	8242.09	8742.87
2015/05/22	8725.41	9821.80	8698.90	9778.16
2015/05/29	9717.50	10637.91	9433.08	9966.83
2015/06/05	10067.53	11236.15	10067.53	11144.51
2015/06/12	11157.17	11616.37	10830.33	11545.88
2015/06/19	11589.95	11616.34	9968.99	9987.41
2015/06/26	9951.78	10343.04	9059.36	9078.05
2015/07/03	9267.03	9281.16	7249.31	7355.49
2015/07/10	7842.43	7842.43	6444.25	7244.77
2015/07/17	7563.37	8076.18	7078.71	7994.70
2015/07/24	8025.10	8706.25	7931.64	8425.07
2015/07/31	8240.67	8493.34	7261.60	7727.06
2015/08/07	7605.89	8047.70	7370.04	8013.31
2015/08/14	8106.12	8717.07	8079.87	8625.24
2015/08/21	8613.29	8858.33	7583.70	7612.89
2015/08/28	7255.29	7292.77	6099.16	6842.89
2015/09/02	6791.41	6791.41	5866.66	6122.54
2015/09/11	6187.68	6609.93	6014.56	6493.31
2015/09/18	6535.25	6554.37	5689.97	6036.87
2015/09/25	5966.29	6362.04	5943.58	6108.37
2015/09/30	6118.23	6221.00	6020.46	6123.73
2015/10/09	6322.54	6495.29	6281.52	6470.04
2015/10/16	6505.91	7052.14	6501.75	7047.56
2015/10/23	7072.35	7186.54	6689.27	7138.23
2015/10/30	7223.14	7270.79	6900.43	7084.97
2015/11/06	6936.37	7456.24	6860.43	7446.85
2015/11/13	7415.75	7739.64	7350.85	7567.10
2015/11/20	7438.39	7844.06	7431.74	7806.27
2015/11/27	7816.85	7974.74	7317.64	7376.12
2015/12/04	7388.27	7600.33	7035.54	7511.66
2015/12/11	7526.22	7602.77	7253.83	7290.70
2015/12/18	7224.81	7746.50	7210.41	7699.37
2015/12/25	7698.43	7881.29	7635.77	7792.12
2015/12/31	7815.37	7837.62	7545.35	7617.68
2016/01/08	7615.50	7624.10	6222.58	6570.43
2016/01/15	6435.89	6529.87	5726.87	5893.68
2016/01/22	5768.75	6244.96	5765.14	5980.60
2016/01/29	6034.08	6093.27	5240.64	5469.12
2016/02/05	5458.60	5747.98	5319.70	5664.20
2016/02/19	5485.72	6034.85	5482.79	5979.52
2016/02/26	6055.68	6118.64	5517.62	5648.93
2016/03/04	5618.50	5872.91	5286.33	5621.56
2016/03/11	5686.68	5788.47	5433.31	5508.98
2016/03/18	5568.46	5967.46	5531.33	5949.25
2016/03/25	6016.68	6130.25	5996.54	6077.43
2016/04/01	6114.77	6211.14	5875.06	6124.52
2016/04/08	6136.68	6355.33	6087.10	6168.74
2016/04/15	6226.37	6421.73	6182.81	6384.35
2016/04/22	6343.70	6344.77	5915.31	6011.31
2016/04/29	5997.21	6086.35	5888.06	5985.58
2016/05/06	5991.83	6226.87	5960.93	5961.49
2016/05/13	5910.12	5910.12	5559.68	5714.31
2016/05/20	5692.60	5853.60	5563.06	5732.89
2016/05/27	5752.14	5811.68	5598.66	5739.58
2016/06/03	5706.00	6062.14	5655.64	6032.60
2016/06/08	6051.95	6067.47	5972.74	6023.87
2016/06/17	5943.73	6002.62	5692.81	5964.27
2016/06/24	5965.81	6053.41	5748.83	5903.62
2016/07/01	5864.73	6163.43	5864.60	6111.54
2016/07/08	6079.58	6342.43	6078.62	6299.85
2016/07/15	6320.06	6469.04	6248.93	6441.02
2016/07/22	6426.85	6487.02	6355.48	6390.93
2016/07/29	6383.56	6515.87	6148.85	6202.89
2016/08/05	6179.20	6251.39	6046.39	6203.29
2016/08/12	6191.64	6366.08	6152.58	6299.08
2016/08/19	6309.41	6527.20	6289.72	6499.54
2016/08/26	6499.75	6508.79	6312.64	6410.73
2016/09/02	6409.12	6459.71	6320.48	6356.95
2016/09/09	6372.62	6539.35	6345.68	6471.04
2016/09/14	6362.77	6383.83	6260.64	6278.16
2016/09/23	6292.81	6410.56	6292.81	6370.58
2016/09/30	6363.93	6364.21	6200.56	6328.08
2016/10/14	6364.52	6501.56	6345.33	6469.49
2016/10/21	6478.50	6531.16	6394.49	6475.27
2016/10/28	6479.54	6563.52	6455.14	6455.83
2016/11/04	6441.43	6521.00	6408.27	6462.58
2016/11/11	6461.00	6584.41	6380.56	6583.89
2016/11/18	6568.66	6658.43	6566.04	6602.33
2016/11/25	6597.16	6676.66	6531.37	6652.81
2016/12/02	6667.27	6692.14	6520.97	6520.97
2016/12/09	6462.25	6562.66	6451.08	6513.91
2016/12/16	6512.96	6519.62	6190.39	6318.52
2016/12/23	6319.85	6350.27	6275.31	6282.00
2016/12/30	6260.33	6311.04	6194.27	6263.62
2017/01/06	6273.81	6412.87	6273.75	6371.62
2017/01/13	6365.39	6428.83	6182.10	6194.66
2017/01/20	6184.12	6184.33	5872.39	6122.00
2017/01/26	6130.43	6224.18	6130.20	6223.71
2017/02/03	6227.46	6231.60	6190.83	6207.08
2017/02/10	6206.54	6350.33	6195.50	6337.10
2017/02/17	6341.73	6379.79	6300.50	6307.16
2017/02/24	6307.23	6482.25	6307.23	6476.16
2017/03/03	6476.37	6488.81	6398.87	6452.83
2017/03/10	6457.58	6525.18	6425.00	6447.91
2017/03/17	6444.56	6555.58	6412.71	6483.25
2017/03/24	6484.54	6552.75	6445.81	6546.62
2017/03/31	6545.45	6555.79	6365.45	6401.64
2017/04/07	6450.89	6593.95	6450.89	6578.73
2017/04/14	6575.46	6632.00	6522.79	6528.16
2017/04/21	6500.95	6502.04	6285.99	6300.71
2017/04/28	6282.33	6282.74	6052.87	6211.85
2017/05/05	6205.10	6236.89	6089.08	6089.68
2017/05/12	6076.46	6083.35	5731.48	5863.77
2017/05/19	5880.70	6055.91	5839.22	5974.98
2017/05/26	5962.29	5987.31	5668.72	5836.93
2017/06/02	5887.93	5913.18	5655.75	5772.52
2017/06/09	5778.18	5972.73	5777.95	5969.27
2017/06/16	5943.64	6027.39	5894.23	6013.00
2017/06/23	6010.93	6094.54	5923.54	6010.31
2017/06/30	6013.48	6139.06	6011.85	6138.16
2017/07/07	6142.16	6229.83	6127.50	6226.00
2017/07/14	6221.52	6236.29	6050.64	6128.74
2017/07/21	6108.45	6136.97	5842.96	6126.10
2017/07/28	6121.33	6229.06	6105.96	6215.46
2017/08/04	6214.66	6313.50	6208.46	6225.12
2017/08/11	6227.52	6341.48	6153.60	6161.18
2017/08/18	6165.12	6366.25	6165.12	6347.75
2017/08/25	6354.10	6404.04	6267.23	6346.52
2017/09/01	6348.87	6530.89	6348.87	6526.50
2017/09/08	6530.50	6614.10	6519.79	6574.18
2017/09/15	6579.89	6715.39	6566.27	6622.04
2017/09/22	6616.12	6692.71	6547.27	6572.00
2017/09/29	6560.14	6611.64	6482.29	6603.25
2017/10/13	6682.58	6711.93	6611.97	6709.81
2017/10/20	6709.87	6709.87	6485.81	6571.41
2017/10/27	6569.79	6686.12	6556.33	6630.81
2017/11/03	6621.77	6629.29	6395.46	6426.98
2017/11/10	6432.06	6647.23	6408.35	6641.22
2017/11/17	6644.68	6673.75	6359.52	6361.93
2017/11/24	6330.89	6483.62	6239.31	6278.02
2017/12/01	6269.23	6329.18	6186.02	6316.41
2017/12/08	6311.22	6334.87	6053.24	6203.14
2017/12/15	6214.64	6290.85	6214.64	6235.75
2017/12/22	6229.74	6269.31	6148.81	6242.87
2017/12/29	6244.85	6257.02	6148.10	6250.81
2018/01/05	6263.14	6435.85	6258.16	6417.25
2018/01/12	6413.87	6449.02	6361.08	6399.37
2018/01/19	6391.37	6392.52	6202.31	6272.37
2018/01/26	6264.75	6424.35	6248.31	6383.62
2018/02/02	6385.04	6398.97	5844.46	6004.85
2018/02/09	5927.74	6016.16	5490.62	5554.89
2018/02/14	5581.71	5789.70	5581.71	5754.83
2018/02/23	5800.95	5902.93	5797.91	5897.68
2018/03/02	5926.41	6094.79	5917.62	6056.33
2018/03/09	6066.68	6211.27	6031.98	6206.98
2018/03/16	6230.81	6297.43	6117.60	6146.31
2018/03/23	6142.52	6224.56	5722.77	5787.14
2018/03/30	5715.35	6115.27	5675.37	6114.74
2018/04/04	6127.23	6169.29	6008.50	6017.68
2018/04/13	5994.35	6110.18	5954.54	6027.18
2018/04/20	6018.16	6053.99	5826.64	5880.83
2018/04/27	5885.60	5968.87	5761.97	5860.98
2018/05/04	5861.83	5939.95	5779.73	5909.29
2018/05/11	5921.31	6052.71	5918.37	5991.33
2018/05/18	5982.47	6045.02	5932.12	5995.14
2018/05/25	6034.43	6092.91	5909.04	5917.79
2018/06/01	5910.48	5938.06	5654.83	5685.12
2018/06/08	5692.97	5798.33	5630.66	5669.29
2018/06/15	5657.64	5693.60	5448.06	5483.93
2018/06/22	5396.68	5409.41	5017.50	5160.12
2018/06/29	5196.64	5218.91	5044.24	5217.75
2018/07/06	5216.85	5238.64	4897.25	4996.62
2018/07/13	5007.21	5207.35	4973.99	5204.18
2018/07/20	5201.52	5220.18	5072.16	5175.25
2018/07/27	5146.62	5332.62	5132.37	5249.29
2018/08/03	5244.77	5255.18	4887.50	4929.75
2018/08/10	4919.50	5037.49	4797.45	5030.50
2018/08/17	4981.33	5064.02	4793.77	4803.02
2018/08/24	4794.24	4901.12	4736.56	4852.29
2018/08/31	4859.12	4983.93	4805.21	4814.81
2018/09/07	4808.37	4905.02	4754.81	4791.77
2018/09/14	4792.60	4794.00	4655.21	4670.08
2018/09/21	4649.95	4813.29	4584.43	4805.22
2018/09/28	4774.79	4841.70	4746.18	4800.73
2018/10/12	4722.41	4737.29	4136.62	4278.04
2018/10/19	4283.35	4317.71	3948.56	4127.99
2018/10/26	4165.75	4375.60	4103.56	4233.96
2018/11/02	4220.64	4437.98	4096.14	4437.95
2018/11/09	4427.62	4479.68	4348.81	4368.60
2018/11/16	4360.62	4691.56	4354.47	4659.10
2018/11/23	4660.48	4677.97	4365.35	4374.75
2018/11/30	4371.41	4473.31	4291.81	4376.64
2018/12/07	4483.66	4538.41	4397.41	4410.96
2018/12/14	4381.37	4471.25	4331.37	4337.10
2018/12/21	4322.58	4341.20	4204.49	4231.14
2018/12/28	4227.35	4276.97	4132.75	4168.04
2019/01/04	4176.10	4210.87	4071.68	4210.87
2019/01/11	4235.02	4354.20	4223.46	4314.87
2019/01/18	4317.52	4364.10	4271.64	4347.81
2019/01/25	4354.70	4395.06	4291.96	4318.43
2019/02/01	4341.49	4370.89	4151.41	4294.27
2019/02/15	4306.20	4555.23	4306.20	4502.73
2019/02/22	4527.97	4777.29	4527.97	4777.29
2019/03/01	4840.54	5149.62	4835.48	5067.23
2019/03/08	5112.95	5512.64	5108.27	5245.70
2019/03/15	5279.75	5591.68	5236.75	5359.00
2019/03/22	5387.37	5634.66	5333.25	5622.14
2019/03/29	5521.25	5629.23	5333.77	5547.66
2019/04/04	5591.66	5894.99	5591.66	5871.56
2019/04/12	5921.21	5939.50	5673.74	5714.37
2019/04/19	5795.50	5840.62	5583.60	5810.18
2019/04/26	5821.02	5824.52	5407.18	5408.02
2019/04/30	5405.16	5421.66	5244.04	5307.56
2019/05/10	5122.47	5125.16	4842.56	5064.31
2019/05/17	5009.47	5118.43	4923.66	4942.58
2019/05/24	4937.18	5026.27	4831.33	4841.75
2019/05/31	4848.64	5002.25	4824.14	4912.00
2019/06/06	4921.71	4942.06	4668.54	4678.77
2019/06/14	4693.75	4917.08	4662.77	4795.52
2019/06/21	4796.12	5045.71	4773.54	5021.31
2019/06/28	5032.37	5038.48	4910.20	4950.48
2019/07/05	5044.66	5102.41	5001.52	5042.66
2019/07/12	5028.62	5028.62	4820.66	4861.56
2019/07/19	4850.89	4953.41	4787.91	4878.68
2019/07/26	4885.43	4902.08	4766.06	4898.10
2019/08/02	4897.64	4961.02	4756.39	4809.91
2019/08/09	4795.91	4838.75	4558.06	4600.35
2019/08/16	4608.12	4755.95	4576.46	4722.66
2019/08/23	4765.06	4912.99	4765.06	4887.89
2019/08/30	4799.48	4976.58	4793.83	4886.49
2019/09/06	4894.04	5209.00	4890.23	5154.64
2019/09/12	5202.71	5273.97	5171.85	5242.60
2019/09/20	5263.29	5279.58	5118.21	5204.48
2019/09/27	5192.87	5237.41	4970.24	5005.62
2019/09/30	5009.14	5022.43	4940.89	4940.89
2019/10/11	4955.08	5074.89	4904.31	5055.52
2019/10/18	5095.22	5151.68	4953.14	4961.81
2019/10/25	4956.79	5011.00	4906.35	4994.56
2019/11/01	5026.06	5084.68	4896.00	4962.35
2019/11/08	4974.35	5051.56	4955.83	4988.29
2019/11/15	4961.18	4961.18	4823.43	4868.43
2019/11/22	4862.27	5018.06	4851.39	4904.08
2019/11/29	4904.99	4935.62	4850.58	4894.93
2019/12/06	4897.62	5010.50	4863.66	5010.50
2019/12/13	5020.22	5082.75	4998.14	5073.68
2019/12/20	5095.35	5267.41	5081.91	5184.68
2019/12/27	5161.27	5252.79	5079.43	5179.18
2020/01/03	5160.31	5395.25	5119.85	5380.64
2020/01/10	5365.22	5516.08	5355.02	5480.23
2020/01/17	5478.31	5583.72	5447.73	5510.04
2020/01/23	5523.00	5597.99	5326.93	5377.74
2020/02/07	4896.89	5329.35	4736.12	5327.04
2020/02/14	5322.00	5482.79	5301.41	5420.79
2020/02/21	5454.46	5822.39	5454.46	5784.02
2020/02/28	5784.58	5912.27	5438.85	5451.29
2020/03/06	5516.43	5832.35	5505.27	5763.85
2020/03/13	5668.64	5708.91	5224.73	5457.20
2020/03/20	5496.89	5496.89	5020.43	5219.27
2020/03/27	5079.35	5229.22	4963.29	5137.33
2020/04/03	5073.70	5161.56	4974.31	5107.04
2020/04/10	5202.54	5336.12	5197.58	5208.50
2020/04/17	5176.43	5377.14	5140.85	5318.45
2020/04/24	5329.86	5407.49	5258.57	5273.55
2020/04/30	5278.98	5368.89	5102.06	5353.86
2020/05/08	5320.94	5527.09	5318.44	5507.70
2020/05/15	5529.11	5547.94	5441.70	5507.93
2020/05/22	5522.72	5548.22	5307.30	5328.23
2020/05/29	5323.97	5426.56	5290.29	5406.34
2020/06/05	5446.29	5618.29	5446.29	5585.42
2020/06/12	5618.38	5673.31	5479.27	5591.49
2020/06/19	5605.88	5796.36	5590.64	5787.15
2020/06/24	5793.79	5824.31	5755.40	5789.09
2020/07/03	5774.46	6052.52	5740.26	6051.51
2020/07/10	6095.96	6763.81	6095.96	6676.44
2020/07/17	6710.64	6899.62	6272.94	6344.59
2020/07/24	6419.08	6699.69	6265.38	6283.98
2020/07/31	6304.59	6619.26	6229.47	6579.67
2020/08/07	6635.34	6792.28	6578.67	6688.88
2020/08/14	6666.56	6768.87	6395.01	6623.56
2020/08/21	6646.54	6811.56	6570.69	6643.94
2020/08/28	6667.30	6734.44	6486.75	6691.21
2020/09/04	6719.29	6765.89	6538.49	6618.58
2020/09/11	6619.90	6669.39	6209.79	6311.97
2020/09/18	6350.36	6473.60	6291.63	6469.47
2020/09/25	6492.22	6515.34	6206.18	6236.89
2020/09/30	6255.02	6280.44	6155.02	6192.50
2020/10/09	6300.07	6373.94	6290.47	6357.97
2020/10/16	6408.08	6557.86	6388.65	6428.68
2020/10/23	6466.57	6483.51	6202.53	6213.26
2020/10/30	6195.35	6287.65	6103.89	6111.48
2020/11/06	6119.45	6366.19	6095.80	6301.25
2020/11/13	6337.44	6452.91	6248.36	6306.97
2020/11/20	6319.70	6429.87	6293.56	6422.99
2020/11/27	6435.92	6516.24	6276.07	6351.61
2020/12/04	6360.46	6471.86	6299.41	6464.73
2020/12/11	6465.99	6472.85	6163.41	6209.43
2020/12/18	6207.83	6332.53	6176.54	6291.92
2020/12/25	6302.26	6401.55	6186.03	6278.50
2020/12/31	6283.78	6370.57	6188.59	6367.11
2021/01/08	6395.61	6598.38	6359.08	6557.60
