'399967'	中证军工	周线
日期	开盘	最高	最低	收盘	成交量	成交额
2005/01/07	995.24	1001.03	976.15	991.69	544247.00	393792608
2005/01/14	991.28	1006.31	987.65	987.84	1007124.00	617789632
2005/01/21	979.53	986.74	933.33	968.64	1504350.00	880953088
2005/01/28	980.68	988.02	922.64	923.74	1442880.00	831393280
2005/02/04	919.21	937.57	883.64	934.52	1157259.00	645004032
2005/02/18	936.93	955.47	936.21	943.20	615583.00	362462848
2005/02/25	940.18	1015.71	937.25	1005.85	2702864.00	1581372416
2005/03/04	1005.24	1009.41	976.51	985.22	1718384.00	1053997824
2005/03/11	986.78	1032.92	983.00	1005.41	3001108.00	1928354688
2005/03/18	1005.19	1009.86	945.55	950.54	2185264.00	1360866816
2005/03/25	952.64	959.33	916.98	940.95	1687383.00	1037411072
2005/04/01	940.68	941.00	881.15	928.30	1798688.00	959795712
2005/04/08	919.04	944.75	894.85	944.75	1918621.00	1074313984
2005/04/15	943.95	951.01	904.48	906.79	1846070.00	1142879360
2005/04/22	904.93	904.93	858.78	860.95	1613087.00	954052864
2005/04/29	852.60	880.54	838.53	868.23	1794141.00	1053286976
2005/05/13	863.75	863.75	816.27	835.10	1338053.00	760876160
2005/05/20	832.72	850.93	820.47	842.91	1294612.00	624600256
2005/05/27	841.41	843.71	815.67	816.32	1167447.00	572676608
2005/06/03	815.06	826.65	774.73	783.90	1066755.00	488827264
2005/06/10	784.08	879.11	773.05	854.31	2645456.00	1255572736
2005/06/17	855.03	872.98	816.24	838.00	1935656.00	1035874816
2005/06/24	839.40	868.97	826.95	862.78	2033447.00	1214905216
2005/07/01	871.14	895.43	811.05	813.68	2115846.00	1105178368
2005/07/08	810.83	810.83	783.57	784.07	1374265.00	739643072
2005/07/15	786.73	803.53	765.11	770.68	1553796.00	836783104
2005/07/22	769.21	807.45	754.94	802.39	1619280.00	940198720
2005/07/29	802.36	841.31	799.56	835.79	2624840.00	1443170048
2005/08/05	836.38	875.14	828.46	875.14	2649331.00	1411207424
2005/08/12	879.75	923.52	877.32	900.79	4419426.00	2353391104
2005/08/19	899.16	951.01	891.24	907.15	4897602.00	2563224064
2005/08/26	904.55	936.17	902.68	933.86	3025503.00	1506328448
2005/09/02	932.70	982.35	920.24	979.88	3983183.00	1928741248
2005/09/09	991.70	1027.21	989.80	1011.73	4283234.00	2444187648
2005/09/16	1008.36	1062.91	1006.83	1052.06	3896494.00	2164368384
2005/09/23	1052.22	1084.79	1021.00	1034.14	5454534.00	2944043264
2005/09/30	1033.25	1081.77	1026.47	1060.33	4592109.00	2659460096
2005/10/14	1058.34	1076.51	1046.58	1061.94	3637023.00	2203922176
2005/10/21	1073.13	1099.59	1066.06	1097.37	4310773.00	2914497024
2005/10/28	1096.50	1112.32	1036.83	1051.60	3461038.00	2001251200
2005/11/04	1053.63	1070.78	1034.22	1054.46	3132365.00	1782159872
2005/11/11	1053.56	1091.35	1043.97	1065.88	3970586.00	2311871488
2005/11/18	1060.08	1063.80	1012.78	1054.53	3087230.00	1719730176
2005/11/25	1053.09	1061.03	1037.97	1060.79	2472132.00	1361980160
2005/12/02	1060.53	1061.62	1014.76	1018.69	2235544.00	1257769856
2005/12/09	1018.12	1021.20	978.01	1021.20	2430517.00	1359721344
2005/12/16	1020.61	1050.11	1011.38	1049.66	2780346.00	1553316608
2005/12/23	1048.97	1062.08	1038.05	1061.11	2128604.00	1206187136
2005/12/30	1064.06	1101.75	1064.06	1088.33	2647250.00	1763720064
2006/01/06	1094.89	1146.25	1089.98	1139.68	2544106.00	1749770112
2006/01/13	1140.26	1199.72	1138.84	1188.73	4671535.00	3093574144
2006/01/20	1188.52	1207.99	1167.72	1206.04	4375176.00	2644035584
2006/01/25	1206.04	1217.90	1188.84	1207.68	2892686.00	1922529792
2006/02/10	1210.19	1224.30	1195.20	1211.96	3737480.00	2474249216
2006/02/17	1221.59	1248.66	1172.88	1173.49	4652542.00	3210094848
2006/02/24	1171.42	1180.90	1136.86	1175.58	4221643.00	2401149184
2006/03/03	1177.40	1205.90	1162.15	1188.61	3875895.00	2401511424
2006/03/10	1187.18	1202.82	1138.23	1155.83	3653876.00	2146138368
2006/03/17	1154.73	1234.06	1154.73	1209.17	4647718.00	2765611776
2006/03/24	1210.41	1276.62	1203.97	1265.38	4462822.00	2719561472
2006/03/31	1265.51	1296.04	1265.13	1285.13	3316246.00	2313380864
2006/04/07	1287.06	1397.21	1287.06	1387.16	5350119.00	3992167424
2006/04/14	1397.47	1465.65	1396.37	1443.53	7152513.00	4832783872
2006/04/21	1438.62	1522.62	1431.43	1519.07	6025203.00	4397021184
2006/04/28	1534.57	1688.41	1513.57	1688.41	7637425.00	6563163136
2006/05/12	1693.19	2034.42	1693.19	2034.37	10076867.00	8023742464
2006/05/19	2072.54	2265.93	2070.06	2260.28	12476883.00	11611828224
2006/05/26	2279.06	2279.06	2002.04	2122.62	9978863.00	8354353664
2006/06/02	2133.41	2596.79	2112.55	2497.33	12826405.00	12254372864
2006/06/09	2484.45	2496.50	2110.22	2253.04	11780160.00	9681105920
2006/06/16	2231.63	2333.35	2204.38	2332.61	6814766.00	5406059520
2006/06/23	2317.25	2427.42	2317.25	2417.72	6921331.00	5691850240
2006/06/30	2426.14	2467.20	2419.63	2443.43	8911042.00	7620782080
2006/07/07	2439.68	2634.60	2415.93	2600.37	10030006.00	9432051712
2006/07/14	2597.47	2671.73	2372.48	2433.93	10186560.00	9618304000
2006/07/21	2422.83	2476.74	2336.18	2347.37	6883976.00	5814696960
2006/07/28	2314.34	2419.82	2295.22	2305.65	5892779.00	4760111616
2006/08/04	2297.04	2297.04	2058.86	2065.30	5078620.00	3814554112
2006/08/11	2054.03	2117.12	2027.35	2114.18	4606638.00	3155721216
2006/08/18	2113.87	2125.19	2029.78	2098.98	4465133.00	3180097792
2006/08/25	2034.87	2280.91	2034.87	2266.67	5903835.00	4893413888
2006/09/01	2280.92	2340.44	2265.31	2265.48	6607262.00	5542496256
2006/09/08	2271.77	2375.42	2271.62	2344.87	7022703.00	5723216384
2006/09/15	2356.41	2362.43	2271.35	2349.72	6250308.00	5222858240
2006/09/22	2359.56	2503.04	2354.40	2470.99	8938418.00	8187829760
2006/09/29	2461.24	2679.66	2461.24	2667.02	10141648.00	9018397696
2006/10/13	2701.81	2802.46	2579.17	2670.81	12320060.00	10941106176
2006/10/20	2665.33	2691.65	2587.65	2633.39	9565520.00	9034588160
2006/10/27	2629.22	2629.22	2413.49	2416.95	8344215.00	7562561536
2006/11/03	2408.20	2473.34	2373.04	2440.80	6832759.00	6177337344
2006/11/10	2425.69	2436.43	2348.52	2369.55	6389999.00	5801935360
2006/11/17	2362.40	2376.49	2190.28	2305.65	5863862.00	5273167872
2006/11/24	2306.86	2389.41	2262.45	2387.04	6438650.00	5763429376
2006/12/01	2395.40	2632.95	2395.40	2626.80	9500578.00	9764392960
2006/12/08	2626.16	2697.48	2421.12	2421.12	10201217.00	10104734720
2006/12/15	2442.58	2637.48	2435.59	2634.74	6611183.00	6511647744
2006/12/22	2653.81	2764.63	2618.53	2667.49	9270331.00	9435787264
2006/12/29	2692.79	2709.03	2577.38	2614.96	6651095.00	6758936576
2007/01/05	2623.92	2694.83	2600.79	2694.83	3361323.00	3597325824
2007/01/12	2694.97	3053.05	2694.97	2860.31	12500561.00	12757743616
2007/01/19	2852.26	3447.68	2852.26	3447.68	14839424.00	16306495488
2007/01/26	3456.02	3604.30	3203.94	3392.68	14276707.00	16544433152
2007/02/02	3407.57	3620.52	3312.30	3339.53	13692995.00	15838274560
2007/02/09	3330.37	3803.13	3330.37	3767.25	12836579.00	15755517952
2007/02/16	3741.86	4076.86	3707.77	4040.43	11174192.00	14177537024
2007/03/02	4059.49	4156.79	3708.17	3859.21	15247786.00	19510792192
2007/03/09	3876.21	4089.47	3756.74	3989.73	13174581.00	17504073728
2007/03/16	3990.26	4137.98	3900.14	4025.66	12496050.00	16849444864
2007/03/23	3920.41	4274.30	3920.41	4183.79	11508619.00	16847935488
2007/03/30	4199.01	4299.81	4113.57	4187.79	12890710.00	19059806208
2007/04/06	4210.92	4439.95	4189.88	4427.36	12201903.00	18631270400
2007/04/13	4476.53	4847.69	4471.26	4764.19	17357270.00	29260838912
2007/04/20	4791.75	4968.27	4668.23	4954.86	18397000.00	32099682304
2007/04/27	5000.04	5173.14	4978.32	5028.51	16814716.00	30192199680
2007/04/30	5025.16	5025.16	4949.61	5002.56	2361858.00	4360370688
2007/05/11	5017.65	5311.52	5017.65	5155.96	12585309.00	23677755392
2007/05/18	5091.67	5653.69	5091.67	5617.35	16604945.00	32005378048
2007/05/25	5459.69	5874.16	5459.69	5850.09	16671576.00	32905138176
2007/06/01	5909.24	6094.15	5374.00	5379.20	16850722.00	35048931328
2007/06/08	5361.16	5388.24	4624.00	5368.90	14782615.00	24344709120
2007/06/15	5456.46	5848.31	5389.89	5831.43	15560832.00	28398796800
2007/06/22	5915.90	6019.36	5541.75	5588.02	13791514.00	25736824832
2007/06/29	5689.95	5793.44	5134.26	5141.22	10794315.00	19097335808
2007/07/06	5117.51	5195.18	4694.36	5000.97	7287320.00	11291158528
2007/07/13	5030.84	5137.60	4964.01	5079.56	6853640.00	10557716480
2007/07/20	5079.61	5126.35	4925.32	5079.28	6505996.00	11594811392
2007/07/27	5092.57	5598.96	5092.57	5598.96	10633268.00	18890375168
2007/08/03	5614.69	5810.48	5422.71	5788.46	11799466.00	21906305024
2007/08/10	5831.12	6157.06	5831.12	6041.42	12485736.00	25638819840
2007/08/17	6040.60	6178.61	5961.06	5973.20	10049197.00	19252957184
2007/08/24	6083.67	6591.50	6083.67	6561.66	11327059.00	23255195648
2007/08/31	6604.59	6850.41	6552.24	6819.72	12982320.00	28234657792
2007/09/07	6870.82	7373.87	6870.82	7140.78	12805712.00	31088644096
2007/09/14	7059.66	7237.74	6584.74	7091.82	9367728.00	20700461056
2007/09/21	7123.52	7392.82	7094.39	7347.82	8488945.00	19789762560
2007/09/28	7356.34	7702.45	7294.70	7673.83	7867300.00	20132491264
2007/10/12	7690.91	7892.32	7460.37	7782.51	9354546.00	26717609984
2007/10/19	7781.90	7848.83	7299.81	7428.52	8063712.00	24238354432
2007/10/26	7399.29	7486.93	6407.87	6559.33	6644908.00	17595060224
2007/11/02	6553.43	6994.68	6444.32	6601.41	5559754.00	12808678400
2007/11/09	6550.95	6768.15	6265.54	6291.12	4389599.00	9776346112
2007/11/16	6141.69	6362.66	5933.06	6274.75	5416903.00	12274651136
2007/11/23	6311.63	6497.05	6092.55	6312.11	5756253.00	12169259008
2007/11/30	6397.89	6459.84	6022.83	6336.25	5252456.00	10873145344
2007/12/07	6343.36	6548.13	6255.83	6531.03	4594160.00	9377933312
2007/12/14	6448.47	7024.53	6448.47	6802.14	6218922.00	13377630208
2007/12/21	6817.86	7014.03	6700.86	7005.55	5075214.00	10350170112
2007/12/28	7061.00	7531.00	7061.00	7464.34	7332299.00	16802189312
2008/01/04	7514.30	7932.95	7514.30	7915.96	5410952.00	13121378304
2008/01/11	7899.54	8278.42	7899.54	8055.46	9458771.00	23545479168
2008/01/18	8056.42	8136.74	7525.31	7820.68	8768543.00	22479792128
2008/01/25	7856.27	7874.88	6876.36	7444.94	8883077.00	22330810368
2008/02/01	7424.48	7424.48	6407.77	6533.62	5610193.00	14381568000
2008/02/05	6700.28	7096.87	6700.28	7026.57	1942278.00	4645234176
2008/02/15	6986.62	7061.07	6795.84	6915.65	1852367.00	4471827968
2008/02/22	7001.11	7375.40	7001.11	7113.15	6748739.00	15691046912
2008/02/29	7090.04	7090.04	6483.57	6981.24	5390648.00	13147909120
2008/03/07	6955.04	7345.86	6933.73	7082.16	6945938.00	15946987520
2008/03/14	7058.12	7058.12	6152.12	6239.61	5512117.00	11765472256
2008/03/21	6226.37	6226.37	5169.97	5833.14	5986999.00	12558694400
2008/03/28	5915.00	5915.68	5134.22	5504.78	5354835.00	10899979264
2008/04/03	5342.02	5380.91	4434.33	4705.65	4117053.00	7797448192
2008/04/11	4646.85	5169.63	4631.07	4949.29	5814571.00	11157896192
2008/04/18	4850.60	4850.60	4227.68	4240.85	4411960.00	8282399744
2008/04/25	4563.37	4900.63	3927.83	4769.94	7959117.00	13698632704
2008/04/30	4704.11	5007.83	4662.01	5004.97	4330162.00	8749080576
2008/05/09	5074.80	5294.97	4969.98	5117.69	9487806.00	18564638720
2008/05/16	5113.08	5327.85	5056.06	5137.01	8280815.00	16025702400
2008/05/23	5109.45	5147.51	4567.89	4696.09	6126740.00	10325020672
2008/05/30	4657.51	4836.48	4554.90	4734.53	5924221.00	10738820096
2008/06/06	4731.13	4853.41	4663.91	4673.80	6698181.00	10663041024
2008/06/13	4446.65	4447.17	3867.04	3870.24	3998570.00	5955063808
2008/06/20	3860.62	3876.68	3322.91	3480.37	6609818.00	8902786048
2008/06/27	3439.99	3782.01	3400.88	3495.21	5978423.00	7906452992
2008/07/04	3516.34	3660.69	3350.74	3611.74	5316285.00	7031199232
2008/07/11	3606.62	4099.79	3606.62	3934.33	9258645.00	13467051008
2008/07/18	3911.63	4016.96	3604.80	3769.97	7163116.00	9816218624
2008/07/25	3760.73	3989.24	3760.73	3964.57	7084760.00	9997720576
2008/08/01	3988.83	4024.25	3647.35	3772.58	5772787.00	7282425856
2008/08/08	3748.05	3768.91	3391.98	3392.79	4398141.00	5781537792
2008/08/15	3371.69	3371.69	2962.46	3077.96	3695400.00	3986888704
2008/08/22	3085.56	3179.35	2852.47	2982.51	4841306.00	4999496192
2008/08/29	2988.20	3021.39	2719.40	2845.12	2992571.00	2997459712
2008/09/05	2834.47	2839.67	2682.67	2687.38	4009393.00	3644464640
2008/09/12	2703.39	2713.62	2534.95	2552.66	4311513.00	3783213056
2008/09/19	2544.58	2625.60	2277.54	2625.60	5203366.00	4599414784
2008/09/26	2810.43	2850.44	2622.83	2728.61	12675440.00	12563009536
2008/10/10	2672.13	2672.13	2269.37	2270.37	5076220.00	4359875584
2008/10/17	2239.85	2386.46	2127.28	2162.29	4730169.00	3756979200
2008/10/24	2159.64	2263.59	2104.26	2137.64	5415427.00	3699950080
2008/10/31	2095.93	2095.93	1954.70	1978.86	6112013.00	4011527680
2008/11/07	1975.44	2003.83	1916.40	2001.50	5445706.00	3552355840
2008/11/14	2024.81	2331.43	2024.81	2331.43	10327930.00	7588605440
2008/11/21	2319.87	2449.82	2216.36	2398.83	14427834.00	11273156608
2008/11/28	2405.77	2408.44	2207.16	2227.67	8940529.00	6897743872
2008/12/05	2220.89	2566.54	2209.91	2547.31	13598287.00	11147049984
2008/12/12	2584.39	2703.11	2484.39	2508.72	15075300.00	13067383808
2008/12/19	2537.14	2743.79	2475.52	2716.68	12955574.00	10986584064
2008/12/26	2712.67	2768.44	2491.59	2525.97	10923127.00	9555054592
2008/12/31	2508.88	2587.08	2458.77	2494.30	5208256.00	4833275392
2009/01/09	2536.89	2783.42	2534.91	2779.43	12722185.00	12074141696
2009/01/16	2777.23	2949.95	2685.98	2905.98	13798351.00	14018567168
2009/01/23	2920.48	3109.92	2869.01	3072.94	12658140.00	14028233728
2009/02/06	3111.68	3348.53	3104.48	3346.81	16777127.00	19211812864
2009/02/13	3397.88	3806.08	3388.02	3795.28	22529082.00	29097193472
2009/02/20	3814.32	3814.32	3482.08	3683.46	19318320.00	26052610048
2009/02/27	3674.48	3802.48	3201.70	3205.61	21368912.00	27228174336
2009/03/06	3113.26	3605.40	3113.26	3492.25	18139490.00	24414189568
2009/03/13	3509.77	3537.59	3290.51	3382.39	12869831.00	16178243584
2009/03/20	3377.74	3680.94	3370.27	3636.82	15891290.00	20424464384
2009/03/27	3636.78	3905.19	3636.78	3887.08	20758652.00	30294745088
2009/04/03	3885.86	4136.73	3772.21	4066.44	22151702.00	31654887424
2009/04/10	4078.13	4249.98	3995.61	4246.12	18652288.00	27971684352
2009/04/17	4294.50	4597.91	4294.50	4389.52	25497252.00	42089541632
2009/04/24	4383.29	4509.09	4152.80	4190.13	17821910.00	27842744320
2009/04/30	4143.67	4207.48	3942.05	4179.49	10119634.00	15254051840
2009/05/08	4192.74	4480.58	4192.74	4336.80	17117132.00	25612075008
2009/05/15	4336.75	4359.92	4132.11	4301.05	12834544.00	20321576960
2009/05/22	4280.20	4396.98	4204.14	4295.82	15185140.00	21023293440
2009/05/27	4199.23	4414.30	4185.23	4343.08	8720881.00	11533904896
2009/06/05	4378.81	4515.84	4373.01	4432.76	17661272.00	26201653248
2009/06/12	4440.55	4485.66	4300.52	4322.27	14768349.00	21217880064
2009/06/19	4308.03	4414.19	4294.66	4406.19	11690440.00	17228630016
2009/06/26	4433.63	4433.63	4320.53	4375.68	12343072.00	17780822016
2009/07/03	4379.04	4503.36	4350.28	4491.73	16410331.00	24512200704
2009/07/10	4500.55	4817.49	4429.93	4779.56	25818324.00	37633122304
2009/07/17	4767.90	5031.58	4767.90	4973.09	23869296.00	38321057792
2009/07/24	4981.42	5173.45	4924.23	5106.46	24134992.00	38505820160
2009/07/31	5113.38	5490.83	5082.62	5486.62	33903872.00	58158092288
2009/08/07	5518.47	5629.82	5268.47	5270.93	26705638.00	48614252544
2009/08/14	5306.17	5335.86	4846.61	4847.22	15318753.00	26203860992
2009/08/21	4791.43	4797.87	4408.07	4759.07	15488315.00	23768045568
2009/08/28	4768.55	5319.87	4754.69	5201.54	35751240.00	54569484288
2009/09/04	5094.68	5094.68	4537.58	5023.11	22052084.00	31828604928
2009/09/11	5055.54	5263.84	4977.17	5154.85	23111128.00	36457947136
2009/09/18	5167.12	5539.32	5167.12	5306.20	28126680.00	44563496960
2009/09/25	5261.81	5385.10	4716.52	4808.11	15984486.00	24884301824
2009/09/30	4824.57	4866.01	4399.04	4558.94	8405235.00	11126728704
2009/10/09	4631.90	4757.51	4628.76	4753.89	2535233.00	3546701824
2009/10/16	4761.96	4921.25	4736.59	4823.97	11238865.00	16517284864
2009/10/23	4827.63	5082.46	4815.88	5063.26	17315128.00	26371293184
2009/10/30	5077.06	5077.06	4778.79	4847.07	12708931.00	19239892992
2009/11/06	4758.26	5240.80	4732.99	5218.41	16106443.00	26548330496
2009/11/13	5222.70	5338.79	5203.65	5321.71	19403612.00	31281199104
2009/11/20	5353.39	5612.54	5353.39	5574.71	20243056.00	32938004480
2009/11/27	5605.89	5743.21	5234.15	5247.03	23798788.00	40501448704
2009/12/04	5285.20	5605.46	5285.20	5453.89	15578103.00	26967089152
2009/12/11	5454.90	5651.64	5387.34	5614.31	11089599.00	18976180224
2009/12/18	5670.39	5673.09	5271.68	5271.68	15645293.00	26382827520
2009/12/25	5265.44	5484.12	5190.60	5452.92	10083126.00	16822450176
2009/12/31	5453.78	5575.79	5453.78	5564.21	9789407.00	17449431040
2010/01/08	5593.69	5806.85	5537.48	5653.51	15812733.00	28696854528
2010/01/15	5681.60	6088.43	5671.93	6082.50	20560344.00	37765980160
2010/01/22	6091.71	6173.57	5598.40	5693.02	16632905.00	31100207104
2010/01/29	5662.39	5739.31	5374.87	5502.61	10208277.00	18152546304
2010/02/05	5492.93	5514.28	5183.58	5278.96	9257808.00	15690986496
2010/02/12	5281.26	5506.44	5269.04	5501.86	5824861.00	10833293312
2010/02/26	5501.96	5931.05	5480.57	5911.16	10747171.00	20146176000
2010/03/05	5911.06	6056.44	5740.80	5778.86	16509107.00	28383895552
2010/03/12	5787.90	5822.32	5648.78	5651.97	8441322.00	15366899712
2010/03/19	5637.90	5812.54	5542.80	5812.54	8662796.00	15174156288
2010/03/26	5811.56	5832.55	5726.64	5827.95	11398620.00	21011468288
2010/04/02	5836.90	5993.81	5807.56	5988.57	14197315.00	26449436672
2010/04/09	5998.43	6173.21	5973.18	6173.21	12522801.00	22950713344
2010/04/16	6182.03	6237.53	5993.00	6167.23	19536842.00	35601092608
2010/04/23	6124.44	6256.25	5807.46	6109.69	18617004.00	33026584576
2010/04/30	6109.99	6145.55	5382.73	5476.96	13178333.00	22562689024
2010/05/07	5379.04	5681.55	5361.63	5480.00	9041447.00	15848110080
2010/05/14	5484.03	5576.91	4992.05	5249.49	12546407.00	21297477632
2010/05/21	5162.50	5162.50	4724.77	5001.89	11442377.00	17589481472
2010/05/28	5037.17	5430.37	5037.17	5381.15	16426726.00	26326290432
2010/06/04	5363.63	5363.63	5017.44	5210.21	11818303.00	19419908096
2010/06/11	5101.12	5469.81	5101.12	5398.73	13074358.00	21481297920
2010/06/18	5425.10	5448.06	5079.10	5109.17	4783153.00	8238899200
2010/06/25	5096.39	5282.04	5066.03	5137.53	8294395.00	13937383424
2010/07/02	5135.22	5197.11	4432.21	4590.04	8342368.00	12944005120
2010/07/09	4549.76	4877.42	4488.41	4866.91	9053131.00	13560232960
2010/07/16	4872.35	4969.46	4735.26	4821.30	12979069.00	17170541568
2010/07/23	4780.91	5174.01	4780.91	5140.10	19783824.00	26928984064
2010/07/30	5164.84	5491.05	5164.84	5475.84	21273512.00	31018881024
2010/08/06	5483.15	5637.29	5337.14	5637.29	23375842.00	34260307968
2010/08/13	5652.48	5695.67	5444.11	5665.10	21453444.00	31856939008
2010/08/20	5652.80	5945.64	5652.80	5803.48	26808120.00	41571553280
2010/08/27	5823.33	5955.64	5724.96	5783.93	18821864.00	29706487808
2010/09/03	5809.85	6206.76	5809.85	6189.21	26513396.00	44879204352
2010/09/10	6223.96	6341.19	6134.86	6341.19	23419244.00	40094011392
2010/09/17	6375.18	6579.92	6264.39	6284.86	25162086.00	44525641728
2010/09/21	6285.90	6285.90	6110.83	6115.75	5870805.00	10190081024
2010/09/30	6160.27	6450.86	6160.27	6450.86	13940044.00	25637527552
2010/10/08	6499.93	6608.51	6474.21	6580.05	4321523.00	8364277760
2010/10/15	6567.45	6612.98	6327.71	6497.99	28122922.00	52554215424
2010/10/22	6522.55	6756.82	6364.34	6725.34	28108878.00	51200712704
2010/10/29	6753.88	7350.01	6753.88	7328.09	33854728.00	66034933760
2010/11/05	7407.02	8163.59	7407.02	8064.73	48399996.00	101835571200
2010/11/12	8106.02	8106.02	7104.35	7104.35	33882112.00	71700611072
2010/11/19	7077.51	7318.75	6761.57	7134.92	25571204.00	52211073024
2010/11/26	7090.77	7386.07	6814.50	7275.04	25508744.00	52567306240
2010/12/03	7258.35	7321.16	6835.62	6971.13	17495918.00	34516160512
2010/12/10	6971.55	7013.93	6732.97	6929.29	13970981.00	26053832704
2010/12/17	6998.21	7311.04	6998.21	7274.89	16358851.00	36445196288
2010/12/24	7330.74	7516.98	6950.49	6950.49	25791438.00	51493789696
2010/12/31	6990.50	7024.73	6546.04	6864.77	13200481.00	27644878848
2011/01/07	6913.35	7188.73	6875.08	7005.52	13617925.00	29660303360
2011/01/14	6997.89	7052.13	6589.04	6589.04	12166794.00	25718767616
2011/01/21	6536.24	6536.24	6149.84	6407.13	12959132.00	25493940224
2011/01/28	6405.16	6617.43	6047.93	6569.99	14893801.00	29471205376
2011/02/01	6548.74	6758.27	6542.16	6687.42	6070986.00	12683091968
2011/02/11	6627.93	6981.61	6627.93	6908.54	9334997.00	19353309184
2011/02/18	6892.46	7311.11	6890.97	7207.04	20987532.00	43848011776
2011/02/25	7147.10	7328.45	7052.67	7255.53	17217492.00	36038017024
2011/03/04	7262.37	7418.74	7089.47	7273.43	16823784.00	35040141312
2011/03/11	7299.18	7498.95	7299.18	7329.55	19169434.00	40660627456
2011/03/18	7283.63	7341.81	7108.67	7199.75	17285224.00	34658369536
2011/03/25	7211.70	7358.74	7123.20	7349.91	16969104.00	33476417536
2011/04/01	7360.08	7363.81	7028.78	7106.03	17306796.00	35513622528
2011/04/08	7075.13	7162.98	7016.73	7155.62	7789263.00	16510236672
2011/04/15	7173.98	7205.19	6997.47	7063.90	14648158.00	29655844864
2011/04/22	7038.54	7081.21	6936.76	7036.95	12846740.00	24768016384
2011/04/29	7023.71	7023.71	6334.56	6469.93	11387455.00	21502986240
2011/05/06	6503.84	6558.85	6354.94	6490.86	6636384.00	12180221952
2011/05/13	6504.27	6592.80	6409.12	6493.44	8651014.00	15354640384
2011/05/20	6484.18	6637.69	6446.69	6520.31	8368671.00	14740291584
2011/05/27	6513.63	6513.63	5993.89	6003.66	8951396.00	15382894592
2011/06/03	5974.11	6171.26	5879.33	6160.17	7817589.00	13452854272
2011/06/10	6162.98	6351.08	6125.62	6351.08	8033253.00	14463444992
2011/06/17	6331.81	6465.70	6169.57	6210.82	13061420.00	23173586944
2011/06/24	6201.61	6474.39	6071.30	6474.39	11647366.00	20539791360
2011/07/01	6553.48	6731.77	6530.71	6655.78	19793286.00	36981915648
2011/07/08	6667.93	6932.95	6667.93	6883.96	19358568.00	37516996608
2011/07/15	6861.46	7081.42	6838.23	7049.57	17046906.00	35172171776
2011/07/22	7062.22	7147.32	6994.03	7045.14	16257453.00	32867512320
2011/07/29	7034.61	7148.20	6779.08	6791.89	18499590.00	37394694144
2011/08/05	6780.33	6825.59	6584.99	6692.18	11570454.00	22064869376
2011/08/12	6607.98	6684.91	6118.13	6629.70	15923680.00	29678215168
2011/08/19	6638.85	6708.10	6345.35	6435.34	10486356.00	19638149120
2011/08/26	6432.28	6600.20	6333.51	6583.74	10785798.00	19186221056
2011/09/02	6557.70	6572.15	6245.50	6259.23	9260297.00	16647483392
2011/09/09	6200.87	6200.87	6009.29	6047.52	7605407.00	12827656192
2011/09/16	5940.41	6082.71	5850.77	6037.13	7337263.00	12011658240
2011/09/23	6018.48	6144.44	5851.56	5934.42	10873016.00	17900115968
2011/09/30	5902.97	5982.20	5409.27	5454.58	8280184.00	13605484544
2011/10/14	5468.23	5593.68	5273.02	5529.24	8567195.00	12932640768
2011/10/21	5545.10	5612.62	5092.26	5101.79	9920911.00	14415133696
2011/10/28	5106.46	5467.03	4988.62	5464.16	12455007.00	19440345088
2011/11/04	5486.22	5714.67	5374.88	5713.79	16800300.00	25673996288
2011/11/11	5694.45	5760.12	5615.33	5672.29	13698773.00	20931129344
2011/11/18	5715.77	5862.38	5585.28	5605.19	16181628.00	24012480512
2011/11/25	5597.18	5597.18	5421.87	5439.27	8401815.00	12594897920
2011/12/02	5442.83	5603.15	5306.21	5329.72	13203960.00	20466860032
2011/12/09	5313.09	5313.09	5080.98	5112.55	9061049.00	13123446784
2011/12/16	5116.70	5119.42	4545.66	4681.77	9178637.00	11605364736
2011/12/23	4660.67	4814.97	4430.68	4619.17	10221340.00	12692064256
2011/12/30	4610.05	4654.45	4318.01	4508.65	8129732.00	9823969280
2012/01/06	4559.20	4577.23	4078.12	4205.23	5515906.00	6325657600
2012/01/13	4204.93	4629.46	4155.76	4415.73	12368857.00	14963052544
2012/01/20	4371.17	4546.50	4239.32	4495.86	9795319.00	11848535040
2012/02/03	4507.13	4616.10	4417.72	4607.57	9031356.00	10844340224
2012/02/10	4617.92	4747.48	4518.61	4716.71	13095992.00	16294182912
2012/02/17	4676.86	4937.12	4676.86	4891.88	15304550.00	19044311040
2012/02/24	4952.86	5144.48	4861.80	5144.48	18808568.00	25267367936
2012/03/02	5151.52	5196.98	4997.57	5182.78	19631760.00	25880942592
2012/03/09	5228.84	5339.40	5105.87	5339.40	22953454.00	33197789184
2012/03/16	5351.52	5444.32	5006.32	5163.20	23037796.00	34098511872
2012/03/23	5171.85	5208.03	4961.55	4977.23	14860106.00	21307054080
2012/03/30	4971.56	5009.39	4535.29	4586.31	13404530.00	17009304576
2012/04/06	4583.26	4781.03	4583.26	4756.12	5290119.00	6681440256
2012/04/13	4748.43	4952.93	4586.14	4917.11	14700335.00	18017783808
2012/04/20	4877.11	5021.89	4845.39	5021.89	14536767.00	18242869248
2012/04/27	5036.12	5192.26	4902.87	5000.49	22153490.00	29649180672
2012/05/04	5066.94	5122.69	5006.53	5122.40	9183846.00	12200245248
2012/05/11	5095.09	5262.65	5075.42	5075.42	21516168.00	29140877312
2012/05/18	5097.93	5097.93	4796.50	4799.32	11525077.00	15342000128
2012/05/25	4792.21	4883.71	4747.38	4781.68	9830620.00	12516198400
2012/06/01	4772.49	4934.58	4681.07	4871.23	12878157.00	16451397632
2012/06/08	4780.70	4789.03	4617.49	4642.02	9697304.00	12123789312
2012/06/15	4674.48	4749.79	4672.70	4723.54	11659305.00	13928420352
2012/06/21	4738.86	4749.69	4563.98	4587.22	7690564.00	9751214080
2012/06/29	4579.19	4587.85	4382.12	4467.19	8844953.00	10823809024
2012/07/06	4481.73	4519.75	4325.40	4430.80	10380508.00	12245661696
2012/07/13	4412.67	4423.05	4257.31	4289.82	9364916.00	10498509824
2012/07/20	4290.29	4290.29	4076.19	4218.04	10299033.00	11532189696
2012/07/27	4191.50	4242.09	4157.41	4174.31	8098791.00	9062429696
2012/08/03	4178.45	4205.03	3976.89	4063.68	6571224.00	6952218624
2012/08/10	4058.19	4254.71	4058.19	4245.62	9196908.00	10354655232
2012/08/17	4237.27	4237.27	4110.76	4177.37	9717489.00	10356527104
2012/08/24	4155.85	4281.56	4135.75	4219.25	9568758.00	10392506368
2012/08/31	4201.96	4201.96	4014.55	4072.79	11289637.00	11455961088
2012/09/07	4066.54	4370.14	4066.54	4346.60	13972376.00	14910259200
2012/09/14	4346.33	4763.24	4346.33	4571.78	31684228.00	35993018368
2012/09/21	4582.81	4601.02	4125.81	4131.91	20568026.00	22495944704
2012/09/28	4141.31	4194.86	3998.26	4159.98	12541216.00	13122332672
2012/10/12	4181.44	4327.41	4156.29	4189.45	12621203.00	13694318592
2012/10/19	4195.50	4266.58	4116.38	4247.25	9416629.00	10109805568
2012/10/26	4240.01	4261.30	4023.46	4035.46	10133466.00	11010729984
2012/11/02	4022.63	4088.45	3979.85	4079.59	7510860.00	7853044736
2012/11/09	4074.64	4084.77	3935.73	3958.06	8769468.00	9127907328
2012/11/16	3962.78	4030.94	3759.70	3786.42	9139867.00	9154490368
2012/11/23	3792.35	3821.14	3713.76	3785.97	6492357.00	6308268032
2012/11/30	3802.29	3819.49	3504.20	3542.35	7440667.00	6963693056
2012/12/07	3542.59	3691.77	3425.93	3689.53	11686974.00	10147233792
2012/12/14	3723.21	3818.39	3664.93	3818.39	14806057.00	13834535936
2012/12/21	3833.13	3919.22	3829.08	3893.09	15741873.00	15301058560
2012/12/28	3888.73	4136.40	3884.60	4135.38	20257756.00	21519525888
2013/01/04	4153.58	4279.58	4153.58	4194.03	9140606.00	10780452864
2013/01/11	4186.59	4607.59	4175.08	4523.12	32790612.00	39836463104
2013/01/18	4511.13	5118.76	4511.13	4848.25	58074736.00	73456517120
2013/01/25	4864.38	5026.94	4748.89	4848.74	39189940.00	52602847232
2013/02/01	4892.11	5129.41	4892.11	5041.45	38341776.00	52850114560
2013/02/08	5060.34	5175.05	4916.44	5149.20	27456660.00	35164049408
2013/02/22	5189.31	5217.52	4980.77	5068.53	25403072.00	33897287680
2013/03/01	5102.09	5398.20	5054.00	5366.91	32245244.00	44408496128
2013/03/08	5362.24	5395.84	5136.45	5137.50	33115872.00	45164224512
2013/03/15	5138.88	5200.44	4840.94	4954.69	19963492.00	25028661248
2013/03/22	4936.29	5160.55	4813.66	5152.65	19213282.00	24699068416
2013/03/29	5167.10	5167.10	4896.25	4905.23	17669164.00	23412213760
2013/04/03	4902.28	4989.90	4804.68	4901.05	11444649.00	15601437696
2013/04/12	4842.13	5007.93	4795.26	4835.19	20397624.00	27084156928
2013/04/19	4806.01	4897.70	4665.74	4883.14	13630979.00	17046188032
2013/04/26	4859.75	4922.43	4622.11	4622.11	18163832.00	23220897792
2013/05/03	4614.84	4716.57	4566.19	4694.02	6151180.00	7005220864
2013/05/10	4708.51	4955.39	4708.51	4931.09	19972920.00	26403780608
2013/05/17	4952.82	5246.04	4950.31	5221.25	28006158.00	39181279232
2013/05/24	5247.28	5526.43	5247.28	5526.43	34605940.00	54159499264
2013/05/31	5534.01	5582.72	5405.95	5474.85	28135480.00	44082352128
2013/06/07	5469.55	5565.34	5180.77	5215.60	25245060.00	38211555328
2013/06/14	5176.30	5176.30	4973.19	5157.36	8358076.00	11904481280
2013/06/21	5176.01	5335.59	4868.81	4995.13	22270140.00	33196630016
2013/06/28	4981.74	4981.74	4305.76	4621.50	26539580.00	35158450176
2013/07/05	4607.52	5012.97	4607.52	4894.90	23733256.00	33173569536
2013/07/12	4816.60	5013.35	4631.67	4915.92	20635082.00	29458649088
2013/07/19	4934.34	5214.68	4934.34	4981.68	27931500.00	42006388736
2013/07/26	4955.37	5283.64	4955.37	5066.23	25619084.00	38917152768
2013/08/02	5035.02	5178.52	4820.39	5133.35	19436304.00	28347031552
2013/08/09	5131.78	5254.04	5088.12	5149.43	21808036.00	31298392064
2013/08/16	5166.25	5252.37	5051.01	5052.98	19412368.00	27739981824
2013/08/23	5027.52	5213.41	5027.52	5173.29	17401316.00	25130506240
2013/08/30	5175.00	5527.43	5175.00	5222.43	31759998.00	45859225600
2013/09/06	5237.87	5524.54	5237.87	5524.54	29538896.00	41380864000
2013/09/13	5546.68	5739.21	5477.84	5519.75	36483400.00	50690383872
2013/09/18	5564.31	5603.67	5471.46	5530.11	31623832.00	29250803712
2013/09/27	5551.42	5685.04	5439.28	5444.78	39216480.00	42968698880
2013/09/30	5472.61	5504.20	5472.61	5500.83	4869264.00	5614128128
2013/10/11	5513.28	5780.45	5513.28	5753.05	29408390.00	35399065600
2013/10/18	5766.21	5798.53	5542.45	5650.96	29206484.00	36254564352
2013/10/25	5652.89	5804.69	5374.59	5405.40	25611084.00	34002264064
2013/11/01	5405.54	5460.28	5145.94	5322.92	20460098.00	25105485824
2013/11/08	5332.79	5441.94	5190.85	5196.67	16582648.00	20788713472
2013/11/15	5193.14	5860.88	5162.48	5756.06	31119884.00	40837910528
2013/11/22	5820.04	6249.21	5820.04	6085.84	60200832.00	85691957248
2013/11/29	6201.74	6703.72	6137.27	6639.37	59583784.00	88949915648
2013/12/06	6465.85	6524.66	6112.40	6153.23	45269668.00	66016096256
2013/12/13	6180.03	6239.04	6060.12	6128.52	24963152.00	35750076416
2013/12/20	6133.72	6133.72	5800.50	5808.40	22655244.00	31527264256
2013/12/27	5802.62	6122.19	5725.25	6114.49	21213864.00	31731441664
2014/01/03	6139.88	6186.12	6066.82	6133.71	16717730.00	26228574208
2014/01/10	6108.43	6108.43	5762.04	5773.43	19958104.00	29641527296
2014/01/17	5785.56	5986.31	5677.27	5829.94	20152804.00	29294405632
2014/01/24	5831.18	6179.23	5754.97	6162.26	23653112.00	33261375488
2014/01/30	6153.44	6367.18	6029.79	6307.24	18539104.00	28865091584
2014/02/07	6275.86	6564.31	6261.34	6558.37	7305002.00	11367924736
2014/02/14	6591.83	6750.41	6436.54	6551.64	36084384.00	56259710976
2014/02/21	6597.64	6829.24	6521.68	6584.67	33250824.00	52188495872
2014/02/28	6549.60	6615.04	5983.29	6206.10	29900948.00	46853304320
2014/03/07	6278.97	6451.65	6196.98	6271.85	28229520.00	41438216192
2014/03/14	6216.24	6216.24	5835.82	6011.21	21884672.00	30035904512
2014/03/21	6038.77	6180.62	5838.97	6035.83	25061866.00	34071975936
2014/03/28	6028.83	6068.18	5689.24	5708.08	22489984.00	29739220992
2014/04/04	5702.60	5845.11	5680.74	5844.45	16433421.00	21461567488
2014/04/11	5826.57	6085.88	5817.82	6047.89	18227716.00	24178368512
2014/04/18	6037.89	6161.33	5983.59	6035.24	17033516.00	23180804096
2014/04/25	5989.77	6046.07	5790.48	5795.17	17145298.00	22948622336
2014/04/30	5770.34	5770.34	5587.53	5688.99	7929095.00	9635889152
2014/05/09	5690.42	5826.91	5614.80	5653.20	12356167.00	15659018240
2014/05/16	5699.43	5896.78	5664.00	5754.89	16584543.00	20848873472
2014/05/23	5835.51	5877.07	5667.30	5875.90	17272968.00	23234844672
2014/05/30	5941.25	6095.77	5909.02	6082.24	24239040.00	38768041984
2014/06/06	6098.76	6114.77	5919.95	5994.17	17204552.00	26246111232
2014/06/13	5974.25	6262.03	5926.36	6254.63	25366188.00	39681699840
2014/06/20	6253.98	6345.93	6020.36	6133.02	28757912.00	44075180032
2014/06/27	6143.03	6539.05	6141.85	6496.69	29647150.00	46249549824
2014/07/04	6523.54	6955.38	6522.62	6817.47	54896048.00	86061219840
2014/07/11	6841.28	7273.35	6840.44	7141.92	62430372.00	103284154368
2014/07/18	7160.50	7245.14	6705.86	6733.90	44597232.00	72973393920
2014/07/25	6738.98	6947.21	6623.66	6798.63	37319200.00	62263689216
2014/08/01	6834.58	7324.77	6834.55	7138.52	54791136.00	91210956800
2014/08/08	7153.84	7449.65	7153.84	7349.80	45456952.00	76083380224
2014/08/15	7380.78	7538.02	7323.90	7458.85	44012016.00	72801779712
2014/08/22	7484.89	7733.28	7469.88	7722.35	44809644.00	81889583104
2014/08/29	7721.61	7737.70	7432.47	7737.70	39794312.00	72785920000
2014/09/05	7823.19	8614.61	7823.19	8550.41	82994128.00	148011073536
2014/09/12	8538.81	8911.78	8504.35	8909.83	56926920.00	101793202176
2014/09/19	8941.50	9070.11	8327.76	8746.28	61562272.00	111995535360
2014/09/26	8733.22	9337.51	8536.72	9120.32	64688892.00	119709048832
2014/09/30	9208.82	9317.65	9176.05	9269.50	26396432.00	41717112832
2014/10/10	9287.75	9534.53	9261.65	9453.36	40119160.00	75396284416
2014/10/17	9401.87	9704.74	8995.96	9216.55	60613460.00	117565456384
2014/10/24	9229.69	9341.62	8969.27	8984.53	43566900.00	78448115712
2014/10/31	8942.44	9578.54	8854.15	9350.08	55911280.00	103869054976
2014/11/07	9391.09	9500.07	9254.43	9316.76	45480676.00	84126253056
2014/11/14	9338.17	9358.98	8573.40	8733.82	45011436.00	81486299136
2014/11/21	8756.07	8962.54	8693.13	8904.39	31237868.00	55515602944
2014/11/28	8973.96	9391.42	8903.38	9235.57	53861824.00	95595945984
2014/12/05	9217.71	10065.82	9013.30	10057.94	85789424.00	149441413120
2014/12/12	10304.87	10794.64	9523.25	10279.21	128046472.00	227436298240
2014/12/19	9898.44	10768.28	9854.77	10444.12	98047392.00	172215664640
2014/12/26	10428.17	10451.75	9447.65	10010.75	70930728.00	116350541824
2014/12/31	9976.32	9982.51	9558.09	9709.24	41649792.00	67666706432
2015/01/09	9719.92	10142.68	9493.15	9816.12	71757488.00	123027496960
2015/01/16	9752.68	10051.71	9543.46	10044.11	49589380.00	89532604416
2015/01/23	9693.29	10951.40	9503.42	10558.90	85258432.00	156605923328
2015/01/30	10677.93	10901.13	10359.01	10363.56	68094392.00	119686086656
2015/02/06	10328.57	10739.16	10033.29	10070.91	54756536.00	103628308480
2015/02/13	10038.65	10551.03	9987.30	10488.00	36333020.00	68474179584
2015/02/17	10533.04	10756.58	10505.72	10706.21	18740224.00	35950456832
2015/02/27	10746.74	11305.81	10697.70	11106.06	41405372.00	77684293632
2015/03/06	11150.24	11363.89	10906.67	10927.33	65800508.00	136180293632
2015/03/13	10875.51	11177.99	10789.29	11129.32	50616488.00	100830806016
2015/03/20	11212.04	12124.85	11212.04	12098.65	99546704.00	205648183296
2015/03/27	12123.80	12907.76	11993.99	12669.75	120727432.00	248206983168
2015/04/03	12640.13	13335.32	12599.21	13318.19	104136768.00	222971822080
2015/04/10	13371.17	13406.96	12379.64	13152.90	73656808.00	168096333824
2015/04/17	13226.98	13931.51	12639.30	13837.37	117698552.00	245892120576
2015/04/24	13845.35	15106.93	13571.11	14806.03	159027456.00	381565403136
2015/04/30	15041.25	15605.47	14532.09	15149.22	97800336.00	249595805696
2015/05/08	15171.42	16037.44	14762.31	15414.58	113276576.00	289184219136
2015/05/15	15597.97	17090.61	15398.73	16713.96	103173448.00	296299200512
2015/05/22	16744.98	18925.41	16688.14	18766.59	95852368.00	291945414656
2015/05/29	18556.79	21985.59	18375.13	20344.83	133385048.00	446848172032
2015/06/05	20478.10	22063.28	19965.37	21391.19	87396296.00	317743529984
2015/06/12	21339.09	21695.31	20527.08	21541.83	81595512.00	282102726656
2015/06/19	21629.21	21973.50	18986.77	19064.86	72038784.00	253516349440
2015/06/26	19013.90	20432.47	17694.77	17695.42	76405440.00	241501061120
2015/07/03	18018.01	18023.34	13719.57	13903.49	120732016.00	298854383616
2015/07/10	15011.72	15011.72	11157.43	12881.58	115055800.00	207937503232
2015/07/17	13570.90	15301.45	12844.63	15293.38	134822272.00	283892318208
2015/07/24	15722.00	17933.00	15553.26	17259.21	158590944.00	404205273088
2015/07/31	16884.00	17795.04	14774.78	15946.97	166184960.00	426040295424
2015/08/07	15433.45	16389.21	14632.02	16184.48	123807696.00	299216306176
2015/08/14	16599.12	17883.93	16579.27	17563.87	147772112.00	379829911552
2015/08/21	17483.02	18018.60	15012.63	15179.54	104753024.00	284823519232
2015/08/28	14575.53	14594.03	11315.14	13148.53	109088000.00	199191363584
2015/09/02	13384.66	13427.04	11470.00	11657.83	70135824.00	131926802432
2015/09/11	11801.79	12496.05	10857.96	12166.56	101843320.00	175037349888
2015/09/18	12354.71	12378.06	10427.78	11119.81	88367352.00	147479134208
2015/09/25	11020.31	12053.80	10996.78	11501.32	89848520.00	167397310464
2015/09/30	11526.02	11911.70	11223.23	11752.67	34876600.00	64852082688
2015/10/09	12153.61	12633.92	12095.07	12481.44	32003178.00	62077984768
2015/10/16	12570.55	13678.97	12570.55	13635.28	99820216.00	193472036864
2015/10/23	13707.29	13861.11	12836.56	13717.11	107066256.00	225170669568
2015/10/30	13889.58	14642.15	13614.49	14077.66	118112016.00	266974937088
2015/11/06	13832.78	14780.44	13394.32	14681.83	97516224.00	222668898304
2015/11/13	14535.94	15211.04	14378.42	14631.49	105484672.00	246659907584
2015/11/20	14475.22	15607.96	14475.22	15487.44	93844240.00	241827282944
2015/11/27	15484.03	15754.20	14381.66	14515.23	90865504.00	233246490624
2015/12/04	14467.55	14604.78	13572.03	14106.57	59727432.00	138327277568
2015/12/11	14132.89	14207.35	13624.11	13760.85	47705368.00	110963851264
2015/12/18	13661.64	14415.84	13614.69	14282.45	47000124.00	102514376704
2015/12/25	14256.69	14549.21	13937.80	14207.33	44839392.00	94726684672
2015/12/31	14230.55	14308.89	13795.34	14059.90	35971532.00	80094674944
2016/01/08	14378.45	14438.91	12074.31	12636.41	64258336.00	132062699520
2016/01/15	12303.20	12365.20	10643.13	11354.91	55551104.00	97780654080
2016/01/22	11078.17	12135.47	11076.78	11569.98	52015848.00	94630322176
2016/01/29	11645.87	11749.80	10059.07	10510.65	52071392.00	83486916608
2016/02/05	10473.12	10954.20	10081.36	10761.15	47247896.00	74379034624
2016/02/19	10408.71	11670.75	10404.51	11424.23	55717540.00	92835233792
2016/02/26	11565.43	11603.04	10258.96	10476.41	56459880.00	95085854720
2016/03/04	10436.47	10881.30	9726.35	10442.66	57430592.00	93468794880
2016/03/11	10512.75	10688.48	9936.25	10041.04	44024444.00	70634643456
2016/03/18	10100.40	10847.00	9983.82	10773.15	58734876.00	103691812864
2016/03/25	10924.36	11480.58	10858.92	11218.10	82392160.00	149101150208
2016/04/01	11399.31	11516.66	10726.98	11171.68	54349956.00	106276487168
2016/04/08	11180.07	11548.31	10925.32	11064.46	45766320.00	84771381248
2016/04/15	11164.55	11589.68	11069.04	11500.25	51793720.00	99185065984
2016/04/22	11405.24	11455.04	10544.18	10705.89	44292216.00	90177257472
2016/04/29	10679.94	10785.40	10390.25	10539.36	29872030.00	57888714752
2016/05/06	10565.06	11070.43	10475.08	10475.08	38544984.00	65100062720
2016/05/13	10396.68	10397.22	9651.74	9927.66	39626320.00	54879125504
2016/05/20	9876.83	10121.30	9709.93	10051.77	35880300.00	57076588544
2016/05/27	10078.16	10185.33	9709.54	10065.78	41217628.00	58978279424
2016/06/03	9992.85	10666.26	9889.29	10586.23	51953252.00	88066752512
2016/06/08	10618.69	10761.39	10514.98	10694.77	23597812.00	45772685312
2016/06/17	10567.05	10820.91	10195.45	10645.98	48037248.00	107158224896
2016/06/24	10656.28	10959.34	10433.96	10739.93	44726980.00	101576474624
2016/07/01	10703.19	11547.06	10700.26	11384.54	61148668.00	128863174656
2016/07/08	11318.88	12388.46	11292.31	11982.96	86594432.00	182175416320
2016/07/15	12154.79	12384.59	11890.33	12001.55	74817800.00	159923077120
2016/07/22	11981.07	12005.78	11742.36	11821.57	40827764.00	85587943424
2016/07/29	11778.73	11975.14	11112.15	11134.91	41947392.00	89249095680
2016/08/05	11098.03	11114.86	10815.85	10990.61	23613068.00	46675214336
2016/08/12	10977.31	11393.35	10891.44	11165.36	29840254.00	61021757440
2016/08/19	11196.03	11659.76	11145.23	11486.90	35454796.00	72140423168
2016/08/26	11480.25	11487.98	11135.61	11309.04	24535488.00	49934716928
2016/09/02	11437.57	11522.99	11092.09	11155.70	27804454.00	62234882048
2016/09/09	11197.62	11443.66	11071.15	11334.91	25239760.00	52552826880
2016/09/14	11153.64	11203.22	10968.74	10995.03	15557946.00	29909080064
2016/09/23	11008.12	11100.46	10974.15	11009.20	17666586.00	34105126912
2016/09/30	10986.73	10990.45	10646.78	10852.13	17285994.00	32705351680
2016/10/14	10907.02	11288.46	10907.02	11229.78	27198304.00	49196908544
2016/10/21	11292.37	11347.81	11059.01	11245.99	30099704.00	53754863616
2016/10/28	11252.52	11360.26	11148.63	11153.00	28976104.00	52309471232
2016/11/04	11121.48	11206.87	11029.21	11045.65	25018036.00	46958215168
2016/11/11	11051.29	11139.63	10857.10	11138.65	24794480.00	46794043392
2016/11/18	11112.26	11272.89	11109.08	11176.72	31589824.00	53366444032
2016/11/25	11157.34	11340.17	11012.12	11189.08	33084408.00	58042089472
2016/12/02	11202.35	11333.56	11093.68	11098.00	43923620.00	66869125120
2016/12/09	10973.56	11310.85	10963.98	11035.62	38750540.00	61769965568
2016/12/16	11026.37	11072.01	10516.79	10806.64	42554992.00	72085020672
