'399812'	养老产业	周线
日期	开盘	最高	最低	收盘	成交量	成交额
2005/01/07	996.03	1015.61	986.46	1004.06	3391156.00	2724046336
2005/01/14	1002.63	1022.64	1000.90	1006.35	4018602.00	3082638336
2005/01/21	998.94	999.56	964.50	997.99	4757779.00	3313752832
2005/01/28	1011.33	1017.60	967.95	969.93	4943878.00	3397927680
2005/02/04	966.79	986.41	927.33	979.36	6051055.00	4013326848
2005/02/18	983.75	992.51	975.45	975.69	2666759.00	1700941952
2005/02/25	977.04	1040.13	977.04	1030.91	10357333.00	6876517376
2005/03/04	1029.73	1030.00	999.19	1006.63	6407617.00	4400685568
2005/03/11	1007.00	1036.47	1003.15	1025.81	8001380.00	5834706944
2005/03/18	1025.57	1032.75	959.69	961.47	7437660.00	5616936960
2005/03/25	958.32	962.23	923.52	938.55	5783303.00	3910747648
2005/04/01	937.37	946.53	893.52	938.93	5996137.00	3871505408
2005/04/08	932.42	968.67	911.17	968.67	8592607.00	5505815552
2005/04/15	971.60	983.77	938.95	939.71	10442855.00	6157694464
2005/04/22	935.24	935.24	889.58	893.55	6909209.00	3896460544
2005/04/29	884.01	909.21	873.78	890.26	8187291.00	4764231680
2005/05/13	895.94	895.94	845.26	864.23	6436948.00	3590099968
2005/05/20	863.74	880.71	854.04	873.04	6206359.00	3285712384
2005/05/27	870.52	870.52	839.89	839.90	5543319.00	3090603008
2005/06/03	837.97	848.96	794.98	805.92	5177696.00	2875504384
2005/06/10	803.31	909.65	795.37	883.78	13049418.00	7353881088
2005/06/17	883.58	888.61	832.94	848.89	7781612.00	4422489600
2005/06/24	848.67	870.10	837.11	859.55	7217548.00	4468958208
2005/07/01	864.19	883.21	810.11	810.82	7491684.00	4338211328
2005/07/08	806.26	806.26	768.48	768.76	4806362.00	2670049280
2005/07/15	771.03	786.44	755.23	760.37	6469471.00	3586547712
2005/07/22	756.38	768.02	735.88	761.71	5862242.00	2896427008
2005/07/29	761.09	798.81	754.68	787.97	9264200.00	4522777600
2005/08/05	787.93	832.55	786.65	832.55	11474489.00	5959969280
2005/08/12	835.33	887.64	835.33	866.26	17898068.00	10132436992
2005/08/19	864.77	916.84	856.03	870.94	19011480.00	11107366912
2005/08/26	868.64	892.68	859.90	890.11	11515647.00	6268327424
2005/09/02	889.29	932.69	878.16	928.89	14355374.00	7501351936
2005/09/09	930.06	943.11	908.70	929.60	14570332.00	8692230144
2005/09/16	928.16	966.95	923.47	960.65	12740766.00	6929990656
2005/09/23	960.75	970.89	904.54	906.79	13936745.00	7911352832
2005/09/30	904.39	913.77	887.69	900.43	8837194.00	4859119616
2005/10/14	900.45	920.18	879.03	904.56	8532637.00	5070289920
2005/10/21	902.86	922.15	890.67	916.63	9342104.00	5351270912
2005/10/28	916.55	921.26	845.24	854.37	8514434.00	4636721664
2005/11/04	851.61	870.44	836.63	867.85	8741676.00	4477347840
2005/11/11	867.69	883.06	846.12	855.68	8788521.00	4523771904
2005/11/18	853.76	872.09	835.98	870.79	6687800.00	3414321664
2005/11/25	872.44	875.34	858.79	864.82	6933338.00	3367066624
2005/12/02	866.29	868.10	839.75	842.63	5401499.00	2825038848
2005/12/09	841.88	841.88	813.29	838.19	6359962.00	3101615616
2005/12/16	839.65	857.44	835.32	853.76	6800761.00	3843476224
2005/12/23	852.51	863.13	848.77	863.13	5352684.00	2854348800
2005/12/30	864.70	883.59	863.60	873.81	7734051.00	4455912448
2006/01/06	873.36	907.40	873.36	903.69	8138497.00	4957679616
2006/01/13	905.39	941.45	903.58	936.24	14572886.00	8938733568
2006/01/20	935.68	942.12	913.20	941.18	11649085.00	7352048128
2006/01/25	947.80	947.80	931.95	938.16	7725908.00	4666100736
2006/02/10	939.61	968.47	939.61	963.61	13255260.00	8092366848
2006/02/17	966.47	977.10	943.45	944.40	11881725.00	7432638464
2006/02/24	942.93	959.04	929.49	959.04	8464280.00	5002514432
2006/03/03	961.86	972.44	943.17	952.97	10207579.00	6680400896
2006/03/10	953.53	955.16	909.47	921.16	7542399.00	4923865088
2006/03/17	919.85	946.18	917.28	942.92	7084082.00	4689320960
2006/03/24	942.78	975.55	937.90	963.16	11233514.00	7276899328
2006/03/31	961.88	989.01	958.02	975.27	11099581.00	7258174464
2006/04/07	974.76	1020.69	974.76	1020.69	15344407.00	10170497024
2006/04/14	1023.37	1051.36	1012.81	1039.92	17411252.00	11678125056
2006/04/21	1039.13	1051.36	1027.20	1039.55	18474572.00	11721877504
2006/04/28	1044.21	1056.29	1005.58	1052.37	17893464.00	11743570944
2006/05/12	1055.86	1178.17	1055.86	1178.17	30380658.00	19441782784
2006/05/19	1191.53	1284.03	1182.50	1281.68	41902080.00	26580977664
2006/05/26	1292.02	1317.51	1207.14	1273.31	27142444.00	17562728448
2006/06/02	1281.78	1397.93	1270.03	1377.28	32791074.00	22271117312
2006/06/09	1378.40	1399.72	1256.94	1275.33	26669564.00	17608617984
2006/06/16	1268.59	1316.13	1265.16	1315.34	16048831.00	10106138624
2006/06/23	1307.84	1359.33	1307.84	1359.33	18049488.00	12001708032
2006/06/30	1362.16	1410.30	1362.16	1397.02	20379778.00	13312708608
2006/07/07	1399.02	1451.63	1387.66	1441.73	23446452.00	16929230848
2006/07/14	1442.81	1456.93	1336.70	1365.36	22942216.00	16218748928
2006/07/21	1365.37	1385.89	1349.99	1382.85	14526166.00	10486557696
2006/07/28	1360.79	1419.95	1360.79	1397.25	14623692.00	10820008960
2006/08/04	1393.24	1393.24	1282.37	1283.49	11646621.00	7755235328
2006/08/11	1276.76	1321.85	1260.41	1321.22	8894562.00	5825873920
2006/08/18	1320.94	1324.62	1273.99	1311.76	10092251.00	6300501504
2006/08/25	1271.93	1339.97	1271.93	1335.95	10571174.00	6993976320
2006/09/01	1338.00	1390.14	1336.11	1351.76	15184616.00	10444916736
2006/09/08	1354.43	1383.30	1353.55	1357.01	11124812.00	7844777472
2006/09/15	1359.91	1370.72	1335.69	1367.34	12044348.00	7751442944
2006/09/22	1369.91	1395.58	1366.69	1381.02	13038739.00	8743616512
2006/09/29	1380.29	1423.55	1370.80	1422.30	13828141.00	8997108736
2006/10/13	1431.71	1464.57	1428.92	1445.40	18449572.00	12497325056
2006/10/20	1448.03	1478.10	1435.87	1462.47	15784481.00	10767006720
2006/10/27	1460.31	1460.39	1405.39	1416.27	14758492.00	10037620736
2006/11/03	1411.82	1433.42	1390.25	1430.91	14285995.00	9673132032
2006/11/10	1421.06	1428.13	1381.84	1387.65	15806439.00	10919234560
2006/11/17	1385.38	1392.51	1326.46	1392.13	16659503.00	12275510272
2006/11/24	1395.36	1436.08	1375.83	1433.10	17861568.00	13418981376
2006/12/01	1436.88	1522.28	1436.88	1519.23	21938544.00	16588783616
2006/12/08	1520.02	1561.78	1470.91	1471.24	34694388.00	23815276544
2006/12/15	1483.24	1575.97	1477.28	1575.97	20566936.00	15966906368
2006/12/22	1581.59	1656.27	1579.13	1618.55	31234888.00	22969430016
2006/12/29	1634.39	1650.45	1596.31	1626.42	22691860.00	17412837376
2007/01/05	1640.83	1667.82	1621.12	1667.82	12088051.00	10134320128
2007/01/12	1669.85	1898.89	1669.85	1809.95	45419368.00	33372114944
2007/01/19	1807.40	2146.25	1807.40	2146.25	47833080.00	40441155584
2007/01/26	2155.52	2246.17	2040.21	2155.12	48115384.00	42873233408
2007/02/02	2165.97	2243.25	2103.18	2125.40	42633876.00	36192686080
2007/02/09	2109.76	2252.06	2102.32	2240.08	31177400.00	29002625024
2007/02/16	2248.56	2556.55	2248.56	2515.86	36658880.00	32726163456
2007/03/02	2525.72	2580.12	2268.85	2355.40	43636916.00	38132342784
2007/03/09	2359.36	2509.96	2287.64	2493.87	33514746.00	30210424832
2007/03/16	2494.82	2613.32	2468.70	2547.06	44665988.00	41545342976
2007/03/23	2462.69	2707.82	2462.69	2696.11	40362296.00	39379566592
2007/03/30	2704.22	2833.64	2671.86	2718.96	50391656.00	50831851520
2007/04/06	2731.13	2980.49	2731.13	2976.65	43761508.00	49720934400
2007/04/13	3013.64	3179.97	2969.20	3126.92	57555704.00	68702236672
2007/04/20	3128.61	3366.77	3128.61	3355.68	67740600.00	82499117056
2007/04/27	3398.07	3586.25	3398.07	3548.18	59636000.00	77849690112
2007/04/30	3542.43	3634.11	3539.07	3627.95	11319401.00	17468489728
2007/05/11	3653.98	3787.69	3625.73	3769.18	50183448.00	71425499136
2007/05/18	3719.18	4016.99	3668.32	3993.14	52100660.00	83399000064
2007/05/25	3888.91	4311.65	3888.91	4301.16	62372920.00	100136222720
2007/06/01	4368.23	4497.71	3830.32	3830.33	63624160.00	110233657344
2007/06/08	3787.89	3913.60	3219.05	3882.66	58711248.00	85172846592
2007/06/15	3931.90	4232.66	3915.30	4174.76	61871668.00	93519429632
2007/06/22	4251.58	4415.17	4017.01	4061.43	52584992.00	82246828032
2007/06/29	4052.46	4052.46	3443.50	3499.90	39425204.00	57436880896
2007/07/06	3477.78	3629.40	3274.93	3524.25	24753038.00	38182604800
2007/07/13	3563.24	3648.13	3511.89	3582.14	21506348.00	36527591424
2007/07/20	3568.48	3656.72	3447.38	3654.49	17991964.00	34149687296
2007/07/27	3665.03	4023.67	3665.03	4023.67	37565376.00	69121605632
2007/08/03	4022.68	4166.55	3929.47	4155.85	40310272.00	79392047104
2007/08/10	4190.33	4263.12	4000.94	4092.15	35069524.00	72963350528
2007/08/17	4094.88	4243.69	4062.77	4154.14	32457018.00	67318906880
2007/08/24	4224.79	4501.66	4224.79	4478.79	44212680.00	83087622144
2007/08/31	4507.74	4566.65	4307.32	4546.81	40771840.00	81420140544
2007/09/07	4588.30	4643.70	4514.39	4529.12	43950052.00	80278274048
2007/09/14	4497.71	4663.06	4308.21	4591.84	44025560.00	77036462080
2007/09/21	4581.38	4724.98	4563.00	4670.17	42428112.00	78659428352
2007/09/28	4673.40	4725.91	4546.08	4710.88	28733374.00	59779829760
2007/10/12	4738.08	4738.08	4312.38	4505.95	31647346.00	70713098240
2007/10/19	4514.03	4606.02	4393.09	4495.18	24127396.00	60377882624
2007/10/26	4470.11	4527.89	3995.47	4078.94	20858468.00	48435560448
2007/11/02	4096.41	4334.03	4035.09	4111.51	18508796.00	43105759232
2007/11/09	4087.49	4207.25	3962.76	4021.47	14624748.00	32791320576
2007/11/16	3965.14	4170.16	3902.63	4122.81	16890188.00	35012771840
2007/11/23	4130.02	4298.18	4023.60	4151.19	16278136.00	31932710912
2007/11/30	4199.85	4232.93	4009.67	4059.29	13705071.00	28096948224
2007/12/07	4042.42	4282.66	4042.42	4282.66	12752044.00	25486282752
2007/12/14	4234.65	4583.06	4234.65	4554.51	24504652.00	50329825280
2007/12/21	4571.01	4747.00	4556.43	4747.00	21561610.00	44708954112
2007/12/28	4781.33	5035.09	4781.33	5003.62	26186184.00	60039131136
2008/01/04	5021.20	5254.23	5016.21	5211.89	19694476.00	48758149120
2008/01/11	5193.85	5242.25	5063.37	5172.22	31619808.00	83244556288
2008/01/18	5189.35	5341.02	5033.12	5207.19	33573644.00	82475548672
2008/01/25	5213.21	5213.21	4578.65	4961.81	34955732.00	80470999040
2008/02/01	4939.30	4939.30	4283.43	4412.12	22499128.00	47458598912
2008/02/05	4504.99	4787.99	4504.99	4746.82	8746706.00	19696443392
2008/02/15	4697.62	4824.62	4663.09	4767.36	8503705.00	17901748224
2008/02/22	4823.82	4993.11	4786.32	4870.10	20882728.00	47500353536
2008/02/29	4875.28	4875.28	4582.64	4849.18	16906512.00	38871568384
2008/03/07	4839.77	5064.33	4839.77	4913.10	24645472.00	55709171712
2008/03/14	4880.61	4880.61	4426.72	4478.53	17110628.00	36282822656
2008/03/21	4452.06	4452.06	3819.49	4224.03	22145116.00	44468461568
2008/03/28	4274.13	4290.25	3784.65	4045.98	18864404.00	40241336320
2008/04/03	3950.51	3989.55	3329.68	3512.44	15647037.00	33315565568
2008/04/11	3470.94	3826.03	3470.94	3736.57	19616318.00	38936780800
2008/04/18	3673.41	3673.41	3346.47	3354.99	15731699.00	29308350464
2008/04/25	3589.28	3817.20	3149.92	3720.11	32031442.00	65796538368
2008/04/30	3664.59	3867.04	3643.88	3861.84	17418384.00	37036392448
2008/05/09	3902.43	3999.22	3740.74	3925.37	32432870.00	62063407104
2008/05/16	3871.91	4161.59	3871.91	4004.38	42086056.00	67781943296
2008/05/23	3986.57	4044.17	3606.21	3737.27	24769244.00	38065643520
2008/05/30	3710.85	3740.76	3592.92	3651.09	16823240.00	26456852480
2008/06/06	3645.89	3698.72	3528.98	3543.80	15223733.00	23432245248
2008/06/13	3411.64	3411.64	3003.06	3005.45	13511020.00	19366684672
2008/06/20	3003.79	3014.66	2638.62	2801.98	20853182.00	27454791680
2008/06/27	2766.62	3093.85	2756.52	2888.25	24149728.00	31786123264
2008/07/04	2866.77	3070.85	2822.49	3061.68	26065700.00	40907235328
2008/07/11	3069.88	3336.15	3069.88	3221.75	40041964.00	60323430400
2008/07/18	3200.03	3299.59	2973.51	3112.29	31512568.00	43778707456
2008/07/25	3105.90	3303.95	3105.10	3264.17	31107284.00	46210707456
2008/08/01	3284.08	3314.06	3068.94	3170.28	22898054.00	32000012288
2008/08/08	3147.84	3177.84	2878.37	2878.37	19621392.00	27483750400
2008/08/15	2862.48	2862.48	2580.89	2660.24	15787299.00	19074336768
2008/08/22	2665.05	2723.46	2459.92	2572.43	19739004.00	22392963072
2008/08/29	2571.66	2596.97	2371.34	2472.42	15680647.00	19602571264
2008/09/05	2457.78	2457.78	2294.29	2294.93	14693131.00	16427011072
2008/09/12	2296.94	2296.94	2199.18	2232.19	16037730.00	16962150400
2008/09/19	2221.14	2295.60	1997.95	2295.60	18407556.00	20222586880
2008/09/26	2421.81	2500.19	2190.14	2336.96	37380056.00	48392470528
2008/10/10	2299.87	2299.87	2049.20	2058.52	21833972.00	26048163840
2008/10/17	2038.44	2163.30	1926.77	1949.59	19689442.00	22084491264
2008/10/24	1946.45	2029.41	1926.23	1954.50	18318060.00	18968102912
2008/10/31	1926.71	1926.71	1782.10	1798.38	22264052.00	23839010816
2008/11/07	1790.61	1829.97	1745.01	1805.92	18644682.00	17314977792
2008/11/14	1829.64	2068.29	1829.64	2068.29	35777556.00	32275070976
2008/11/21	2062.55	2158.89	1982.00	2094.72	50294044.00	43277606912
2008/11/28	2099.26	2149.95	1999.01	2039.84	30281508.00	27535155200
2008/12/05	2038.25	2294.82	2022.62	2285.17	52255176.00	46117457920
2008/12/12	2312.13	2388.50	2196.53	2225.46	48467440.00	47146598400
2008/12/19	2250.36	2453.47	2226.01	2435.11	37938456.00	37719404544
2008/12/26	2438.70	2460.20	2236.39	2247.43	34123148.00	32026185728
2008/12/31	2237.54	2271.57	2190.97	2235.28	13011211.00	12796813312
2009/01/09	2263.98	2406.33	2258.94	2406.33	33213180.00	34880294912
2009/01/16	2400.37	2483.85	2343.97	2457.88	38067604.00	40016834560
2009/01/23	2476.71	2510.49	2424.90	2458.80	38573624.00	41902485504
2009/02/06	2476.03	2697.84	2466.63	2697.84	53022192.00	54762815488
2009/02/13	2735.46	3030.52	2700.22	3026.95	77405600.00	82841722880
2009/02/20	3049.28	3063.02	2825.44	2940.89	60541060.00	67896631296
2009/02/27	2926.75	3046.66	2572.95	2602.85	63653592.00	69927247872
2009/03/06	2577.65	2856.55	2577.65	2805.52	46912488.00	54870155264
2009/03/13	2817.67	2847.36	2662.95	2731.67	35756976.00	43885150208
2009/03/20	2726.71	2940.01	2714.27	2900.26	47622328.00	58667757568
2009/03/27	2898.49	2988.26	2864.53	2968.73	55521200.00	69416460288
2009/04/03	2976.08	3085.70	2914.08	3014.61	58551148.00	76121079808
2009/04/10	3045.80	3071.34	2913.98	3066.41	39871320.00	53554839552
2009/04/17	3094.59	3260.67	3085.35	3212.40	71088184.00	87247437824
2009/04/24	3203.86	3311.77	3071.35	3109.66	59846100.00	71998906368
2009/04/30	3134.19	3237.04	3035.95	3220.04	52659176.00	61621960704
2009/05/08	3229.50	3322.63	3226.15	3264.46	64969924.00	80018759680
2009/05/15	3284.03	3318.19	3171.30	3318.19	61010464.00	75175837696
2009/05/22	3315.79	3333.78	3219.11	3234.06	55310096.00	66087043072
2009/05/27	3173.04	3273.64	3147.24	3234.32	25697914.00	33739902976
2009/06/05	3253.94	3316.24	3251.19	3287.92	51043808.00	73445965824
2009/06/12	3303.72	3431.66	3258.69	3336.02	54295916.00	69074952192
2009/06/19	3337.15	3535.33	3322.76	3503.27	57511936.00	79427223552
2009/06/26	3513.13	3513.13	3401.61	3459.59	50162284.00	69480153088
2009/07/03	3460.90	3528.34	3442.96	3528.34	51254976.00	75418394624
2009/07/10	3533.22	3677.46	3502.63	3658.94	63678460.00	90038804480
2009/07/17	3653.42	3783.27	3653.42	3776.68	66732836.00	93291380736
2009/07/24	3786.58	3833.49	3728.40	3780.77	67871592.00	98006728704
2009/07/31	3793.41	3873.74	3592.22	3776.64	72315272.00	100983472128
2009/08/07	3782.10	3917.53	3762.81	3778.93	73299880.00	106879533056
2009/08/14	3821.39	3872.48	3521.42	3522.15	51286984.00	77729480704
2009/08/21	3480.30	3509.19	3219.63	3422.96	43780092.00	65697439744
2009/08/28	3428.42	3709.99	3419.40	3542.44	62663648.00	91115446272
2009/09/04	3496.34	3539.00	3276.69	3532.03	45260904.00	69522571264
2009/09/11	3566.59	3697.10	3566.59	3697.10	57990524.00	89455960064
2009/09/18	3710.99	3923.65	3696.41	3811.89	70556848.00	101941805056
2009/09/25	3778.14	3911.21	3567.55	3629.52	58651528.00	86338838528
2009/09/30	3649.74	3704.45	3435.60	3535.92	22395252.00	32685191168
2009/10/09	3581.47	3691.39	3581.47	3691.39	8981382.00	14336556032
2009/10/16	3702.82	3809.84	3673.57	3792.83	45853308.00	67344072704
2009/10/23	3805.76	3929.36	3805.76	3923.09	55303140.00	84596162560
2009/10/30	3944.97	3992.47	3854.85	3974.80	65288484.00	106658209792
2009/11/06	3950.16	4322.15	3950.16	4282.01	80303176.00	131230269440
2009/11/13	4284.34	4415.86	4230.79	4415.86	64051768.00	100637417472
2009/11/20	4442.23	4667.51	4442.23	4638.23	84471968.00	127297257472
2009/11/27	4630.01	4717.70	4302.18	4302.18	82233136.00	135099432960
2009/12/04	4330.62	4645.77	4330.62	4523.53	63182876.00	105002901504
2009/12/11	4524.26	4588.41	4484.35	4539.07	41806176.00	70886047744
2009/12/18	4535.43	4586.49	4274.38	4293.52	38181852.00	63278931968
2009/12/25	4285.91	4513.24	4254.43	4494.81	37283764.00	64231792640
2009/12/31	4509.28	4608.59	4509.28	4608.59	37784140.00	62828793856
2010/01/08	4630.41	4684.58	4513.46	4586.12	49878268.00	78640816128
2010/01/15	4593.31	4916.23	4582.95	4909.77	66488592.00	111142928384
2010/01/22	4903.36	5031.33	4693.47	4775.19	55244888.00	92528664576
2010/01/29	4742.17	4785.07	4512.60	4690.46	36433700.00	60153262080
2010/02/05	4684.11	4779.30	4531.87	4637.56	45299236.00	75253415936
2010/02/12	4626.93	4790.00	4619.69	4783.77	25019788.00	43064754176
2010/02/26	4771.47	4975.89	4690.14	4959.25	42186808.00	75891744768
2010/03/05	4962.06	5029.81	4821.44	4870.58	42813424.00	70141460480
2010/03/12	4886.51	4940.48	4729.56	4734.40	31775472.00	52378845184
2010/03/19	4727.63	4870.95	4683.06	4864.86	30076810.00	50039656448
2010/03/26	4872.02	4890.05	4776.89	4865.03	32594520.00	51800924160
2010/04/02	4891.41	5054.98	4883.31	5054.98	41242952.00	69831139328
2010/04/09	5061.17	5194.80	5007.81	5194.80	35667664.00	60122083328
2010/04/16	5204.54	5315.77	5134.47	5210.81	50126236.00	90406666240
2010/04/23	5169.40	5369.40	4989.39	5281.82	54606172.00	96835289088
2010/04/30	5286.16	5343.69	4757.53	4849.20	41615760.00	73887137792
2010/05/07	4758.50	5001.45	4723.45	4768.97	30441456.00	52686667776
2010/05/14	4761.93	4773.73	4419.45	4698.88	36705708.00	61927686144
2010/05/21	4643.19	4643.19	4206.49	4381.76	33427184.00	51649937408
2010/05/28	4410.19	4759.69	4410.19	4740.60	41071592.00	62102134784
2010/06/04	4726.93	4813.86	4480.48	4634.84	32842236.00	51271462912
2010/06/11	4543.74	4807.25	4543.74	4720.09	34921008.00	53998612480
2010/06/18	4749.53	4749.53	4326.15	4353.37	14435820.00	23751720960
2010/06/25	4329.39	4523.91	4308.15	4418.13	28012232.00	45056233472
2010/07/02	4408.45	4412.75	3788.34	3942.06	26817374.00	37855727616
2010/07/09	3891.63	4198.63	3852.15	4186.05	25663092.00	36431785984
2010/07/16	4190.65	4224.73	4037.98	4126.91	29529444.00	44804661248
2010/07/23	4093.04	4394.89	4093.04	4384.82	37564600.00	53759635456
2010/07/30	4392.88	4556.44	4374.96	4534.44	38989616.00	55913766912
2010/08/06	4538.98	4743.97	4513.10	4743.97	47224844.00	68091547648
2010/08/13	4750.59	4819.04	4644.32	4738.26	40072964.00	62593171456
2010/08/20	4748.14	4899.88	4729.20	4729.20	51255044.00	78668079104
2010/08/27	4722.71	4799.03	4701.30	4791.29	37619252.00	54259277824
2010/09/03	4821.43	4987.06	4821.43	4980.81	48735792.00	81672536064
2010/09/10	5001.95	5077.51	4926.90	5075.47	49256600.00	83423494144
2010/09/17	5086.28	5145.91	4885.48	4959.59	44815832.00	78379909120
2010/09/21	4963.03	4963.03	4864.46	4902.74	12933690.00	21417279488
2010/09/30	4925.15	5034.46	4918.80	5034.46	28620958.00	46030737408
2010/10/08	5068.13	5144.04	5064.87	5133.41	9378442.00	17118770176
2010/10/15	5141.26	5141.26	4828.14	4867.32	69120776.00	127167971328
2010/10/22	4866.21	5125.94	4743.49	5109.26	67203080.00	124049989632
2010/10/29	5121.61	5323.81	5121.61	5219.78	67632528.00	125750272000
2010/11/05	5236.71	5405.12	5227.57	5405.12	62269488.00	113367883776
2010/11/12	5426.11	5709.90	5260.83	5261.11	77530568.00	149519745024
2010/11/19	5291.18	5544.28	5093.29	5321.08	49831368.00	101505564672
2010/11/26	5289.19	5575.59	5259.81	5501.54	44557172.00	86046785536
2010/12/03	5492.26	5558.52	5222.44	5262.57	37399600.00	71608098816
2010/12/10	5268.53	5301.90	5115.09	5253.86	30275912.00	57408995328
2010/12/17	5273.88	5403.67	5273.88	5372.29	37112320.00	71334363136
2010/12/24	5380.14	5383.90	5068.01	5089.55	33836420.00	63814311936
2010/12/31	5111.84	5125.73	4804.92	5015.12	26701728.00	50089418752
2011/01/07	5028.58	5064.41	4961.59	4980.84	26658948.00	57879805952
2011/01/14	4975.05	4975.05	4775.66	4785.49	25624598.00	47081328640
2011/01/21	4758.44	4758.44	4491.85	4521.25	23141416.00	41454526464
2011/01/28	4522.20	4583.97	4397.19	4579.68	20347578.00	36683026432
2011/02/01	4570.96	4644.42	4565.18	4641.85	7292435.00	13010695168
2011/02/11	4615.09	4773.99	4587.87	4765.85	15439776.00	28538335232
2011/02/18	4774.37	4918.60	4774.37	4853.79	41317548.00	74752737280
2011/02/25	4826.46	4925.95	4768.84	4867.36	37347308.00	68927455232
2011/03/04	4878.11	4975.73	4831.43	4895.28	45465468.00	80194691072
2011/03/11	4915.10	4990.20	4901.43	4942.82	43390840.00	86286614528
2011/03/18	4930.76	4998.76	4863.48	4899.43	44357564.00	83284017152
2011/03/25	4897.30	4911.04	4799.09	4901.13	31557106.00	61582778368
2011/04/01	4914.91	4932.18	4696.48	4752.67	35378528.00	61792190464
2011/04/08	4744.41	4809.55	4706.38	4809.49	21545592.00	41895018496
2011/04/15	4816.34	4876.45	4750.97	4837.19	42894620.00	76947791872
2011/04/22	4828.69	4890.76	4774.24	4845.88	50905008.00	82817310720
2011/04/29	4833.70	4833.70	4499.40	4559.21	42529040.00	61982236672
2011/05/06	4557.64	4620.85	4525.98	4613.61	24483936.00	41378471936
2011/05/13	4621.52	4650.76	4529.26	4577.27	31088804.00	46643355648
2011/05/20	4581.84	4602.87	4515.66	4531.24	33829732.00	43605454848
2011/05/27	4518.96	4518.96	4161.52	4165.08	33510844.00	38509826048
2011/06/03	4139.01	4226.85	4113.78	4223.30	24825612.00	31398301696
2011/06/10	4214.54	4262.28	4130.94	4192.86	28749768.00	27705147392
2011/06/17	4169.21	4224.08	4030.94	4032.95	27340852.00	30974965760
2011/06/24	4022.55	4191.91	3963.01	4177.83	28805352.00	36263555072
2011/07/01	4178.56	4263.60	4170.14	4244.09	32016376.00	39972995072
2011/07/08	4253.50	4435.46	4253.50	4395.79	42336824.00	53696036864
2011/07/15	4388.51	4569.76	4361.08	4569.76	38873472.00	58361389056
2011/07/22	4590.55	4616.52	4464.06	4497.51	35446484.00	52979560448
2011/07/29	4476.58	4476.59	4316.69	4370.33	31548644.00	45020061696
2011/08/05	4352.64	4407.11	4244.84	4308.07	28445512.00	38660194304
2011/08/12	4256.01	4328.25	3977.74	4310.73	45840416.00	57845587968
2011/08/19	4324.73	4368.87	4170.21	4228.61	40852416.00	43007983616
2011/08/26	4227.34	4331.61	4175.30	4328.76	30011376.00	37156327424
2011/09/02	4309.65	4362.13	4152.76	4168.79	27745920.00	34183489536
2011/09/09	4132.84	4144.92	4038.48	4076.72	21015446.00	27508445184
2011/09/16	4007.85	4055.53	3941.27	4025.69	16593137.00	18744143872
2011/09/23	4014.74	4085.09	3905.12	3945.02	26266820.00	27754819584
2011/09/30	3926.93	3962.22	3726.28	3754.52	26832444.00	29117401088
2011/10/14	3765.76	3947.62	3711.19	3923.00	34066320.00	32416825344
2011/10/21	3938.13	3957.73	3677.07	3678.52	24095316.00	26237407232
2011/10/28	3685.36	4037.26	3638.96	4033.75	50550028.00	53589282816
2011/11/04	4022.04	4277.89	4002.79	4219.13	62671004.00	74053287936
2011/11/11	4197.09	4242.42	4115.30	4174.95	44793312.00	51061800960
2011/11/18	4202.60	4303.86	4062.32	4070.37	41969700.00	50776727552
2011/11/25	4064.35	4113.26	4022.60	4073.08	25826958.00	33775579136
2011/12/02	4079.63	4135.84	3942.42	3995.16	33892008.00	45767065600
2011/12/09	3983.86	3983.86	3817.86	3840.24	24048692.00	30911451136
2011/12/16	3837.38	3845.08	3580.67	3700.86	26636156.00	30807638016
2011/12/23	3672.11	3753.58	3508.40	3616.14	25660420.00	31030515712
2011/12/30	3602.64	3636.68	3383.41	3527.07	22238836.00	25165037568
2012/01/06	3553.24	3554.95	3228.24	3300.03	16800800.00	19357530112
2012/01/13	3296.88	3561.37	3265.99	3385.31	42343496.00	42421080064
2012/01/20	3357.46	3434.71	3241.46	3419.20	33746220.00	40761229312
2012/02/03	3432.53	3501.99	3360.25	3493.85	27890140.00	34833354752
2012/02/10	3498.57	3586.51	3441.34	3572.05	38575732.00	43062743040
2012/02/17	3543.81	3694.61	3537.87	3654.26	42408744.00	46903078912
2012/02/24	3697.52	3826.42	3618.56	3826.42	65717072.00	61472620544
2012/03/02	3836.46	3896.63	3758.92	3844.92	58859576.00	60852506624
2012/03/09	3853.77	3886.12	3757.90	3886.12	62197740.00	65887166464
2012/03/16	3890.61	3977.90	3717.60	3880.33	65394624.00	77168861184
2012/03/23	3876.70	3915.15	3712.11	3724.33	43832944.00	49942052864
2012/03/30	3715.90	3755.11	3451.05	3472.11	33751852.00	38217834496
2012/04/06	3475.40	3596.40	3474.69	3586.53	14018866.00	16157998080
2012/04/13	3577.67	3691.70	3472.86	3670.58	35287612.00	37608288256
2012/04/20	3645.36	3726.72	3632.14	3726.41	38403316.00	47413260288
2012/04/27	3717.23	3719.91	3552.66	3640.61	42088840.00	50077868032
2012/05/04	3681.23	3792.07	3653.96	3792.07	27975848.00	35314761728
2012/05/11	3774.98	3850.36	3751.32	3783.83	44290316.00	54639558656
2012/05/18	3804.84	3831.41	3735.04	3740.80	43755848.00	50147237888
2012/05/25	3732.28	3789.05	3666.93	3671.53	36643568.00	42382704640
2012/06/01	3655.84	3793.85	3614.91	3791.35	36703332.00	40715776000
2012/06/08	3735.90	3787.70	3658.72	3662.12	32141076.00	41744809984
2012/06/15	3664.24	3842.22	3664.24	3813.60	32698720.00	45608304640
2012/06/21	3819.63	3854.29	3708.65	3726.37	24664210.00	35408531456
2012/06/29	3712.84	3726.76	3616.22	3686.66	27505024.00	36557402112
2012/07/06	3705.71	3780.80	3634.48	3745.17	34134456.00	50619514880
2012/07/13	3724.38	3771.40	3652.78	3746.41	38416608.00	59744604160
2012/07/20	3742.44	3742.44	3561.30	3673.44	36856360.00	52319117312
2012/07/27	3644.38	3701.07	3576.38	3585.13	26572654.00	37933228032
2012/08/03	3579.11	3614.01	3474.78	3614.01	23808048.00	33631399936
2012/08/10	3605.08	3746.52	3605.08	3739.46	31670104.00	41193181184
2012/08/17	3732.40	3739.08	3582.55	3613.88	32828876.00	41605926912
2012/08/24	3584.47	3707.62	3568.57	3639.02	26660004.00	34880045056
2012/08/31	3624.75	3624.75	3460.80	3522.12	23940244.00	31122526208
2012/09/07	3510.44	3739.56	3510.44	3715.62	33799648.00	38646177792
2012/09/14	3711.38	3758.10	3685.11	3704.78	34028152.00	38425718784
2012/09/21	3705.70	3705.70	3485.54	3491.36	27778480.00	31056609280
2012/09/28	3469.92	3569.76	3434.19	3569.76	23546732.00	28737058816
2012/10/12	3574.39	3681.14	3537.95	3620.90	29736748.00	32670982144
2012/10/19	3616.72	3692.00	3589.10	3671.14	30302504.00	35133120512
2012/10/26	3655.30	3694.47	3517.10	3539.86	30778968.00	31411918848
2012/11/02	3526.07	3637.34	3519.20	3637.34	27438352.00	33463783424
2012/11/09	3634.19	3636.36	3507.60	3518.08	25520716.00	26564624384
2012/11/16	3516.20	3528.70	3373.10	3390.66	23133170.00	24646934528
2012/11/23	3387.72	3397.27	3332.34	3363.06	19447318.00	21944786944
2012/11/30	3357.73	3359.01	3170.90	3206.00	18896124.00	19584946176
2012/12/07	3203.77	3314.87	3111.72	3314.87	29686654.00	32675491840
2012/12/14	3319.72	3405.39	3285.11	3405.21	31972728.00	36903145472
2012/12/21	3402.36	3432.22	3368.38	3421.67	41532368.00	47947145216
2012/12/28	3416.17	3603.14	3416.17	3600.80	45031688.00	54187356160
2013/01/04	3609.17	3668.34	3591.67	3623.46	20456186.00	29742792704
2013/01/11	3623.62	3762.46	3623.62	3698.99	49067928.00	65553862656
2013/01/18	3691.62	3942.08	3691.62	3936.62	57396648.00	74172801024
2013/01/25	3940.59	3951.64	3832.19	3894.12	43541864.00	61057187840
2013/02/01	3901.94	4013.56	3901.94	4011.52	46977448.00	75451023360
2013/02/08	4017.50	4211.94	3946.51	4193.79	45134100.00	73454436352
2013/02/22	4219.28	4294.75	4135.75	4209.43	47203952.00	74387685376
2013/03/01	4232.62	4292.12	4129.17	4290.94	47212056.00	68132786176
2013/03/08	4267.33	4384.10	4162.42	4222.09	59894992.00	83597918208
2013/03/15	4206.17	4245.77	4025.71	4140.62	35774068.00	53327740928
2013/03/22	4135.73	4297.53	4081.64	4293.12	37715008.00	56097259520
2013/03/29	4303.32	4333.20	4211.89	4236.34	34130420.00	54123819008
2013/04/03	4237.39	4271.88	4109.37	4132.86	21859980.00	33863802880
2013/04/12	4106.49	4206.28	4095.64	4140.45	33353558.00	56062795776
2013/04/19	4142.65	4306.68	4060.01	4298.83	32943796.00	53260247040
2013/04/26	4294.88	4432.26	4255.11	4268.35	52333128.00	71180689408
2013/05/03	4220.50	4424.47	4220.50	4417.52	17107216.00	26906488832
2013/05/10	4427.32	4574.46	4427.32	4547.78	49437696.00	74532052992
2013/05/17	4536.02	4686.64	4446.29	4676.55	51373860.00	78501527552
2013/05/24	4677.21	4803.85	4625.73	4803.51	67545304.00	102222405632
2013/05/31	4803.83	4902.50	4787.46	4822.08	52600912.00	82312273920
2013/06/07	4808.58	4821.17	4530.32	4559.58	48861216.00	67624759296
2013/06/14	4503.45	4637.86	4394.49	4632.16	18868278.00	28220534784
2013/06/21	4653.25	4730.64	4415.44	4521.78	45047032.00	69768151040
2013/06/28	4502.78	4555.81	4019.35	4443.81	62688016.00	85891137536
2013/07/05	4428.31	4747.48	4428.31	4629.64	55936648.00	86401941504
2013/07/12	4555.22	4883.84	4476.71	4798.23	57927416.00	81819549696
2013/07/19	4815.58	5014.62	4815.58	4887.38	62963464.00	90525138944
2013/07/26	4864.50	5196.15	4864.50	5069.98	63688064.00	92269182976
2013/08/02	5040.94	5139.50	4864.00	5100.99	47410176.00	74633625600
2013/08/09	5112.23	5271.27	5112.23	5197.36	58011344.00	84567113728
2013/08/16	5203.38	5249.31	5028.10	5028.10	57958380.00	86560587776
2013/08/23	4989.21	5232.64	4989.21	5215.30	63650228.00	83839246336
2013/08/30	5222.74	5353.45	5135.01	5144.24	69479816.00	100030177280
2013/09/06	5143.57	5372.26	5139.71	5365.78	60434992.00	89902268416
2013/09/13	5364.11	5480.33	5340.24	5480.33	90031008.00	122407124992
2013/09/18	5492.37	5579.67	5474.82	5578.08	44872968.00	70120873984
2013/09/27	5598.20	5800.55	5594.03	5758.35	88972600.00	142698774528
2013/09/30	5786.66	5886.58	5786.66	5886.10	14494284.00	24571441152
2013/10/11	5910.64	5966.83	5854.66	5942.28	73891136.00	120105050112
2013/10/18	5940.10	6042.39	5724.48	5811.09	81408792.00	136343478272
2013/10/25	5840.29	6000.37	5543.43	5566.75	98730784.00	133574295552
2013/11/01	5549.80	5609.34	5313.70	5386.69	89992808.00	114812010496
2013/11/08	5386.99	5439.42	5191.08	5203.53	58892844.00	84671029248
2013/11/15	5195.06	5548.66	5155.63	5495.29	68257760.00	96634462208
2013/11/22	5553.52	5653.60	5540.71	5578.62	92056864.00	137453715456
2013/11/29	5551.86	5728.08	5534.47	5722.17	67619072.00	105770336256
2013/12/06	5575.94	5637.83	5372.27	5539.79	72771200.00	113666916352
2013/12/13	5559.53	5642.29	5512.49	5587.31	63994480.00	96544464896
2013/12/20	5583.84	5590.38	5310.15	5332.31	51656632.00	87047192576
2013/12/27	5330.74	5492.47	5278.33	5482.26	45533680.00	75997896704
2014/01/03	5493.14	5575.51	5451.28	5566.42	35816112.00	66967822336
2014/01/10	5548.90	5662.14	5401.01	5474.78	50292664.00	94032977920
2014/01/17	5480.57	5611.08	5440.76	5505.55	44505848.00	74949083136
2014/01/24	5484.97	5803.67	5402.12	5798.84	54125744.00	99816144896
2014/01/30	5768.06	5830.54	5686.49	5778.58	61522080.00	84722573312
2014/02/07	5749.91	5862.48	5746.48	5862.30	13565104.00	20174065664
2014/02/14	5888.42	6025.56	5828.58	5934.26	76783896.00	126566637568
2014/02/21	5955.23	6028.52	5854.24	5906.31	76483968.00	119805837312
2014/02/28	5881.77	6008.86	5522.29	5648.02	80718728.00	118855106560
2014/03/07	5634.22	5711.40	5567.90	5645.40	52385928.00	82998820864
2014/03/14	5602.73	5602.73	5443.96	5582.96	49018936.00	76422922240
2014/03/21	5590.28	5723.09	5447.15	5603.01	48918640.00	79922003968
2014/03/28	5601.56	5625.45	5384.55	5398.97	47396056.00	70441041920
2014/04/04	5393.28	5432.31	5333.88	5432.31	36876060.00	59386204160
2014/04/11	5411.32	5648.04	5411.32	5637.02	43077164.00	74167468032
2014/04/18	5636.84	5665.03	5571.21	5611.80	36713516.00	60355440640
2014/04/25	5575.42	5620.10	5303.89	5303.89	36106796.00	56437432320
2014/04/30	5279.38	5288.38	5146.52	5284.23	24151104.00	35307094016
2014/05/09	5274.78	5350.38	5151.73	5186.30	31180258.00	49483108352
2014/05/16	5213.87	5288.06	5129.22	5172.35	29887960.00	45144285184
2014/05/23	5161.83	5236.98	5095.36	5236.24	28908872.00	43727228928
2014/05/30	5257.80	5363.56	5257.80	5301.72	38384768.00	57886846976
2014/06/06	5306.09	5355.18	5235.23	5328.31	29046580.00	48386834432
2014/06/13	5318.03	5430.09	5283.85	5423.95	44705580.00	68572737536
2014/06/20	5422.63	5445.06	5205.65	5253.67	42629040.00	65470341120
2014/06/27	5264.62	5412.99	5258.85	5385.81	38094240.00	59432140800
2014/07/04	5387.92	5529.89	5375.60	5513.99	51183124.00	75341520896
2014/07/11	5510.42	5512.52	5348.85	5368.20	46707064.00	67823779840
2014/07/18	5377.62	5436.61	5287.28	5315.36	40526560.00	64191524864
2014/07/25	5315.29	5387.13	5272.54	5376.77	42633528.00	70741213184
2014/08/01	5393.32	5658.26	5393.32	5577.11	67587752.00	103312744448
2014/08/08	5580.87	5661.28	5570.80	5623.04	50408392.00	83240034304
2014/08/15	5629.49	5715.91	5627.09	5713.77	65542152.00	90817085440
2014/08/22	5730.56	5914.72	5730.56	5902.66	97672760.00	133673025536
2014/08/29	5901.42	5901.42	5716.84	5782.48	64758424.00	99546324992
2014/09/05	5787.97	6030.41	5781.75	6019.51	79104472.00	124115861504
2014/09/12	6023.06	6141.14	5985.32	6083.18	72250048.00	101924978688
2014/09/19	6082.41	6127.59	5902.24	6070.89	83310808.00	122155098112
2014/09/26	6065.91	6156.69	5981.88	6105.19	63287936.00	100459692032
2014/09/30	6128.04	6168.44	6097.53	6161.51	24299260.00	40731406336
2014/10/10	6174.13	6293.21	6140.26	6235.66	50891744.00	80356286464
2014/10/17	6215.32	6333.95	6074.17	6154.61	87904712.00	128365117440
2014/10/24	6167.91	6218.05	5994.25	6040.48	52399352.00	86835396608
2014/10/31	6013.51	6272.27	5984.82	6247.97	71030288.00	114568830976
2014/11/07	6258.35	6272.40	6150.43	6175.18	84329680.00	111838158848
2014/11/14	6194.84	6250.67	6072.40	6163.93	91578312.00	149608579072
2014/11/21	6200.56	6308.68	6160.55	6304.61	69497656.00	125893574656
2014/11/28	6373.53	6590.86	6343.98	6566.53	122991184.00	234560225280
2014/12/05	6588.68	6879.36	6536.70	6704.29	171349600.00	343835475968
2014/12/12	6659.24	6913.19	6549.86	6903.55	197765104.00	394695213056
2014/12/19	6887.93	7013.11	6659.84	6752.46	127966400.00	286521753600
2014/12/26	6727.15	6728.20	6522.80	6723.84	120338824.00	265749037056
2014/12/31	6731.68	6739.93	6526.24	6630.09	77200784.00	195215392768
2015/01/09	6650.93	6980.76	6593.18	6838.65	132166888.00	326595969024
2015/01/16	6822.69	7111.27	6792.02	7091.08	99583960.00	274698207232
2015/01/23	6904.29	7352.21	6808.37	7261.24	129713016.00	348381544448
2015/01/30	7261.57	7486.56	7224.78	7226.56	116174288.00	276191576064
2015/02/06	7148.41	7445.51	7132.80	7219.43	105329376.00	263859257344
2015/02/13	7215.60	7670.87	7148.90	7642.09	111245696.00	230385221632
2015/02/17	7691.77	7950.72	7690.78	7928.32	54004064.00	118779625472
2015/02/27	7936.70	7959.99	7768.65	7946.59	65384304.00	154470711296
2015/03/06	7952.13	8254.20	7911.90	8002.19	137952656.00	327219085312
2015/03/13	7961.54	8327.16	7897.71	8326.32	109474480.00	279391830016
2015/03/20	8401.71	8961.76	8401.51	8951.76	159834736.00	412265578496
2015/03/27	9009.05	9441.31	9009.05	9237.43	168860352.00	448756842496
2015/04/03	9239.19	9676.01	9174.97	9659.14	153038704.00	414298898432
2015/04/10	9707.36	9871.94	9237.34	9832.51	137270960.00	409987547136
2015/04/17	9877.58	10095.79	9463.87	9737.52	145306832.00	444020326400
2015/04/24	9729.25	10367.66	9472.66	10351.66	188825664.00	529562009600
2015/04/30	10501.22	10653.30	10027.14	10482.46	133692448.00	424507310080
2015/05/08	10497.54	10514.18	10018.92	10442.59	155982752.00	517257428992
2015/05/15	10550.85	11441.20	10468.75	11110.76	206752512.00	629923315712
2015/05/22	11086.85	12290.82	11086.85	12115.61	179312384.00	566065889280
2015/05/29	11977.74	12777.22	11499.71	12098.99	220285984.00	670471094272
2015/06/05	12238.09	13311.28	12224.58	13049.39	188272000.00	610331000832
2015/06/12	13025.25	13575.92	12640.60	13519.16	200206960.00	644155703296
2015/06/19	13605.38	13605.91	11600.06	11638.97	191686544.00	541652156416
2015/06/26	11602.97	12093.60	10402.13	10455.76	146716960.00	389280235520
2015/07/03	10673.98	10840.75	8924.22	9327.88	244357152.00	588478808064
2015/07/10	10075.30	10080.80	8327.69	9314.38	232597952.00	614404915200
2015/07/17	9622.69	10238.82	9024.26	10125.86	203591040.00	496888446976
2015/07/24	10154.52	10699.89	9971.17	10385.00	194732080.00	470337781760
2015/07/31	10167.68	10442.18	9025.60	9566.25	193595904.00	426965991424
2015/08/07	9426.26	9931.76	9246.44	9797.74	117358960.00	260900945920
2015/08/14	9879.93	10393.09	9838.06	10284.25	142362144.00	322112651264
2015/08/21	10252.61	10476.36	9088.81	9103.49	161710640.00	359117815808
2015/08/28	8680.80	8719.02	7518.27	8483.49	190272464.00	347126890496
2015/09/02	8342.70	8342.70	7676.59	8063.71	109019608.00	202593402880
2015/09/11	8090.66	8569.78	7816.36	8339.83	131294208.00	235722719232
2015/09/18	8387.27	8399.30	7587.47	8039.19	119098704.00	205518831616
2015/09/25	7954.73	8402.24	7935.10	8075.71	95584000.00	174401568768
2015/09/30	8088.36	8244.56	8001.57	8116.09	37681132.00	73898582016
2015/10/09	8414.10	8543.13	8361.21	8508.46	42050176.00	81984585728
2015/10/16	8537.12	9084.78	8532.27	9078.36	135420560.00	259204939776
2015/10/23	9121.88	9416.91	8756.91	9398.13	163536288.00	327547944960
2015/10/30	9505.52	9505.86	9059.95	9220.30	135535136.00	289503379456
2015/11/06	9070.60	9764.97	9021.23	9753.96	155813584.00	351247138816
2015/11/13	9708.48	10002.16	9623.85	9664.57	168173472.00	377604145152
2015/11/20	9477.66	9898.73	9474.48	9840.44	126656912.00	291395403776
2015/11/27	9845.54	10116.54	9383.28	9450.07	120653984.00	287136382976
2015/12/04	9476.98	9870.98	9141.61	9726.80	109441552.00	258507620352
2015/12/11	9759.57	9919.72	9597.47	9611.31	96569400.00	217058377728
2015/12/18	9515.57	10137.99	9507.68	10114.89	106031312.00	250984742912
2015/12/25	10098.08	10461.82	10058.32	10228.15	125189624.00	281770262528
2015/12/31	10235.20	10273.83	9888.54	9919.09	69901320.00	162442756096
2016/01/08	9885.17	9891.46	8086.22	8490.63	84312720.00	178172674048
2016/01/15	8319.56	8474.98	7593.75	7840.18	89438176.00	177374412800
2016/01/22	7688.57	8228.24	7647.43	7854.84	82378904.00	163099492352
2016/01/29	7917.21	8002.57	7005.23	7372.44	77379760.00	135955791872
2016/02/05	7354.08	7753.23	7216.77	7655.19	59720892.00	108450578432
2016/02/19	7441.18	8051.98	7441.18	7968.84	76596000.00	140316049408
2016/02/26	8069.01	8126.43	7249.17	7376.97	84834928.00	148893089792
2016/03/04	7338.82	7563.15	6869.70	7315.13	91579376.00	152022941696
2016/03/11	7375.20	7520.09	7153.34	7290.40	60137940.00	106209009664
2016/03/18	7372.83	7951.04	7372.83	7890.35	89943328.00	168593195008
2016/03/25	7976.29	8082.58	7926.01	8026.96	101820632.00	200892104704
2016/04/01	8062.00	8172.54	7763.61	8051.51	80822976.00	159750094848
2016/04/08	8041.65	8279.13	7972.31	8049.21	67652256.00	124407308288
2016/04/15	8110.02	8365.81	8110.02	8309.37	79578840.00	157248405504
2016/04/22	8258.53	8258.53	7736.01	7862.31	67041860.00	125772808192
2016/04/29	7836.64	7951.50	7721.11	7899.17	44272692.00	84771864576
2016/05/06	7900.95	8181.13	7868.20	7892.84	61023096.00	102810517504
2016/05/13	7828.89	7864.18	7566.30	7685.30	67182096.00	105111838720
2016/05/20	7656.90	7838.07	7551.09	7679.17	53355784.00	88835162112
2016/05/27	7689.24	7764.11	7524.06	7679.61	55233048.00	81673011200
2016/06/03	7642.11	8078.14	7579.24	8046.32	82067928.00	144900243456
2016/06/08	8072.20	8081.53	7924.31	7965.67	41417376.00	84398112768
2016/06/17	7869.63	7896.97	7510.01	7742.74	69875048.00	128227581952
2016/06/24	7738.47	7827.12	7511.25	7661.69	63571840.00	115930382336
2016/07/01	7609.72	8036.12	7607.80	7959.80	69982048.00	138579542016
2016/07/08	7921.71	8191.63	7912.39	8104.99	77680856.00	141920534528
2016/07/15	8131.02	8428.42	8093.06	8389.32	97838232.00	183912071168
2016/07/22	8377.61	8449.76	8270.09	8315.52	71866024.00	143959506944
2016/07/29	8300.40	8494.60	8072.88	8189.44	82644456.00	163185164288
2016/08/05	8168.14	8172.46	7994.42	8116.86	61033056.00	103687700480
2016/08/12	8099.38	8287.12	8057.84	8250.78	68608488.00	121121734656
2016/08/19	8258.51	8501.60	8230.36	8446.08	105810376.00	196674256896
2016/08/26	8450.50	8480.72	8263.81	8368.29	68609128.00	127389564928
2016/09/02	8365.29	8403.70	8278.35	8325.80	59146120.00	111555985408
2016/09/09	8340.10	8453.88	8267.20	8360.05	56891132.00	108746915840
2016/09/14	8232.12	8241.58	8096.00	8134.77	34072476.00	64091033600
2016/09/23	8142.72	8304.32	8142.05	8238.84	38954704.00	76237217792
2016/09/30	8228.03	8228.03	8042.95	8146.90	32878780.00	62870331392
2016/10/14	8190.55	8351.34	8190.55	8312.44	44235664.00	84265877504
2016/10/21	8318.50	8377.16	8236.30	8301.52	47962448.00	89445015552
2016/10/28	8312.65	8398.27	8303.27	8328.29	54008980.00	102104031232
2016/11/04	8311.82	8394.18	8264.88	8339.84	47943084.00	96191971328
2016/11/11	8357.16	8422.39	8245.88	8403.68	57410724.00	115749232640
2016/11/18	8392.38	8493.21	8363.58	8370.85	59770880.00	112804495360
2016/11/25	8367.09	8494.24	8364.85	8494.24	69128912.00	136643215360
2016/12/02	8515.91	8554.69	8407.71	8413.13	101633872.00	188953346048
2016/12/09	8317.70	8415.85	8290.47	8304.67	74831232.00	125182853120
2016/12/16	8291.25	8292.03	7857.57	7949.45	56652744.00	104357847040
2016/12/23	7944.64	7945.10	7836.78	7849.98	42997460.00	67256451072
2016/12/30	7829.75	7893.12	7741.41	7874.08	34691340.00	62122057728
2017/01/06	7885.17	7997.45	7875.61	7910.15	32949080.00	61296463872
2017/01/13	7907.66	7942.05	7735.95	7754.61	36575032.00	65131683840
2017/01/20	7736.63	7777.55	7469.66	7761.61	44147936.00	87360626688
2017/01/26	7768.43	7845.48	7734.85	7844.96	23891420.00	49623236608
2017/02/03	7846.32	7854.80	7786.58	7794.86	5205261.00	10969543680
2017/02/10	7796.27	7893.14	7779.26	7852.91	35754952.00	71208534016
2017/02/17	7854.33	7924.32	7820.49	7837.91	47533740.00	86722543616
2017/02/24	7842.18	8088.30	7840.82	8083.75	64592624.00	107709038592
2017/03/03	8090.36	8109.78	7974.31	8022.89	56270760.00	101456764928
2017/03/10	8025.62	8127.49	7993.82	8027.88	46402192.00	87873593344
2017/03/17	8022.76	8135.67	7983.12	8050.97	57068384.00	114953166848
2017/03/24	8046.75	8176.38	8018.99	8155.20	61080296.00	131964469248
