'000978'	医药100 	周线
日期	开盘	最高	最低	收盘
2005/01/07	997.47	1001.45	981.83	989.81
2005/01/14	988.69	1006.56	984.84	992.87
2005/01/21	985.87	985.87	944.25	977.61
2005/01/28	991.37	998.58	946.90	950.19
2005/02/04	947.21	961.54	906.60	957.18
2005/02/18	960.16	970.00	957.13	957.65
2005/02/25	957.86	1022.24	957.86	1011.02
2005/03/04	1012.35	1015.51	987.26	994.81
2005/03/11	994.64	1030.23	991.45	1010.28
2005/03/18	1010.13	1017.41	950.64	953.22
2005/03/25	950.66	957.75	924.10	941.05
2005/04/01	939.60	945.02	891.11	938.45
2005/04/08	931.00	972.53	911.88	972.03
2005/04/15	975.05	980.87	934.32	936.76
2005/04/22	932.90	932.90	889.02	891.53
2005/04/29	880.10	905.86	869.07	891.71
2005/05/13	894.64	894.64	840.94	859.09
2005/05/20	857.50	880.22	853.15	874.36
2005/05/27	871.20	871.20	823.74	823.74
2005/06/03	820.31	833.25	783.31	796.74
2005/06/10	794.29	896.86	783.60	862.35
2005/06/17	862.61	874.31	816.91	829.77
2005/06/24	828.85	858.41	819.52	852.42
2005/07/01	858.52	878.81	804.77	804.77
2005/07/08	801.43	801.43	763.59	764.10
2005/07/15	765.37	782.59	747.66	751.58
2005/07/22	749.05	763.68	729.71	758.34
2005/07/29	758.46	794.27	750.75	784.10
2005/08/05	783.22	829.05	781.71	829.05
2005/08/12	833.61	880.70	833.61	859.35
2005/08/19	858.31	907.74	839.39	854.07
2005/08/26	853.06	886.12	848.00	884.47
2005/09/02	884.16	927.83	865.33	924.27
2005/09/09	925.04	940.72	902.03	925.03
2005/09/16	923.59	962.92	919.83	961.72
2005/09/23	961.66	974.25	917.27	920.90
2005/09/30	919.01	926.25	905.74	921.85
2005/10/14	921.34	941.27	907.14	930.28
2005/10/21	928.36	957.06	922.00	957.06
2005/10/28	960.58	963.81	881.47	890.53
2005/11/04	886.04	900.41	870.62	898.66
2005/11/11	901.54	929.99	895.96	904.62
2005/11/18	902.83	923.38	880.51	922.94
2005/11/25	927.42	932.14	912.32	918.23
2005/12/02	919.79	920.50	892.54	893.99
2005/12/09	893.53	893.53	856.94	877.51
2005/12/16	878.04	896.34	873.37	894.26
2005/12/23	894.15	898.15	882.68	898.15
2005/12/30	899.02	922.00	898.70	911.93
2006/01/06	912.41	946.63	910.14	944.28
2006/01/13	946.50	974.85	942.89	971.68
2006/01/20	970.91	977.37	950.64	974.02
2006/01/25	977.68	978.13	963.45	969.51
2006/02/10	971.25	999.07	970.84	999.07
2006/02/17	1001.75	1017.82	973.62	974.19
2006/02/24	972.73	982.26	950.66	981.76
2006/03/03	982.56	993.21	962.30	975.07
2006/03/10	975.82	978.31	938.36	945.45
2006/03/17	945.29	963.73	943.05	958.14
2006/03/24	957.72	994.91	954.36	984.79
2006/03/31	984.75	1004.65	979.11	991.35
2006/04/07	992.18	1040.52	992.18	1039.17
2006/04/14	1041.96	1081.01	1040.76	1075.11
2006/04/21	1074.53	1095.65	1060.43	1078.10
2006/04/28	1082.87	1096.16	1040.26	1092.18
2006/05/12	1097.78	1212.32	1097.78	1212.32
2006/05/19	1228.39	1312.73	1215.66	1310.36
2006/05/26	1322.56	1355.32	1219.53	1298.31
2006/06/02	1309.67	1427.52	1297.26	1415.65
2006/06/09	1423.38	1449.07	1290.42	1307.47
2006/06/16	1300.28	1364.32	1298.89	1362.68
2006/06/23	1353.48	1409.93	1353.48	1407.26
2006/06/30	1409.24	1464.98	1409.24	1454.30
2006/07/07	1456.75	1506.90	1435.53	1496.85
2006/07/14	1498.53	1510.72	1374.88	1399.83
2006/07/21	1395.29	1429.33	1387.76	1416.80
2006/07/28	1392.84	1465.69	1392.84	1438.77
2006/08/04	1434.41	1434.41	1307.27	1307.84
2006/08/11	1299.50	1338.53	1270.20	1337.19
2006/08/18	1337.00	1344.52	1286.95	1332.82
2006/08/25	1290.92	1366.22	1290.92	1359.38
2006/09/01	1360.72	1403.33	1360.11	1363.56
2006/09/08	1366.68	1403.49	1366.24	1382.96
2006/09/15	1384.66	1403.95	1372.62	1399.81
2006/09/22	1401.95	1443.70	1398.88	1428.82
2006/09/29	1426.99	1469.04	1411.66	1467.56
2006/10/13	1477.56	1524.60	1477.56	1508.70
2006/10/20	1510.97	1559.49	1494.20	1537.56
2006/10/27	1535.39	1539.12	1480.19	1486.43
2006/11/03	1478.99	1500.16	1457.81	1495.55
2006/11/10	1486.76	1492.67	1425.34	1430.90
2006/11/17	1428.78	1430.09	1362.64	1412.98
2006/11/24	1415.87	1450.52	1382.63	1448.16
2006/12/01	1448.54	1525.80	1448.54	1517.62
2006/12/08	1518.22	1558.52	1467.31	1467.48
2006/12/15	1474.70	1566.81	1470.41	1566.81
2006/12/22	1576.45	1685.12	1569.06	1639.90
2006/12/29	1656.67	1671.26	1600.57	1625.95
2007/01/05	1637.61	1673.76	1617.45	1673.76
2007/01/12	1675.48	1933.57	1675.48	1836.36
2007/01/19	1832.81	2181.47	1832.81	2177.55
2007/01/26	2183.16	2245.62	2020.14	2133.63
2007/02/02	2148.52	2230.60	2070.14	2114.53
2007/02/09	2109.52	2284.44	2107.01	2276.70
2007/02/16	2284.33	2569.89	2284.33	2525.22
2007/03/02	2537.82	2618.45	2300.94	2395.37
2007/03/09	2397.59	2570.44	2320.26	2538.79
2007/03/16	2538.42	2684.30	2520.95	2620.57
2007/03/23	2533.42	2800.06	2533.42	2798.89
2007/03/30	2812.02	2948.83	2752.33	2787.03
2007/04/06	2795.69	3082.26	2795.69	3081.20
2007/04/13	3118.24	3295.61	3066.39	3245.66
2007/04/20	3251.00	3541.23	3251.00	3535.14
2007/04/27	3586.83	3797.84	3586.83	3765.78
2007/04/30	3767.96	3846.04	3767.96	3836.46
2007/05/11	3859.96	4062.57	3852.25	4059.86
2007/05/18	4006.00	4263.53	3888.75	4241.11
2007/05/25	4100.02	4576.28	4100.02	4569.69
2007/06/01	4645.67	4812.07	3978.09	3979.72
2007/06/08	3925.17	4078.03	3332.62	4046.64
2007/06/15	4098.89	4419.05	4074.76	4356.24
2007/06/22	4423.52	4611.05	4180.27	4222.36
2007/06/29	4228.46	4228.46	3566.73	3625.63
2007/07/06	3602.93	3784.52	3372.94	3651.69
2007/07/13	3690.24	3782.13	3631.52	3713.58
2007/07/20	3691.71	3765.14	3548.20	3763.48
2007/07/27	3773.27	4203.62	3773.27	4203.62
2007/08/03	4216.01	4387.30	4120.20	4347.23
2007/08/10	4373.62	4449.76	4196.50	4278.14
2007/08/17	4280.55	4464.98	4220.67	4372.02
2007/08/24	4451.53	4814.02	4451.53	4780.65
2007/08/31	4826.06	4868.81	4592.32	4849.05
2007/09/07	4909.55	4965.34	4827.30	4829.37
2007/09/14	4790.32	4943.62	4544.23	4864.14
2007/09/21	4848.32	5005.31	4841.14	4950.58
2007/09/28	4953.36	4969.17	4798.99	4957.15
2007/10/12	5004.35	5018.07	4594.62	4788.93
2007/10/19	4801.31	4852.25	4645.00	4750.73
2007/10/26	4730.76	4801.68	4125.41	4246.54
2007/11/02	4264.91	4541.67	4196.36	4268.30
2007/11/09	4249.86	4384.48	4090.73	4136.70
2007/11/16	4080.48	4292.26	4009.04	4259.10
2007/11/23	4266.34	4468.20	4203.80	4330.56
2007/11/30	4380.95	4437.93	4214.89	4254.91
2007/12/07	4238.23	4484.27	4238.23	4484.27
2007/12/14	4436.74	4840.81	4436.74	4777.98
2007/12/21	4793.69	5005.13	4793.69	5005.13
2007/12/28	5035.50	5379.88	5035.50	5310.97
2008/01/04	5328.65	5604.25	5321.33	5547.52
2008/01/11	5539.24	5625.84	5400.61	5492.12
2008/01/18	5493.65	5807.84	5447.83	5602.19
2008/01/25	5605.76	5605.76	4842.58	5275.96
2008/02/01	5255.81	5255.81	4509.14	4636.92
2008/02/05	4744.21	5079.63	4744.21	5028.02
2008/02/15	4986.47	5192.23	4951.98	5165.63
2008/02/22	5230.29	5458.47	5202.74	5306.13
2008/02/29	5314.37	5359.23	5028.61	5359.23
2008/03/07	5354.37	5684.77	5354.37	5426.44
2008/03/14	5385.92	5403.65	4919.66	5012.36
2008/03/21	4990.11	4990.11	4226.85	4697.10
2008/03/28	4746.80	4789.59	4215.46	4521.51
2008/04/03	4422.91	4451.52	3631.77	3844.52
2008/04/11	3816.12	4204.02	3816.12	4095.08
2008/04/18	4023.08	4023.08	3609.14	3613.78
2008/04/25	3873.52	4173.74	3410.76	4063.81
2008/04/30	4012.67	4201.56	3971.07	4195.76
2008/05/09	4237.82	4449.66	4137.90	4395.22
2008/05/16	4342.25	5024.28	4342.25	4677.08
2008/05/23	4661.81	4808.44	4182.43	4304.28
2008/05/30	4265.64	4396.71	4196.80	4261.39
2008/06/06	4257.97	4343.26	4099.28	4117.19
2008/06/13	3959.08	3959.08	3528.18	3532.19
2008/06/20	3535.36	3553.62	3090.69	3283.58
2008/06/27	3236.15	3605.24	3228.84	3356.59
2008/07/04	3324.59	3592.13	3306.09	3539.24
2008/07/11	3544.88	3877.44	3544.88	3748.35
2008/07/18	3722.13	3858.22	3472.86	3678.57
2008/07/25	3662.18	3863.76	3662.18	3820.39
2008/08/01	3844.78	3886.76	3621.83	3735.09
2008/08/08	3720.11	3735.48	3306.04	3306.09
2008/08/15	3300.14	3300.14	2957.36	3082.78
2008/08/22	3088.57	3145.87	2837.18	2933.58
2008/08/29	2929.45	2962.91	2688.64	2824.62
2008/09/05	2807.08	2807.08	2643.12	2645.16
2008/09/12	2642.42	2642.42	2497.05	2546.24
2008/09/19	2547.39	2667.56	2306.97	2667.56
2008/09/26	2820.15	2905.81	2544.13	2705.15
2008/10/10	2656.24	2694.15	2447.20	2454.30
2008/10/17	2428.64	2584.43	2341.03	2372.21
2008/10/24	2372.71	2491.15	2356.42	2420.94
2008/10/31	2392.12	2392.12	2212.32	2221.47
2008/11/07	2210.65	2266.90	2163.53	2242.63
2008/11/14	2269.55	2590.67	2269.55	2590.67
2008/11/21	2589.92	2717.46	2477.09	2645.85
2008/11/28	2659.53	2773.56	2534.15	2600.82
2008/12/05	2592.94	2918.50	2577.07	2911.74
2008/12/12	2940.71	3051.40	2791.29	2834.30
2008/12/19	2867.05	3145.09	2834.20	3123.43
2008/12/26	3129.84	3178.24	2894.63	2923.10
2008/12/31	2908.83	2961.98	2839.67	2918.78
2009/01/09	2954.12	3177.55	2951.99	3177.55
2009/01/16	3168.76	3241.51	3085.84	3199.45
2009/01/23	3220.76	3351.31	3159.33	3265.33
2009/02/06	3284.67	3485.31	3255.72	3485.10
2009/02/13	3516.30	3865.82	3468.10	3864.85
2009/02/20	3886.80	3897.48	3673.44	3858.93
2009/02/27	3848.20	3989.78	3366.23	3409.48
2009/03/06	3382.77	3836.52	3382.77	3745.59
2009/03/13	3752.84	3784.16	3526.65	3628.55
2009/03/20	3623.99	3883.72	3600.94	3825.96
2009/03/27	3828.20	3968.23	3786.09	3896.88
2009/04/03	3902.92	4033.43	3830.26	3952.25
2009/04/10	4030.12	4063.98	3809.57	3995.77
2009/04/17	4020.65	4217.44	3996.66	4154.44
2009/04/24	4150.31	4273.26	3988.39	4058.12
2009/04/30	4127.37	4336.24	4030.31	4305.60
2009/05/08	4319.06	4388.99	4227.81	4291.12
2009/05/15	4330.13	4447.40	4186.73	4439.11
2009/05/22	4441.68	4441.68	4246.99	4265.16
2009/05/27	4177.04	4283.95	4126.49	4232.55
2009/06/05	4255.06	4349.02	4250.30	4314.24
2009/06/12	4323.45	4504.12	4249.86	4392.43
2009/06/19	4392.64	4734.57	4370.94	4645.99
2009/06/26	4634.33	4634.33	4453.55	4547.93
2009/07/03	4553.92	4605.87	4532.69	4592.96
2009/07/10	4595.26	4818.70	4549.12	4777.74
2009/07/17	4772.83	4937.59	4772.83	4871.47
2009/07/24	4884.78	4998.50	4852.66	4958.61
2009/07/31	4968.01	5059.91	4697.74	4927.38
2009/08/07	4938.77	5165.72	4920.51	5004.32
2009/08/14	5056.45	5133.99	4672.35	4672.37
2009/08/21	4619.69	4669.93	4381.30	4669.36
2009/08/28	4678.37	5130.31	4678.37	4877.41
2009/09/04	4825.04	4859.05	4498.38	4858.17
2009/09/11	4912.70	5111.82	4909.33	5063.93
2009/09/18	5085.95	5371.03	5064.57	5262.70
2009/09/25	5226.49	5449.62	4980.94	5023.36
2009/09/30	5039.33	5127.69	4774.48	4946.10
2009/10/09	5007.59	5157.69	5007.59	5156.16
2009/10/16	5166.46	5283.87	5109.26	5275.06
2009/10/23	5315.05	5428.63	5315.05	5420.48
2009/10/30	5461.06	5687.98	5393.09	5658.60
2009/11/06	5673.84	6189.67	5673.84	6071.58
2009/11/13	6053.02	6294.21	5958.27	6294.21
2009/11/20	6309.88	6701.59	6309.88	6651.09
2009/11/27	6640.81	6747.31	6094.99	6142.69
2009/12/04	6181.99	6642.80	6181.99	6417.79
2009/12/11	6419.60	6505.50	6360.02	6415.65
2009/12/18	6412.54	6569.50	6044.94	6054.85
2009/12/25	6036.20	6370.52	5976.89	6345.62
2009/12/31	6370.94	6465.42	6337.55	6461.68
2010/01/08	6480.98	6565.14	6311.55	6394.50
2010/01/15	6404.29	6843.95	6362.08	6823.16
2010/01/22	6822.52	6977.52	6531.75	6634.26
2010/01/29	6589.42	6652.09	6288.93	6562.31
2010/02/05	6544.77	6659.87	6335.79	6487.56
2010/02/12	6475.81	6628.86	6427.21	6624.93
2010/02/26	6609.53	7029.56	6564.44	6992.74
2010/03/05	6994.21	7090.06	6808.28	6877.64
2010/03/12	6891.32	6958.27	6670.01	6672.77
2010/03/19	6650.48	6816.48	6585.78	6805.08
2010/03/26	6813.63	6859.60	6753.41	6836.73
2010/04/02	6867.02	7079.80	6855.55	7078.17
2010/04/09	7095.06	7359.39	7085.14	7359.02
2010/04/16	7379.15	7642.82	7311.40	7475.15
2010/04/23	7429.72	7879.17	7244.96	7730.77
2010/04/30	7737.28	7802.17	6983.17	7134.70
2010/05/07	7008.22	7536.05	7008.22	7221.62
2010/05/14	7206.53	7268.10	6572.31	7031.88
2010/05/21	6948.37	6958.54	6290.45	6548.40
2010/05/28	6576.13	7165.17	6576.13	7148.47
2010/06/04	7130.59	7322.89	6733.83	6980.80
2010/06/11	6848.87	7233.19	6848.87	7100.47
2010/06/18	7125.45	7125.45	6397.84	6435.11
2010/06/25	6381.77	6601.88	6314.82	6376.64
2010/07/02	6358.28	6372.62	5422.86	5629.52
2010/07/09	5556.24	6073.73	5508.64	6067.99
2010/07/16	6052.24	6104.85	5769.14	5908.32
2010/07/23	5854.86	6393.60	5854.86	6382.18
2010/07/30	6390.38	6641.63	6376.01	6599.71
2010/08/06	6601.42	6964.77	6561.57	6964.77
2010/08/13	6978.17	7120.63	6870.43	7072.00
2010/08/20	7099.19	7331.60	7032.20	7032.41
2010/08/27	7016.49	7178.42	6986.72	7178.42
2010/09/03	7213.99	7572.85	7213.99	7546.89
2010/09/10	7576.09	7956.58	7429.83	7956.58
2010/09/17	7995.25	8001.11	7537.58	7678.95
2010/09/21	7671.49	7671.49	7467.08	7536.35
2010/09/30	7579.95	7780.43	7579.95	7750.56
2010/10/08	7795.28	7918.81	7795.28	7903.27
2010/10/15	7913.21	7913.21	7318.99	7366.87
2010/10/22	7358.31	7775.32	7111.66	7757.45
2010/10/29	7773.26	8384.22	7770.14	7999.68
2010/11/05	8026.09	8352.70	8026.09	8352.70
2010/11/12	8385.07	9143.85	8324.97	8330.01
2010/11/19	8360.96	9037.00	8026.96	8520.69
2010/11/26	8479.61	9201.55	8479.61	9046.77
2010/12/03	9057.07	9259.08	8538.74	8615.12
2010/12/10	8624.73	8698.41	8370.12	8545.79
2010/12/17	8581.01	8856.06	8581.01	8796.03
2010/12/24	8801.73	8820.14	8211.82	8261.37
2010/12/31	8298.76	8326.81	7764.80	8211.91
2011/01/07	8242.41	8386.16	8173.44	8188.07
2011/01/14	8181.16	8181.16	7742.67	7796.28
2011/01/21	7748.30	7748.30	7275.64	7324.40
2011/01/28	7318.10	7369.43	7021.82	7369.43
2011/02/01	7359.56	7447.96	7331.08	7443.10
2011/02/11	7410.81	7765.53	7379.87	7746.09
2011/02/18	7763.79	7923.58	7763.79	7853.04
2011/02/25	7809.10	7968.34	7731.96	7871.84
2011/03/04	7876.19	8083.73	7813.04	7898.04
2011/03/11	7913.18	8076.86	7858.37	8003.80
2011/03/18	8003.65	8252.34	8003.65	8075.21
2011/03/25	8056.20	8061.68	7837.81	8044.13
2011/04/01	8050.12	8062.08	7656.56	7750.26
2011/04/08	7734.03	7881.24	7690.25	7880.39
2011/04/15	7893.24	8026.74	7796.63	7965.60
2011/04/22	7952.49	8193.30	7870.68	8020.93
2011/04/29	7992.34	7993.32	7379.46	7505.48
2011/05/06	7509.56	7681.73	7487.07	7653.27
2011/05/13	7665.09	7745.59	7512.47	7627.49
2011/05/20	7628.28	7684.38	7521.32	7628.75
2011/05/27	7606.84	7607.44	6893.78	6902.45
2011/06/03	6879.89	7074.88	6811.38	7061.28
2011/06/10	7050.04	7219.18	6883.96	7017.73
2011/06/17	6975.63	7071.28	6734.55	6741.14
2011/06/24	6720.23	7026.47	6577.11	6989.91
2011/07/01	7001.55	7195.60	6999.99	7157.71
2011/07/08	7177.96	7518.51	7177.96	7416.51
2011/07/15	7393.83	7888.07	7364.37	7888.07
2011/07/22	7902.89	8050.95	7691.40	7738.52
2011/07/29	7704.62	7704.62	7364.44	7494.85
2011/08/05	7475.59	7550.86	7206.98	7356.50
2011/08/12	7259.83	7405.19	6700.46	7369.46
2011/08/19	7386.10	7480.84	7071.53	7207.40
2011/08/26	7200.33	7441.90	7114.09	7429.50
2011/09/02	7399.21	7487.91	7136.02	7168.93
2011/09/09	7109.80	7145.78	6891.63	6966.91
2011/09/16	6880.22	6943.00	6736.66	6887.23
2011/09/23	6871.60	6983.07	6627.09	6710.06
2011/09/30	6690.97	6736.85	6280.33	6330.93
2011/10/14	6341.04	6613.29	6237.34	6550.45
2011/10/21	6573.60	6600.41	6052.28	6059.68
2011/10/28	6059.53	6485.30	5963.61	6485.30
2011/11/04	6474.70	6835.19	6437.09	6760.93
2011/11/11	6749.06	6831.09	6611.86	6756.84
2011/11/18	6802.48	6987.02	6615.92	6636.40
2011/11/25	6622.73	6667.41	6527.31	6590.47
2011/12/02	6592.03	6805.04	6457.76	6629.15
2011/12/09	6607.82	6607.82	6277.77	6307.54
2011/12/16	6297.77	6321.68	5803.81	5994.27
2011/12/23	5964.48	6063.59	5712.92	5868.76
2011/12/30	5852.08	5897.10	5448.58	5647.04
2012/01/06	5683.06	5700.17	5087.57	5214.37
2012/01/13	5213.14	5637.87	5152.26	5354.22
2012/01/20	5312.61	5422.98	5104.35	5391.47
2012/02/03	5396.34	5547.08	5315.48	5535.37
2012/02/10	5544.86	5720.39	5452.51	5692.80
2012/02/17	5657.81	5915.55	5627.89	5820.89
2012/02/24	5886.90	6065.57	5740.70	6065.57
2012/03/02	6076.24	6157.58	5901.76	6025.89
2012/03/09	6042.72	6066.59	5873.32	6065.93
2012/03/16	6082.58	6287.16	5834.95	6153.91
2012/03/23	6160.72	6256.52	5883.73	5910.14
2012/03/30	5898.28	5965.61	5467.79	5506.58
2012/04/06	5508.71	5689.67	5493.39	5658.95
2012/04/13	5646.89	5835.60	5488.00	5816.85
2012/04/20	5779.74	5954.83	5753.22	5950.57
2012/04/27	5957.67	5957.77	5661.45	5786.93
2012/05/04	5857.83	6061.97	5824.04	6057.68
2012/05/11	6043.91	6174.89	5988.68	6140.07
2012/05/18	6173.79	6314.24	5994.19	6003.13
2012/05/25	5986.35	6130.49	5933.64	5950.30
2012/06/01	5922.89	6146.16	5842.41	6139.87
2012/06/08	6055.76	6198.80	5991.09	5999.58
2012/06/15	5995.67	6370.67	5980.13	6307.59
2012/06/21	6326.84	6488.01	6192.40	6240.04
2012/06/29	6212.88	6274.53	6034.65	6251.64
2012/07/06	6282.13	6448.45	6170.82	6409.58
2012/07/13	6381.09	6480.70	6160.32	6448.44
2012/07/20	6447.55	6454.31	6086.92	6290.46
2012/07/27	6256.16	6333.61	6050.34	6086.45
2012/08/03	6074.37	6237.17	5899.85	6237.15
2012/08/10	6217.78	6504.47	6206.49	6490.28
2012/08/17	6485.86	6534.13	6218.01	6288.25
2012/08/24	6253.21	6495.43	6217.53	6337.99
2012/08/31	6308.62	6308.82	5923.17	6013.97
2012/09/07	5998.53	6386.29	5988.26	6334.67
2012/09/14	6339.53	6438.58	6292.70	6334.06
2012/09/21	6336.63	6338.09	5975.96	5988.79
2012/09/28	5959.61	6062.83	5852.14	6062.15
2012/10/12	6061.57	6305.07	6032.52	6204.89
2012/10/19	6214.50	6386.01	6186.71	6330.97
2012/10/26	6306.99	6370.78	6006.56	6066.53
2012/11/02	6058.31	6255.70	6035.13	6254.34
2012/11/09	6252.67	6274.76	6007.73	6021.43
2012/11/16	6011.67	6040.18	5772.73	5810.09
2012/11/23	5800.58	5817.88	5682.25	5724.59
2012/11/30	5718.34	5720.73	5353.86	5422.96
2012/12/07	5417.92	5562.41	5184.26	5561.44
2012/12/14	5560.75	5678.91	5480.43	5672.87
2012/12/21	5662.74	5717.06	5588.43	5707.43
2012/12/28	5701.28	5997.56	5697.55	5997.56
2013/01/04	6008.68	6087.20	5918.42	5966.60
2013/01/11	6010.65	6289.58	6010.65	6191.35
2013/01/18	6207.74	6645.39	6207.74	6638.13
2013/01/25	6651.54	6681.75	6413.66	6560.24
2013/02/01	6550.38	6770.12	6550.38	6728.71
2013/02/08	6736.58	7049.45	6559.46	7021.76
2013/02/22	7051.31	7370.05	6996.06	7111.01
2013/03/01	7105.55	7359.87	7024.29	7359.20
2013/03/08	7324.58	7669.42	7177.75	7284.78
2013/03/15	7268.14	7334.11	6955.88	7177.26
2013/03/22	7178.57	7368.90	6966.17	7363.85
2013/03/29	7364.56	7420.12	7196.27	7279.19
2013/04/03	7346.43	7391.64	7097.01	7178.40
2013/04/12	7214.19	7330.97	6966.66	6969.72
2013/04/19	6995.11	7224.26	6832.67	7205.78
2013/04/26	7233.06	7325.35	7040.86	7053.35
2013/05/03	7028.79	7282.01	6993.01	7278.85
2013/05/10	7294.03	7500.84	7293.29	7491.09
2013/05/17	7488.36	7708.14	7402.68	7679.92
2013/05/24	7660.35	7709.27	7414.46	7700.35
2013/05/31	7700.77	8163.57	7699.89	8073.47
2013/06/07	8072.45	8123.15	7536.41	7614.85
2013/06/14	7510.44	7676.44	7268.77	7660.86
2013/06/21	7669.23	7810.94	7175.09	7390.32
2013/06/28	7372.38	7373.86	6488.09	7080.77
2013/07/05	7059.07	7623.00	7030.28	7418.84
2013/07/12	7319.60	7738.03	7159.33	7626.62
2013/07/19	7629.38	7927.76	7620.08	7621.10
2013/07/26	7598.96	8168.32	7576.64	7918.85
2013/08/02	7873.67	7997.70	7629.17	7943.67
2013/08/09	7939.14	8317.83	7935.69	8273.01
2013/08/16	8280.34	8329.05	7792.07	7801.64
2013/08/23	7760.83	8038.18	7757.24	7995.30
2013/08/30	7999.01	8190.54	7857.35	7890.83
2013/09/06	7874.65	8153.39	7870.92	8142.58
2013/09/13	8129.99	8138.29	7939.39	8053.24
2013/09/18	8069.89	8155.01	8033.23	8147.16
2013/09/27	8150.04	8557.46	8147.81	8535.22
2013/09/30	8549.58	8602.41	8522.73	8601.12
2013/10/11	8593.71	8688.48	8546.44	8667.35
2013/10/18	8655.87	8858.56	8438.85	8523.01
2013/10/25	8546.69	8786.61	8190.81	8241.31
2013/11/01	8250.86	8266.55	7840.61	8045.96
2013/11/08	8051.55	8091.20	7705.67	7719.51
2013/11/15	7719.92	8169.55	7685.25	8108.96
2013/11/22	8165.91	8240.86	8140.73	8151.06
2013/11/29	8127.73	8440.64	8105.62	8436.80
2013/12/06	8240.07	8352.76	7997.40	8287.52
2013/12/13	8300.64	8348.32	8176.38	8330.26
2013/12/20	8329.90	8390.17	8197.12	8281.66
2013/12/27	8300.30	8566.18	8300.30	8536.29
2014/01/03	8547.30	8759.58	8511.63	8703.41
2014/01/10	8693.58	8772.36	8446.29	8454.45
2014/01/17	8455.43	8696.83	8385.91	8539.38
2014/01/24	8519.79	8847.29	8352.18	8843.40
2014/01/30	8824.61	8888.45	8769.06	8865.84
2014/02/07	8824.02	8950.04	8795.84	8949.35
2014/02/14	8972.15	9307.39	8972.15	9307.02
2014/02/21	9329.24	9587.93	9319.33	9402.26
2014/02/28	9379.68	9669.51	8883.82	9095.38
2014/03/07	9083.85	9280.60	9050.74	9228.98
2014/03/14	9173.02	9173.02	8863.16	9070.62
2014/03/21	9075.01	9388.88	8899.97	9141.83
2014/03/28	9127.84	9235.06	8786.45	8811.95
2014/04/04	8798.69	8881.69	8705.42	8869.61
2014/04/11	8845.81	9097.49	8827.35	9071.23
2014/04/18	9074.16	9133.92	8991.20	9074.64
2014/04/25	9023.38	9095.81	8539.16	8551.58
2014/04/30	8514.78	8514.78	8277.46	8483.28
2014/05/09	8478.71	8626.24	8320.22	8361.89
2014/05/16	8396.26	8498.25	8217.38	8293.49
2014/05/23	8270.10	8452.37	8179.39	8447.02
2014/05/30	8468.61	8769.19	8468.04	8638.24
2014/06/06	8650.71	8699.37	8513.32	8673.07
2014/06/13	8664.38	8814.00	8579.73	8798.61
2014/06/20	8800.60	8813.70	8465.10	8558.39
2014/06/27	8571.97	8844.24	8570.49	8812.84
2014/07/04	8820.16	9221.03	8812.62	9153.07
2014/07/11	9145.16	9180.01	9008.18	9061.09
2014/07/18	9054.40	9161.80	8926.02	8990.06
2014/07/25	8983.30	9090.66	8833.74	8957.39
2014/08/01	8979.59	9438.13	8979.59	9302.93
2014/08/08	9322.00	9470.86	9282.20	9382.94
2014/08/15	9414.05	9520.93	9399.24	9491.80
2014/08/22	9514.79	9700.02	9512.79	9690.65
2014/08/29	9695.38	9701.80	9361.49	9483.77
2014/09/05	9492.53	9870.57	9490.48	9869.25
2014/09/12	9883.42	10054.68	9837.87	9998.72
2014/09/19	9996.80	10098.20	9701.80	10090.62
2014/09/26	10093.77	10208.12	9967.11	10182.19
2014/09/30	10211.94	10352.28	10208.22	10345.75
2014/10/10	10369.89	10699.37	10356.41	10628.88
2014/10/17	10616.92	11100.28	10418.93	10611.32
2014/10/24	10653.02	10791.95	10206.17	10314.22
2014/10/31	10280.86	10819.43	10258.44	10647.16
2014/11/07	10640.33	10641.93	10406.39	10447.14
2014/11/14	10465.48	10491.43	10084.33	10176.14
2014/11/21	10214.27	10377.11	10169.05	10357.74
2014/11/28	10414.31	10582.99	10323.80	10554.58
2014/12/05	10555.77	10813.18	10395.30	10594.84
2014/12/12	10540.79	10684.63	10203.85	10683.76
2014/12/19	10658.94	10972.29	10336.50	10463.28
2014/12/26	10431.53	10432.03	9932.15	10223.76
2014/12/31	10217.65	10217.65	9846.23	10021.70
2015/01/09	10025.44	10457.43	9896.52	10331.97
2015/01/16	10295.71	10544.29	10195.60	10543.74
2015/01/23	10370.71	11122.15	10317.58	10982.83
2015/01/30	11003.50	11278.65	10897.60	10938.43
2015/02/06	10849.61	11079.58	10741.21	10773.35
2015/02/13	10763.52	11231.25	10678.03	11198.23
2015/02/17	11234.31	11474.67	11231.71	11454.06
2015/02/27	11481.16	11567.94	11415.19	11540.90
2015/03/06	11553.20	12302.11	11512.18	11857.41
2015/03/13	11827.54	12218.28	11775.21	12200.45
2015/03/20	12281.16	13041.66	12281.16	13019.47
2015/03/27	13058.76	13695.11	12968.14	13636.57
2015/04/03	13673.01	14685.22	13673.01	14682.83
2015/04/10	14743.81	15466.73	14278.18	15449.93
2015/04/17	15609.50	16428.19	15264.90	15743.95
2015/04/24	15673.87	16275.82	15130.08	16198.44
2015/04/30	16297.22	16430.71	15610.03	16101.84
2015/05/08	16114.37	16118.79	15368.04	15970.31
2015/05/15	16104.46	17219.41	16004.92	16999.44
2015/05/22	17035.42	19286.36	17028.07	18895.02
2015/05/29	18691.65	20093.30	18086.90	19170.61
2015/06/05	19451.46	21274.84	19451.46	20982.67
2015/06/12	21024.25	21804.28	20281.05	21707.97
2015/06/19	21779.07	21786.16	18663.08	18750.72
2015/06/26	18716.98	19612.79	17172.18	17249.76
2015/07/03	17603.77	17775.24	14497.43	15022.94
2015/07/10	16131.82	16131.82	13230.50	14698.40
2015/07/17	15318.59	16506.09	14461.26	16392.16
2015/07/24	16434.24	17425.97	16152.30	16876.83
2015/07/31	16479.59	16890.13	14534.89	15366.28
2015/08/07	15161.70	16004.72	14762.55	15884.02
2015/08/14	16037.01	16813.84	15981.57	16717.07
2015/08/21	16659.35	17070.34	14783.13	14837.29
2015/08/28	14139.27	14195.46	12169.48	13695.86
2015/09/02	13545.60	13546.25	12023.26	12635.98
2015/09/11	12719.58	13628.85	12499.81	13287.10
2015/09/18	13324.46	13358.00	11923.98	12536.48
2015/09/25	12408.14	13191.26	12348.10	12685.15
2015/09/30	12682.08	12972.25	12552.15	12758.33
2015/10/09	13273.14	13492.03	13195.87	13449.84
2015/10/16	13459.52	14250.55	13452.62	14128.60
2015/10/23	14160.51	15065.36	13673.66	15046.09
2015/10/30	15230.13	15232.53	14445.35	14672.60
2015/11/06	14399.52	15208.25	14231.43	15196.70
2015/11/13	15133.79	15908.29	15019.59	15371.87
2015/11/20	15075.18	15822.78	15059.73	15603.68
2015/11/27	15595.75	16011.59	14728.68	14841.80
2015/12/04	14859.93	15339.88	14239.94	15160.83
2015/12/11	15181.91	15380.22	14834.53	14867.81
2015/12/18	14756.97	15834.27	14719.78	15783.07
2015/12/25	15819.82	16424.91	15808.25	16209.89
2015/12/31	16243.84	16290.09	15679.17	15836.36
2016/01/08	15799.54	15799.54	12934.95	13575.54
2016/01/15	13310.27	13506.97	12003.99	12450.05
2016/01/22	12251.22	13199.90	12239.16	12669.05
2016/01/29	12755.14	12868.65	11244.12	11742.01
2016/02/05	11708.24	12343.71	11486.48	12214.62
2016/02/19	11896.99	12913.51	11882.00	12776.59
2016/02/26	12929.83	13007.25	11854.55	12051.12
2016/03/04	12006.39	12297.11	11319.19	11807.17
2016/03/11	11882.93	12107.31	11604.25	11737.91
2016/03/18	11863.78	12716.29	11863.78	12669.53
2016/03/25	12794.66	12983.91	12651.97	12791.63
2016/04/01	12842.10	13065.40	12405.09	12845.16
2016/04/08	12841.13	13374.02	12821.22	13008.19
2016/04/15	13129.27	13527.97	13129.27	13402.92
2016/04/22	13333.58	13333.58	12397.31	12633.56
2016/04/29	12601.81	12819.07	12403.10	12650.39
2016/05/06	12624.46	13131.39	12569.92	12625.61
2016/05/13	12528.28	12629.63	12110.25	12343.12
2016/05/20	12303.62	12714.18	12143.22	12384.14
2016/05/27	12420.81	12512.35	12046.12	12295.58
2016/06/03	12226.16	12953.74	12108.45	12902.72
2016/06/08	12920.88	12955.04	12705.20	12780.18
2016/06/17	12636.45	12720.92	12138.35	12631.39
2016/06/24	12623.97	12800.63	12311.93	12598.22
2016/07/01	12510.52	13280.91	12509.12	13125.83
2016/07/08	13062.52	13772.10	13054.90	13595.63
2016/07/15	13596.07	14046.11	13544.31	13893.55
2016/07/22	13887.53	13979.97	13709.66	13749.58
2016/07/29	13747.09	14163.09	13463.54	13764.94
2016/08/05	13713.12	13713.12	13358.31	13569.45
2016/08/12	13532.37	13865.90	13429.06	13718.46
2016/08/19	13738.40	14122.39	13663.47	14047.69
2016/08/26	14087.44	14255.15	13872.60	14124.37
2016/09/02	14135.76	14220.64	13930.52	13998.45
2016/09/09	14017.56	14313.77	13933.67	14185.07
2016/09/14	13961.59	14023.83	13797.00	13837.35
2016/09/23	13854.09	14108.69	13854.09	14025.30
2016/09/30	14005.04	14016.08	13684.70	13942.95
2016/10/14	14016.73	14319.04	14016.73	14257.57
2016/10/21	14264.66	14350.97	14107.93	14186.86
2016/10/28	14186.78	14327.04	14098.69	14100.80
2016/11/04	14069.05	14279.39	14019.17	14165.03
2016/11/11	14164.46	14232.42	13936.18	14193.87
2016/11/18	14176.64	14339.37	14137.47	14238.00
2016/11/25	14229.57	14315.22	14061.73	14262.91
2016/12/02	14279.03	14296.49	14072.58	14073.47
2016/12/09	13972.57	14102.17	13928.51	13946.63
2016/12/16	13924.57	13936.52	13192.10	13393.98
2016/12/23	13387.45	13496.03	13320.73	13340.38
2016/12/30	13322.86	13428.04	13219.60	13364.84
2017/01/06	13386.08	13535.17	13368.13	13407.03
2017/01/13	13403.67	13493.07	13060.11	13081.28
2017/01/20	13052.86	13053.82	12473.57	12963.03
2017/01/26	12968.62	13132.07	12947.23	13130.02
2017/02/03	13145.16	13148.50	13066.33	13106.72
2017/02/10	13117.56	13350.61	13117.56	13280.36
2017/02/17	13274.42	13382.30	13166.96	13173.59
2017/02/24	13172.43	13654.23	13172.43	13603.01
2017/03/03	13607.66	13617.65	13402.13	13481.29
2017/03/10	13485.97	13622.63	13442.04	13477.92
2017/03/17	13481.70	13724.35	13417.29	13598.81
2017/03/24	13583.42	13912.82	13582.19	13889.81
2017/03/31	13891.25	13901.23	13341.44	13490.52
2017/04/07	13498.33	13655.60	13498.33	13619.74
2017/04/14	13615.63	13618.43	13306.65	13369.03
2017/04/21	13345.65	13494.25	13102.47	13388.33
2017/04/28	13338.05	13340.23	12990.50	13190.07
2017/05/05	13164.81	13180.24	12961.54	12964.24
2017/05/12	12942.08	12942.08	12401.30	12636.36
2017/05/19	12642.84	13021.62	12642.22	12925.63
2017/05/26	12949.67	12990.22	12540.49	12803.00
2017/06/02	12882.82	12928.44	12502.52	12687.55
2017/06/09	12685.94	13046.62	12672.16	13044.76
2017/06/16	12998.12	13124.34	12950.84	13048.89
2017/06/23	13048.67	13198.19	12879.11	13042.98
2017/06/30	13065.63	13328.32	13061.10	13328.04
2017/07/07	13343.97	13391.95	13144.12	13192.08
2017/07/14	13165.09	13165.09	12841.12	12926.67
2017/07/21	12851.45	12851.45	12281.58	12488.95
2017/07/28	12472.85	12582.56	12331.67	12545.13
2017/08/04	12549.94	12655.88	12450.04	12452.86
2017/08/11	12484.00	12777.32	12484.00	12595.53
2017/08/18	12600.88	12914.76	12600.88	12879.31
2017/08/25	12883.05	12954.32	12708.57	12822.62
2017/09/01	12838.08	12979.77	12838.08	12977.25
2017/09/08	12970.87	13196.05	12933.16	13129.78
2017/09/15	13116.46	13143.24	13038.18	13090.06
2017/09/22	13086.33	13198.99	13023.35	13052.08
2017/09/29	13047.54	13195.03	13010.65	13153.30
2017/10/13	13251.12	13895.04	13250.68	13747.65
2017/10/20	13724.96	13819.21	13479.55	13743.50
2017/10/27	13758.83	14131.09	13748.30	14040.43
2017/11/03	14041.78	14069.21	13709.77	13760.58
2017/11/10	13765.40	14190.10	13732.91	14181.45
2017/11/17	14177.52	14279.55	13893.59	13900.41
2017/11/24	13817.05	14134.22	13449.90	13529.51
2017/12/01	13518.63	13537.14	13338.17	13491.44
2017/12/08	13470.58	13513.01	13110.17	13386.57
2017/12/15	13375.41	13679.04	13375.41	13548.21
2017/12/22	13533.64	13677.64	13400.34	13615.84
2017/12/29	13615.27	13645.20	13353.02	13573.69
2018/01/05	13581.71	13811.78	13540.72	13793.43
2018/01/12	13781.92	13935.78	13699.54	13837.48
2018/01/19	13828.32	13885.69	13567.35	13596.85
2018/01/26	13583.73	13842.95	13551.24	13746.11
2018/02/02	13716.14	13734.59	12762.73	12939.69
2018/02/09	12800.02	12846.81	11903.09	12031.73
2018/02/14	12080.50	12543.87	12080.50	12498.82
2018/02/23	12578.61	12744.20	12544.87	12717.79
2018/03/02	12757.32	13183.00	12748.51	13101.28
2018/03/09	13103.25	13823.05	13085.15	13818.93
2018/03/16	13872.29	13990.19	13520.46	13631.88
2018/03/23	13635.85	14276.16	13268.37	13449.20
2018/03/30	13310.72	14383.50	13263.72	14383.42
2018/04/04	14407.23	14657.27	14193.88	14312.50
2018/04/13	14262.08	14695.96	14171.00	14320.30
2018/04/20	14281.01	14436.79	13741.42	13964.09
2018/04/27	13947.10	14675.62	13682.40	14590.75
2018/05/04	14651.18	14965.79	14452.86	14915.63
2018/05/11	14937.90	15603.83	14923.71	15061.40
2018/05/18	15020.92	15606.68	14834.54	15218.51
2018/05/25	15271.49	15754.13	15170.92	15601.93
2018/06/01	15589.66	15941.64	14693.75	14813.23
2018/06/08	14840.96	15330.54	14610.72	15014.80
2018/06/15	14982.62	14982.62	14192.65	14261.51
2018/06/22	14039.27	14197.22	13430.76	13955.07
