'399001'	深证成指	周线
日期	开盘	最高	最低	收盘
1991/04/06	988.05	988.05	973.42	973.42
1991/04/13	968.57	968.57	944.58	944.58
1991/04/20	939.98	939.98	916.98	916.98
1991/04/27	912.38	912.38	889.89	889.89
1991/05/04	885.43	885.43	867.75	867.75
1991/05/11	863.35	863.35	841.94	841.94
1991/05/18	837.66	837.66	825.20	825.20
1991/05/25	822.67	822.67	805.52	805.52
1991/06/01	801.48	801.48	784.48	784.48
1991/06/08	781.10	781.10	757.27	758.74
1991/06/15	754.25	758.21	726.89	728.36
1991/06/22	716.99	721.94	697.23	698.33
1991/06/29	694.20	697.46	683.89	690.48
1991/07/06	685.65	687.48	639.01	643.19
1991/07/13	640.79	641.41	598.86	602.69
1991/07/20	600.47	640.22	572.52	602.90
1991/07/27	603.60	607.84	582.64	585.45
1991/08/03	583.37	584.99	570.02	579.11
1991/08/10	578.71	579.80	570.05	575.12
1991/08/17	573.74	574.51	432.18	447.21
1991/08/24	450.14	459.35	425.90	444.14
1991/08/31	443.05	444.70	429.04	432.92
1991/09/07	431.03	432.86	396.52	405.75
1991/09/14	401.57	420.12	400.38	416.84
1991/09/21	414.03	415.56	405.10	408.13
1991/09/29	406.77	418.02	404.84	417.37
1991/10/05	417.56	452.45	416.63	442.25
1991/10/12	445.51	775.17	444.58	687.20
1991/10/19	691.93	709.01	632.30	673.82
1991/10/26	673.17	681.39	648.67	674.57
1991/11/02	680.83	854.63	673.92	838.70
1991/11/09	840.56	972.63	827.08	965.26
1991/11/16	969.51	1206.31	969.51	1111.52
1991/11/23	1109.55	1109.55	895.86	1035.89
1991/11/30	1036.06	1037.58	867.16	881.49
1991/12/07	881.62	929.50	852.03	902.66
1991/12/14	902.80	929.12	871.06	890.76
1991/12/21	890.01	903.23	879.62	888.37
1991/12/28	887.17	992.55	885.28	965.55
1992/01/03	967.87	973.06	947.30	962.16
1992/01/10	960.99	992.20	958.11	985.67
1992/01/17	986.68	986.94	917.37	945.36
1992/01/24	945.57	967.16	938.88	962.69
1992/02/02	960.35	1027.53	951.10	1021.08
1992/02/14	1019.89	1024.31	979.40	1001.47
1992/02/21	996.04	1004.40	975.92	996.05
1992/02/28	996.08	1006.36	951.86	994.14
1992/03/06	1020.32	1029.84	996.87	1005.55
1992/03/13	1007.66	1016.60	989.67	1006.96
1992/03/20	1009.92	1027.47	1001.59	1014.83
1992/03/27	1014.22	1140.27	1008.01	1118.85
1992/04/03	1161.59	1339.61	1127.66	1307.27
1992/04/10	1315.41	1536.73	1307.12	1522.05
1992/04/17	1539.30	1801.00	1538.04	1707.48
1992/04/24	1713.59	1881.63	1635.64	1856.10
1992/05/03	1867.08	2132.46	1801.21	2081.07
1992/05/08	2092.23	2462.08	2068.70	2220.07
1992/05/15	2234.62	2537.31	2159.00	2511.75
1992/05/22	2542.48	2837.14	2490.58	2679.22
1992/05/29	2696.22	2900.50	2656.21	2766.85
1992/06/05	2777.98	2861.49	2288.36	2557.03
1992/06/12	2577.87	2594.62	2296.10	2389.57
1992/06/19	2390.80	2441.56	2060.80	2283.45
1992/06/26	2278.25	2347.88	2126.62	2331.48
1992/07/03	2351.98	2654.74	2347.88	2537.49
1992/07/10	2549.54	2611.86	2408.87	2460.05
1992/07/17	2448.10	2618.05	2424.48	2613.34
1992/07/24	2623.48	2796.39	2620.89	2782.97
1992/07/31	2793.79	2894.87	2780.11	2821.77
1992/08/07	2827.05	2830.65	2624.74	2814.41
1992/08/14	2822.88	2918.09	2618.65	2728.12
1992/08/21	2745.35	2850.06	2678.59	2694.40
1992/08/28	2685.35	2687.33	2533.25	2616.62
1992/09/04	2607.58	2607.58	2350.37	2360.53
1992/09/11	2346.07	2544.09	2198.71	2535.32
1992/09/18	2553.60	2603.59	2437.12	2494.29
1992/09/25	2492.61	2637.40	2455.58	2561.29
1992/10/04	2562.16	2580.85	2524.24	2560.70
1992/10/09	2563.04	2574.34	2487.45	2530.08
1992/10/16	2543.48	2584.76	2433.06	2480.79
1992/10/23	2470.52	2483.76	2252.07	2261.57
1992/10/30	2245.23	2245.41	1986.43	2196.01
1992/11/06	2203.73	2212.62	2010.90	2048.23
1992/11/13	2039.40	2059.11	1780.96	1814.64
1992/11/20	1805.56	1805.80	1529.21	1641.70
1992/11/27	1636.89	1889.15	1538.73	1859.09
1992/12/04	1869.78	2189.91	1869.09	2125.06
1992/12/11	2137.61	2278.40	2057.37	2141.29
1992/12/18	2146.31	2169.35	2055.75	2157.12
1992/12/25	2164.62	2203.09	2123.23	2176.56
1993/01/03	2184.07	2418.12	2161.00	2412.51
1993/01/08	2424.00	2476.34	2361.33	2470.84
1993/01/15	2484.28	2588.11	2462.80	2525.33
1993/01/19	2529.83	2655.53	2519.73	2611.21
1993/02/05	2640.54	3038.76	2639.40	3019.37
1993/02/12	3047.26	3220.64	2901.62	2975.96
1993/02/19	2977.53	3290.10	2967.81	3278.79
1993/02/26	3290.82	3422.22	3078.77	3185.60
1993/03/05	3195.12	3282.34	2866.90	2874.89
1993/03/12	2865.87	3165.71	2864.05	3158.46
1993/03/19	3165.40	3166.00	2900.54	2958.04
1993/03/26	2957.78	2958.06	2734.05	2883.71
1993/04/02	2883.62	2931.47	2809.35	2873.02
1993/04/09	2876.41	3060.51	2811.99	3009.76
1993/04/16	2927.78	3062.35	2925.13	3036.40
1993/04/23	3049.39	3066.14	2898.52	2921.90
1993/04/30	2920.07	2967.98	2868.84	2894.64
1993/05/07	2903.00	2915.48	2568.70	2679.55
1993/05/14	2683.57	2765.27	2511.53	2727.02
1993/05/21	2735.28	2747.82	2500.46	2525.64
1993/05/28	2547.09	2551.62	2388.97	2437.12
1993/06/04	2440.85	2572.77	2425.03	2520.81
1993/06/11	2549.95	2566.66	2353.35	2392.51
1993/06/18	2391.77	2433.12	2287.62	2425.64
1993/06/25	2446.54	2475.36	2332.53	2369.14
1993/07/02	2361.87	2385.90	2222.22	2340.36
1993/07/09	2350.99	2473.35	2180.36	2194.12
1993/07/16	2138.13	2141.72	1933.81	1942.21
1993/07/23	1934.43	1938.25	1688.18	1867.04
1993/07/30	1871.50	2125.46	1825.95	2089.02
1993/08/06	2107.57	2153.62	1997.05	2073.36
1993/08/13	2073.52	2541.52	2064.16	2518.36
1993/08/20	2540.29	2870.97	2288.12	2332.02
1993/08/27	2317.51	2450.40	2122.37	2276.97
1993/09/03	2256.85	2377.78	2223.78	2331.82
1993/09/10	2348.55	2364.02	2238.73	2251.15
1993/09/16	2229.33	2231.48	2119.62	2132.39
1993/09/24	2114.60	2286.34	2071.16	2149.39
1993/09/30	2149.96	2258.45	2140.46	2226.58
1993/10/08	2243.87	2329.71	2223.58	2231.55
1993/10/15	2230.55	2245.97	2184.32	2213.32
1993/10/22	2210.23	2215.29	2115.88	2131.99
1993/10/29	2118.12	2196.12	2038.81	2121.61
1993/11/05	2106.57	2146.39	2081.61	2115.05
1993/11/12	2111.12	2354.65	2107.39	2339.10
1993/11/19	2366.12	2454.03	2300.60	2390.26
1993/11/26	2419.06	2470.00	2248.87	2285.02
1993/12/03	2276.58	2318.04	2223.24	2238.24
1993/12/10	2240.47	2353.84	2213.37	2325.85
1993/12/17	2345.88	2380.79	2207.53	2282.26
1993/12/24	2280.35	2291.37	2154.45	2244.55
1993/12/31	2260.24	2274.34	2170.16	2225.37
1994/01/07	2221.95	2271.37	2143.37	2237.26
1994/01/14	2240.73	2265.10	2118.11	2144.27
1994/01/21	2144.37	2165.32	2045.63	2062.48
1994/01/28	2076.35	2108.40	1930.39	1937.77
1994/02/04	1917.61	2108.63	1801.53	2103.53
1994/02/18	2113.62	2126.33	1850.21	1876.11
1994/02/25	1867.91	1972.61	1820.09	1917.81
1994/03/04	1922.04	1930.90	1786.39	1801.75
1994/03/11	1802.93	1815.06	1691.99	1742.85
1994/03/18	1780.90	1849.90	1731.58	1761.84
1994/03/25	1773.36	1784.01	1602.73	1623.00
1994/04/01	1630.76	1671.89	1531.83	1540.51
1994/04/08	1528.04	1575.20	1472.02	1491.28
1994/04/15	1474.85	1489.16	1266.45	1379.83
1994/04/22	1373.38	1375.08	1155.76	1192.50
1994/04/29	1181.37	1391.43	1173.13	1356.61
1994/05/06	1394.27	1580.00	1365.02	1427.03
1994/05/13	1457.06	1551.66	1413.16	1499.98
1994/05/20	1523.81	1532.34	1436.23	1463.86
1994/05/27	1460.41	1468.31	1369.98	1377.43
1994/06/03	1370.84	1373.45	1274.15	1291.08
1994/06/10	1286.10	1296.01	1232.31	1251.09
1994/06/17	1246.28	1281.22	1169.10	1274.74
1994/06/24	1267.77	1275.58	1185.81	1191.93
1994/07/01	1182.81	1188.11	1119.71	1122.52
1994/07/08	1109.14	1129.15	1074.17	1117.41
1994/07/15	1123.42	1126.31	1055.29	1059.92
1994/07/22	1041.71	1046.27	971.16	986.15
1994/07/29	978.10	1073.62	944.02	970.48
1994/08/05	1129.87	1534.98	1090.41	1527.83
1994/08/12	1565.02	1639.43	1398.93	1510.81
1994/08/19	1487.95	1608.25	1449.81	1526.49
1994/08/26	1488.91	1520.68	1410.48	1428.59
1994/09/02	1416.12	1638.97	1383.56	1628.04
1994/09/09	1716.60	2121.45	1709.46	1954.77
1994/09/16	2005.73	2162.75	1913.10	1987.43
1994/09/23	1975.33	2045.85	1882.71	1943.68
1994/09/30	1944.65	2092.22	1676.75	1720.60
1994/10/07	1658.43	1685.93	1300.06	1571.18
1994/10/14	1566.50	1577.12	1343.95	1448.36
1994/10/21	1416.17	1529.89	1359.50	1435.80
1994/10/28	1447.93	1561.30	1428.08	1441.97
1994/11/04	1428.20	1449.93	1374.67	1390.54
1994/11/11	1376.87	1453.42	1356.18	1429.64
1994/11/18	1443.02	1455.85	1375.93	1394.56
1994/11/25	1386.50	1393.73	1346.91	1370.25
1994/12/02	1369.28	1384.93	1343.76	1357.61
1994/12/09	1356.33	1360.34	1262.73	1276.86
1994/12/16	1267.80	1403.95	1228.43	1345.73
1994/12/23	1345.78	1374.55	1254.86	1275.55
1994/12/30	1271.80	1290.93	1240.08	1271.05
1995/01/06	1257.65	1325.56	1228.43	1295.11
1995/01/13	1277.54	1288.78	1199.92	1211.74
1995/01/20	1196.03	1203.12	1133.15	1157.13
1995/01/27	1157.13	1170.36	1135.98	1156.65
1995/02/17	1149.68	1164.64	1136.48	1140.24
1995/02/24	1140.99	1255.51	1136.08	1214.87
1995/03/03	1186.31	1221.65	1150.81	1180.05
1995/03/10	1209.20	1283.42	1209.20	1234.42
1995/03/17	1223.43	1235.56	1171.67	1192.18
1995/03/24	1205.73	1221.05	1175.98	1196.45
1995/03/31	1205.83	1231.68	1200.62	1210.10
1995/04/07	1230.96	1255.91	1200.62	1221.42
1995/04/14	1256.67	1271.66	1204.12	1209.31
1995/04/21	1216.11	1219.33	1188.38	1205.14
1995/04/28	1184.04	1184.04	1018.54	1062.78
1995/05/05	1085.93	1088.22	1046.51	1056.34
1995/05/12	1052.79	1059.89	1026.61	1044.04
1995/05/19	1045.66	1371.68	1033.45	1371.29
1995/05/26	1415.60	1473.29	1107.33	1150.90
1995/06/02	1160.98	1163.84	1124.33	1133.54
1995/06/09	1136.54	1138.33	1091.92	1110.45
1995/06/16	1108.85	1109.80	1028.10	1055.26
1995/06/23	1051.73	1064.08	1039.09	1063.02
1995/06/30	1063.43	1078.30	1034.86	1050.72
1995/07/07	1046.12	1065.84	1024.21	1065.84
1995/07/14	1071.43	1075.89	1048.88	1061.93
1995/07/21	1062.30	1104.70	1060.34	1095.51
1995/07/28	1099.56	1108.25	1078.12	1085.49
1995/08/03	1085.95	1107.64	1073.68	1095.33
1995/08/11	1097.61	1201.02	1097.61	1190.84
1995/08/18	1208.52	1315.43	1198.61	1307.78
1995/08/25	1309.46	1327.97	1195.50	1203.54
1995/08/31	1196.25	1203.35	1152.91	1171.81
1995/09/08	1179.33	1193.24	1162.30	1170.70
1995/09/15	1172.88	1218.71	1170.02	1210.93
1995/09/22	1216.81	1220.04	1152.99	1176.56
1995/09/29	1180.43	1180.43	1135.25	1164.96
1995/10/06	1167.52	1168.54	1151.28	1152.67
1995/10/13	1151.12	1151.12	1107.96	1117.73
1995/10/20	1120.36	1201.93	1114.99	1197.46
1995/10/27	1202.54	1249.49	1166.37	1171.35
1995/11/03	1167.52	1168.33	1145.43	1167.18
1995/11/10	1167.67	1172.76	1137.93	1146.38
1995/11/16	1138.09	1141.23	1120.35	1127.75
1995/11/24	1135.76	1154.88	1116.78	1122.41
1995/12/01	1118.84	1120.75	1071.36	1081.70
1995/12/08	1082.76	1092.95	1076.12	1086.65
1995/12/15	1084.97	1088.31	1045.93	1049.30
1995/12/22	1044.12	1044.12	1019.19	1023.62
1995/12/29	1019.18	1020.24	980.25	987.75
1996/01/05	987.07	990.17	952.57	966.21
1996/01/12	962.18	985.38	951.56	970.55
1996/01/19	971.40	976.08	931.11	941.27
1996/01/26	940.77	965.42	924.33	952.82
1996/02/02	955.19	962.98	948.98	956.79
1996/02/09	961.47	962.72	936.21	945.16
1996/02/16	945.86	1011.61	942.22	1011.23
1996/03/08	1046.89	1073.31	1003.63	1031.45
1996/03/15	1029.55	1038.92	997.89	1017.15
1996/03/22	1015.78	1033.78	1015.15	1029.74
1996/03/29	1028.38	1036.14	1004.56	1015.01
1996/04/05	1018.99	1055.49	1007.20	1052.92
1996/04/12	1053.54	1107.37	1038.79	1089.33
1996/04/19	1089.42	1181.04	1088.73	1170.51
1996/04/26	1169.50	1465.86	1154.08	1462.42
1996/05/03	1480.75	1627.25	1436.93	1488.43
1996/05/10	1496.13	1610.61	1446.93	1485.93
1996/05/17	1497.87	1700.08	1487.83	1700.08
1996/05/24	1721.05	1802.40	1530.52	1575.62
1996/05/31	1597.06	1748.42	1540.89	1735.38
1996/06/07	1758.06	1920.86	1729.39	1885.88
1996/06/14	1889.37	2063.99	1863.96	2009.74
1996/06/21	2004.20	2131.63	1982.37	2095.01
1996/06/28	2102.71	2164.60	2058.55	2059.12
1996/07/05	2008.81	2191.25	1928.39	2150.85
1996/07/12	2178.12	2324.78	2156.75	2323.95
1996/07/19	2354.25	2520.81	2304.12	2520.81
1996/07/26	2527.72	2692.30	2499.33	2551.82
1996/08/02	2559.78	2727.16	2528.95	2566.37
1996/08/09	2562.82	2775.87	2508.29	2713.03
1996/08/16	2721.90	2781.01	2587.72	2673.16
1996/08/23	2673.10	2681.29	2478.82	2530.07
1996/08/30	2491.52	2725.62	2422.01	2711.91
1996/09/06	2720.71	2855.01	2638.62	2665.31
1996/09/13	2650.32	2672.13	2469.61	2554.62
1996/09/20	2559.32	2671.06	2476.87	2593.22
1996/09/27	2603.41	2781.87	2561.16	2764.03
1996/10/04	2806.47	2838.10	2764.11	2805.14
1996/10/11	2823.80	3010.48	2819.08	3001.13
1996/10/18	3048.12	3274.98	3040.26	3130.70
1996/10/25	3127.34	3387.41	3127.05	3358.83
1996/11/01	3343.87	3651.74	3343.87	3462.15
1996/11/08	3461.64	3574.55	3344.33	3447.56
1996/11/15	3504.46	3890.00	3488.08	3888.87
1996/11/22	3956.98	4200.41	3722.30	3999.12
1996/11/29	4032.96	4201.31	3948.37	4078.40
1996/12/06	4126.91	4420.04	4054.35	4397.06
1996/12/13	4445.37	4522.39	4187.29	4199.56
1996/12/20	3776.14	3776.50	3086.84	3114.39
1996/12/27	3086.60	3214.55	2792.71	3203.81
1997/01/03	3234.86	3376.16	3195.52	3220.76
1997/01/10	3186.39	3263.50	2985.37	3256.00
1997/01/17	3282.58	3352.07	3218.25	3337.53
1997/01/24	3351.62	3563.57	3346.96	3558.52
1997/01/31	3579.63	3727.09	3567.76	3696.46
1997/02/21	3641.84	3730.64	3206.75	3581.88
1997/02/28	3603.50	3811.12	3565.71	3769.20
1997/03/07	3788.12	3876.22	3757.52	3806.10
1997/03/14	3821.91	3964.08	3821.91	3963.58
1997/03/21	4006.41	4189.87	4006.41	4184.68
1997/03/28	4256.16	4569.27	4249.04	4466.77
1997/04/04	4486.35	4688.39	4472.62	4650.22
1997/04/11	4674.35	4726.58	4466.64	4538.72
1997/04/18	4561.81	4754.21	4544.50	4713.02
1997/04/25	4742.96	5067.62	4742.96	5012.02
1997/04/30	5027.87	5211.70	5026.87	5210.74
1997/05/09	5269.20	6039.52	5269.20	5865.10
1997/05/16	5991.89	6103.62	5101.02	5124.99
1997/05/23	5113.72	5483.54	4724.74	4921.62
1997/05/30	4956.77	4980.77	4632.85	4844.20
1997/06/06	4927.54	5171.68	4760.95	4847.00
1997/06/13	4838.49	4894.83	4339.89	4678.21
1997/06/20	4742.75	4990.79	4641.64	4980.58
1997/06/27	5177.21	5285.39	5010.37	5081.43
1997/07/04	5104.79	5149.27	4463.58	4641.87
1997/07/11	4611.64	4611.64	4124.98	4489.29
1997/07/18	4540.37	4726.41	4511.12	4715.20
1997/07/25	4764.04	4870.89	4489.12	4538.47
1997/08/01	4506.25	4570.31	4344.77	4534.87
1997/08/08	4535.70	4578.41	4371.93	4508.97
1997/08/15	4514.58	4515.35	4160.87	4221.89
1997/08/22	4195.83	4278.29	4090.71	4242.04
1997/08/29	4247.70	4468.87	4247.08	4398.73
1997/09/05	4375.83	4524.56	4348.43	4491.56
1997/09/12	4488.35	4538.91	4365.08	4365.62
1997/09/19	4356.04	4356.04	4177.06	4237.71
1997/09/26	4241.18	4245.62	3661.37	3935.62
1997/09/30	3901.22	3930.32	3814.12	3916.80
1997/10/10	3963.62	4101.87	3853.87	4069.41
1997/10/17	4098.46	4433.12	3977.13	4390.23
1997/10/24	4434.02	4750.24	4388.75	4654.12
1997/10/31	4697.25	4755.25	4425.06	4523.31
1997/11/07	4540.24	4724.79	4517.31	4659.29
1997/11/14	4670.23	4696.89	4458.37	4609.27
1997/11/21	4656.04	4662.39	4374.54	4383.54
1997/11/28	4356.23	4356.23	4131.77	4268.49
1997/12/05	4250.14	4282.79	4118.06	4222.10
1997/12/12	4231.33	4323.97	4205.66	4260.71
1997/12/19	4261.02	4290.70	4130.06	4150.64
1997/12/26	4132.77	4208.35	4073.10	4166.00
1997/12/31	4244.52	4259.81	4152.89	4184.83
1998/01/09	4199.50	4336.31	4165.14	4278.95
1998/01/16	4284.02	4317.54	3841.74	4164.35
1998/01/23	4167.85	4172.81	4054.41	4165.27
1998/02/13	4265.35	4297.16	4194.52	4203.35
1998/02/20	4209.02	4240.33	4167.62	4173.18
1998/02/27	4148.39	4148.39	4005.77	4081.66
1998/03/06	4054.06	4054.06	3919.96	3961.33
1998/03/13	3968.78	3977.37	3817.12	3940.84
1998/03/20	3952.62	4056.21	3922.86	3960.10
1998/03/27	3940.12	4081.37	3920.62	4009.29
1998/04/03	4022.57	4191.27	4001.87	4190.50
1998/04/10	4208.87	4266.66	4170.58	4249.04
1998/04/17	4266.06	4317.83	4123.14	4141.21
1998/04/24	4091.62	4210.10	4053.35	4141.33
1998/04/30	4122.37	4183.08	4070.00	4180.95
1998/05/08	4199.31	4273.33	4104.85	4180.29
1998/05/15	4197.62	4241.33	4139.54	4205.45
1998/05/22	4226.81	4249.62	4094.79	4141.06
1998/05/29	4144.50	4197.10	4117.16	4185.06
1998/06/05	4197.14	4223.50	4129.75	4170.02
1998/06/12	4176.50	4179.02	3955.10	4056.52
1998/06/19	4064.09	4064.09	3850.91	4021.89
1998/06/26	4018.26	4020.62	3912.13	3916.90
1998/07/03	3901.87	3906.84	3685.04	3829.37
1998/07/10	3814.96	3851.29	3705.75	3846.50
1998/07/17	3860.70	3862.34	3647.77	3652.74
1998/07/24	3643.32	3817.10	3549.99	3795.91
1998/07/31	3808.10	3820.53	3725.87	3744.00
1998/08/07	3741.10	3743.77	3575.72	3584.46
1998/08/14	3563.72	3563.72	3293.13	3311.87
1998/08/21	3275.37	3419.00	2978.59	3401.87
1998/08/28	3393.26	3442.29	3177.21	3212.00
1998/09/04	3173.26	3263.16	3060.31	3242.12
1998/09/11	3246.47	3381.82	3222.64	3337.15
1998/09/18	3331.90	3437.52	3287.66	3299.99
1998/09/25	3275.13	3347.58	3219.35	3260.30
1998/09/30	3269.04	3306.97	3239.98	3283.37
1998/10/09	3284.32	3285.84	3178.54	3209.30
1998/10/16	3208.91	3237.62	3166.37	3229.11
1998/10/23	3236.20	3268.75	3061.87	3141.26
1998/10/30	3129.12	3145.01	3057.91	3112.54
1998/11/06	3119.97	3233.55	3081.11	3211.85
1998/11/13	3221.45	3311.98	3221.08	3264.73
1998/11/20	3272.91	3421.76	3271.54	3314.85
1998/11/27	3318.88	3327.27	3188.40	3195.77
1998/12/04	3190.77	3218.08	3137.72	3149.82
1998/12/11	3216.98	3222.15	3059.62	3124.87
1998/12/18	3115.53	3118.95	2955.87	2971.37
1998/12/25	2971.02	3062.98	2958.91	3014.37
1998/12/31	3011.55	3031.54	2902.40	2949.31
1999/01/08	2945.23	2984.45	2823.62	2981.12
1999/01/15	2983.02	2987.26	2899.13	2903.87
1999/01/22	2901.09	2986.31	2882.25	2972.79
1999/01/29	2979.02	2985.77	2894.84	2919.37
1999/02/05	2917.90	2942.33	2749.03	2756.64
1999/02/09	2731.37	2765.50	2698.12	2755.30
1999/03/05	2760.55	2893.28	2744.12	2867.35
1999/03/12	2867.37	2933.37	2840.37	2928.79
1999/03/19	2932.72	2944.62	2862.30	2902.27
1999/03/26	2907.62	2949.29	2862.37	2874.28
1999/04/02	2870.00	2922.36	2849.65	2908.87
1999/04/09	2914.37	2987.37	2911.96	2956.12
1999/04/16	2954.06	2956.52	2837.37	2854.98
1999/04/23	2849.24	2903.12	2739.62	2889.27
1999/04/30	2899.21	2911.04	2741.41	2793.45
1999/05/07	2793.20	2818.59	2758.45	2766.20
1999/05/14	2729.81	2729.81	2568.26	2571.10
1999/05/21	2554.45	2787.83	2521.08	2774.55
1999/05/28	2781.65	3221.56	2754.00	3184.75
1999/06/04	3201.59	3515.05	3180.27	3352.06
1999/06/11	3368.73	3641.08	3336.39	3578.06
1999/06/18	3606.01	3931.32	3538.86	3885.08
1999/06/25	3910.37	4697.81	3910.37	4364.22
1999/07/02	4438.52	4896.04	4280.50	4486.85
1999/07/09	4510.04	4523.24	3997.60	4187.25
1999/07/16	4191.91	4191.91	3820.78	3844.82
1999/07/23	3756.36	4170.49	3628.55	3990.21
1999/07/30	3998.61	4079.12	3964.33	4045.35
1999/08/06	4075.12	4195.14	3984.12	4107.93
1999/08/13	4089.46	4092.53	3905.50	3919.62
1999/08/20	3925.52	4215.81	3861.12	4146.87
1999/08/27	4140.58	4225.33	4084.35	4149.18
1999/09/03	4155.79	4185.14	3975.62	4026.09
1999/09/10	3991.83	4318.37	3951.87	4210.71
1999/09/17	4224.25	4249.06	4117.46	4146.29
1999/09/24	4153.64	4159.85	4039.46	4075.71
1999/09/30	4099.91	4120.56	3960.95	3971.46
1999/10/08	3963.07	3967.26	3868.12	3871.79
1999/10/15	3866.24	3888.79	3719.22	3851.48
1999/10/22	3881.12	3883.12	3598.74	3727.53
1999/10/29	3731.40	3857.51	3645.50	3742.00
1999/11/05	3742.61	3776.12	3654.76	3697.13
1999/11/12	3711.56	3811.31	3671.09	3705.13
1999/11/19	3702.87	3788.74	3607.12	3695.90
1999/11/26	3692.84	3692.84	3576.65	3597.54
1999/12/03	3595.40	3595.87	3506.26	3522.65
1999/12/10	3528.12	3540.27	3447.38	3516.37
1999/12/17	3516.82	3632.52	3469.21	3481.27
1999/12/24	3463.22	3463.22	3322.56	3326.09
1999/12/30	3307.62	3381.12	3284.79	3369.61
2000/01/07	3374.11	3848.06	3360.20	3828.04
2000/01/14	3881.74	3931.07	3524.50	3542.82
2000/01/21	3535.50	3744.27	3496.00	3702.08
2000/01/28	3709.16	3952.37	3646.13	3952.37
2000/02/18	4102.64	4685.48	4095.63	4356.60
2000/02/25	4389.41	4437.85	4039.87	4262.81
2000/03/03	4274.66	4581.60	4244.72	4488.25
2000/03/10	4519.99	4606.71	4261.97	4463.64
2000/03/17	4462.31	4520.79	4100.77	4315.00
2000/03/24	4252.16	4580.68	4231.77	4461.64
2000/03/31	4461.66	4635.66	4461.66	4532.31
2000/04/07	4523.89	4569.18	4381.85	4556.89
2000/04/14	4556.81	4645.87	4499.35	4619.18
2000/04/21	4615.10	4627.02	4495.39	4559.35
2000/04/28	4554.83	4685.37	4495.12	4683.16
2000/05/12	4708.52	4721.56	4347.89	4378.45
2000/05/19	4370.10	4482.43	4275.85	4479.35
2000/05/26	4494.74	4722.81	4484.64	4662.29
2000/06/02	4675.10	4736.72	4614.29	4728.87
2000/06/09	4744.37	4875.04	4698.10	4731.37
2000/06/16	4718.81	4811.50	4690.16	4757.16
2000/06/23	4755.54	4817.14	4715.41	4808.31
2000/06/30	4822.83	4869.10	4791.56	4830.66
2000/07/07	4806.46	4806.46	4701.39	4753.02
2000/07/14	4762.95	4854.50	4697.95	4834.60
2000/07/21	4840.71	4851.33	4754.23	4797.62
2000/07/28	4800.72	4905.50	4762.16	4852.71
2000/08/04	4858.33	4957.74	4837.49	4915.97
2000/08/11	4921.93	5062.27	4888.58	5018.00
2000/08/18	5022.85	5041.66	4958.54	5006.87
2000/08/25	5003.70	5040.10	4707.04	4950.64
2000/09/01	4955.60	5003.12	4779.33	4782.93
2000/09/08	4775.58	4842.35	4623.77	4700.87
2000/09/15	4711.77	4796.81	4672.31	4710.79
2000/09/22	4714.58	4714.66	4454.16	4465.12
2000/09/29	4460.10	4553.00	4424.00	4523.64
2000/10/13	4534.83	4596.23	4471.49	4481.06
2000/10/20	4478.14	4614.00	4448.18	4611.97
2000/10/27	4632.68	4654.70	4576.62	4602.56
2000/11/03	4606.98	4644.60	4564.71	4628.41
2000/11/10	4642.49	4848.16	4618.04	4826.12
2000/11/17	4841.52	4979.95	4841.46	4953.89
2000/11/24	4951.99	5011.02	4816.83	4841.46
2000/12/01	4799.85	4875.93	4773.12	4850.00
2000/12/08	4858.75	4869.91	4735.87	4747.93
2000/12/15	4751.75	4754.87	4652.22	4695.79
2000/12/22	4701.41	4779.08	4652.39	4720.91
2000/12/29	4722.08	4755.24	4663.62	4752.75
2001/01/05	4756.18	4836.50	4734.06	4792.27
2001/01/12	4793.39	4849.25	4684.87	4793.08
2001/01/19	4778.93	4778.93	4610.27	4743.35
2001/02/09	4754.24	4764.64	4403.66	4478.79
2001/02/16	4488.14	4491.70	4369.04	4441.60
2001/02/23	4443.48	4530.16	4318.52	4413.33
2001/03/02	4426.29	4592.89	4415.25	4578.62
2001/03/09	4609.18	4749.24	4564.70	4732.02
2001/03/16	4742.50	4809.23	4672.89	4787.60
2001/03/23	4789.68	5037.14	4777.85	4875.22
2001/03/30	4860.58	5037.50	4854.31	4965.98
2001/04/06	4976.97	4999.62	4857.29	4927.29
2001/04/13	4920.62	5031.43	4897.96	5031.33
2001/04/20	5045.74	5091.45	4939.29	4940.23
2001/04/27	4928.70	4943.12	4765.00	4799.14
2001/04/30	4800.70	4822.60	4784.73	4802.58
2001/05/11	4810.91	4863.58	4809.24	4854.29
2001/05/18	4857.72	4929.25	4836.56	4865.72
2001/05/25	4864.98	4870.52	4795.08	4831.98
2001/06/01	4836.79	4903.27	4784.89	4851.04
2001/06/08	4842.56	4856.14	4754.24	4782.00
2001/06/15	4780.96	4809.83	4706.50	4745.37
2001/06/22	4748.60	4750.64	4632.20	4723.97
2001/06/29	4733.79	4766.56	4706.60	4716.89
2001/07/06	4720.37	4733.33	4644.98	4648.18
2001/07/13	4658.14	4697.22	4610.06	4634.49
2001/07/20	4678.87	4692.68	4539.25	4634.87
2001/07/27	4645.54	4652.04	4332.25	4340.25
2001/08/03	4308.68	4308.68	4012.30	4071.30
2001/08/10	4061.91	4079.08	3850.97	4068.62
2001/08/17	4079.60	4098.52	3979.37	4007.39
2001/08/24	4012.25	4092.15	3945.32	3987.63
2001/08/31	3974.62	3974.62	3782.53	3860.73
2001/09/07	3861.97	3993.22	3798.26	3798.26
2001/09/14	3755.53	3890.27	3663.37	3663.37
2001/09/21	3649.86	3681.87	3543.64	3578.16
2001/09/28	3566.70	3605.38	3468.96	3498.62
2001/10/12	3490.27	3506.99	3208.32	3384.70
2001/10/19	3386.62	3418.09	3130.51	3186.59
2001/10/26	3176.61	3615.13	3124.57	3446.99
2001/11/02	3449.58	3491.89	3376.02	3431.99
2001/11/09	3425.62	3425.62	3146.76	3316.22
2001/11/16	3326.11	3512.01	3255.02	3305.37
2001/11/23	3305.33	3469.21	3294.03	3444.87
2001/11/30	3436.56	3514.03	3408.98	3513.75
2001/12/07	3521.27	3613.71	3502.09	3557.54
2001/12/14	3553.96	3555.83	3377.38	3392.79
2001/12/21	3387.47	3450.30	3302.37	3330.90
2001/12/28	3333.47	3342.10	3245.50	3307.33
2002/01/04	3311.07	3329.95	3261.84	3265.87
2002/01/11	3255.62	3255.62	3051.88	3065.98
2002/01/18	3030.09	3030.09	2706.27	2784.10
2002/01/25	2776.65	2950.87	2664.38	2896.85
2002/02/01	2877.91	3018.74	2661.87	2967.72
2002/02/08	2964.12	3064.51	2944.26	3022.25
2002/03/01	3102.24	3104.37	2990.91	2991.25
2002/03/08	2984.36	3342.26	2969.81	3318.89
2002/03/15	3327.33	3393.40	3262.79	3267.80
2002/03/22	3304.50	3382.64	3249.35	3312.76
2002/03/29	3303.80	3316.29	3165.39	3173.87
2002/04/05	3161.10	3247.50	3113.46	3207.22
2002/04/12	3205.81	3275.87	3191.54	3231.37
2002/04/19	3233.23	3237.37	3082.33	3145.47
2002/04/26	3133.62	3176.87	3095.84	3174.87
2002/04/30	3178.14	3263.49	3172.53	3253.46
2002/05/10	3255.01	3267.01	3215.14	3216.66
2002/05/17	3208.04	3208.04	3038.22	3100.24
2002/05/24	3106.20	3199.60	3041.37	3080.78
2002/05/31	3089.40	3118.53	3014.63	3037.00
2002/06/07	3028.02	3106.72	2948.71	3083.29
2002/06/14	3081.78	3090.77	3018.86	3023.21
2002/06/21	3011.37	3193.82	3000.39	3180.91
2002/06/28	3481.11	3575.86	3372.78	3551.32
2002/07/05	3556.52	3586.05	3489.08	3537.31
2002/07/12	3540.87	3562.40	3442.87	3454.40
2002/07/19	3451.04	3494.55	3402.96	3487.87
2002/07/26	3484.57	3484.57	3392.45	3398.78
2002/08/02	3395.49	3448.12	3377.84	3420.57
2002/08/09	3422.54	3460.47	3372.96	3385.09
2002/08/16	3375.27	3403.74	3349.29	3389.33
2002/08/23	3385.77	3499.65	3375.89	3476.63
2002/08/30	3478.12	3480.96	3431.85	3436.84
2002/09/06	3438.14	3465.07	3370.87	3374.31
2002/09/13	3365.91	3366.33	3306.87	3339.87
2002/09/20	3339.70	3339.70	3242.78	3287.12
2002/09/27	3277.12	3301.34	3236.21	3243.89
2002/10/11	3227.45	3227.45	3101.27	3107.03
2002/10/18	3109.01	3159.77	3049.95	3088.14
2002/10/25	3086.12	3134.78	3056.60	3062.98
2002/11/01	3059.34	3064.95	2989.78	3050.56
2002/11/08	3064.77	3189.12	3061.71	3075.14
2002/11/15	3076.66	3089.55	2953.32	2983.54
2002/11/22	2983.56	2991.09	2790.54	2833.49
2002/11/29	2829.49	2951.60	2757.70	2920.71
2002/12/06	2919.09	2919.09	2823.79	2854.58
2002/12/13	2851.78	2866.78	2775.84	2830.62
2002/12/20	2833.30	2909.87	2822.82	2905.00
2002/12/27	2912.66	2938.85	2768.37	2802.95
2003/01/03	2797.54	2798.30	2673.24	2687.72
2003/01/10	2684.83	2860.99	2675.04	2811.16
2003/01/17	2803.03	3027.81	2798.98	2998.63
2003/01/24	2998.62	3029.03	2934.99	2992.10
2003/01/29	2994.85	3069.12	2994.16	3051.21
2003/02/14	3048.80	3082.35	3001.05	3046.60
2003/02/21	3048.75	3056.12	2984.64	2990.00
2003/02/28	2985.85	3063.02	2980.86	3057.24
2003/03/07	3058.27	3087.39	3019.70	3027.73
2003/03/14	3022.05	3026.12	2957.20	2994.63
2003/03/21	2992.73	3012.62	2961.90	3005.59
2003/03/28	3007.48	3069.36	2954.08	3048.61
2003/04/04	3048.60	3159.87	3047.40	3154.84
2003/04/11	3158.39	3330.41	3132.85	3310.48
2003/04/18	3316.02	3525.86	3316.02	3408.35
2003/04/25	3410.26	3410.26	3136.77	3150.95
2003/04/30	3129.24	3302.23	3097.48	3260.75
2003/05/16	3264.90	3433.01	3191.40	3414.12
2003/05/23	3422.12	3519.72	3362.89	3478.25
2003/05/30	3482.82	3521.12	3415.62	3503.66
2003/06/06	3502.65	3514.86	3362.12	3362.30
2003/06/13	3350.75	3425.12	3324.38	3402.87
2003/06/20	3399.23	3406.31	3300.37	3307.21
2003/06/27	3302.40	3302.40	3207.70	3227.62
2003/07/04	3215.20	3300.55	3202.87	3280.28
2003/07/11	3293.29	3398.62	3268.61	3377.03
2003/07/18	3378.90	3459.62	3338.82	3341.50
2003/07/25	3312.26	3366.36	3262.64	3276.37
2003/08/01	3267.23	3336.63	3250.33	3326.86
2003/08/08	3329.16	3376.04	3291.40	3294.31
2003/08/15	3288.11	3330.99	3241.74	3261.63
2003/08/22	3259.48	3272.04	3194.12	3208.77
2003/08/29	3196.01	3205.07	3143.37	3192.36
2003/09/05	3194.26	3272.53	3162.85	3181.65
2003/09/12	3176.12	3177.12	3126.45	3135.53
2003/09/19	3132.31	3154.13	3077.60	3095.74
2003/09/26	3098.37	3110.87	3043.56	3054.58
2003/09/30	3056.84	3064.39	3012.13	3054.87
2003/10/10	3056.14	3207.86	3046.70	3199.56
2003/10/17	3206.62	3231.96	3096.73	3116.71
2003/10/24	3114.54	3236.71	3101.81	3185.53
2003/10/31	3185.61	3217.60	3139.73	3167.33
2003/11/07	3161.52	3379.10	3156.12	3214.37
2003/11/14	3203.76	3239.76	3160.11	3190.52
2003/11/21	3190.54	3271.12	3097.49	3188.50
2003/11/28	3189.59	3314.97	3188.04	3267.90
2003/12/05	3274.83	3381.77	3274.83	3353.14
2003/12/12	3354.12	3380.51	3302.00	3359.90
2003/12/19	3360.21	3394.87	3308.87	3347.01
2003/12/26	3350.86	3557.87	3341.16	3505.55
2004/01/02	3487.65	3529.11	3465.76	3501.86
2004/01/09	3499.80	3804.30	3499.80	3696.38
2004/01/16	3689.51	3803.75	3679.95	3729.34
2004/01/30	3733.46	3825.52	3711.89	3716.86
2004/02/06	3803.65	3886.38	3711.33	3822.16
2004/02/13	3821.52	3932.82	3821.52	3842.03
2004/02/20	3851.88	4005.37	3851.88	3986.63
2004/02/27	3994.70	4007.50	3810.32	3919.88
2004/03/05	3925.77	3981.38	3870.87	3908.55
2004/03/12	3905.62	3962.49	3818.38	3948.40
2004/03/19	3954.38	4096.99	3954.38	4058.95
2004/03/26	4072.37	4095.52	4007.78	4061.53
2004/04/02	4057.72	4141.16	3978.79	4132.54
2004/04/09	4143.23	4187.23	4043.37	4051.96
2004/04/16	4034.33	4070.14	3852.21	3941.07
2004/04/23	3952.06	3958.29	3777.53	3782.70
2004/04/30	3770.56	3801.01	3573.00	3613.13
2004/05/14	3626.31	3636.91	3447.50	3489.87
2004/05/21	3477.35	3534.78	3406.88	3514.21
2004/05/28	3522.25	3570.62	3426.39	3548.66
2004/06/04	3546.75	3641.02	3515.62	3522.87
2004/06/11	3523.37	3523.37	3365.23	3381.66
2004/06/18	3378.06	3429.65	3223.20	3263.70
2004/06/25	3255.61	3333.37	3244.24	3255.59
2004/07/02	3248.38	3405.95	3217.56	3391.75
2004/07/09	3390.85	3436.48	3343.54	3345.84
2004/07/16	3342.53	3452.49	3248.45	3442.07
2004/07/23	3444.39	3463.04	3286.38	3334.65
2004/07/30	3326.39	3340.14	3251.35	3283.37
2004/08/06	3277.37	3360.11	3220.04	3274.39
2004/08/13	3276.75	3319.37	3209.50	3245.81
2004/08/20	3249.31	3262.62	3146.61	3185.71
2004/08/27	3183.12	3196.12	3105.53	3115.24
2004/09/03	3112.62	3208.58	3094.59	3126.16
2004/09/10	3126.90	3131.57	3018.35	3059.29
2004/09/17	3055.02	3347.07	2996.08	3347.07
2004/09/24	3367.51	3649.87	3367.51	3494.21
2004/09/30	3539.53	3573.00	3438.84	3453.88
2004/10/08	3466.09	3549.62	3406.01	3548.37
2004/10/15	3554.87	3587.87	3281.40	3301.23
2004/10/22	3308.37	3386.12	3244.36	3334.58
2004/10/29	3359.40	3389.71	3187.45	3216.34
2004/11/05	3198.24	3222.11	3105.97	3122.28
2004/11/12	3120.37	3306.54	3089.49	3227.40
2004/11/19	3235.37	3306.12	3230.29	3300.32
2004/11/26	3303.11	3319.52	3241.12	3259.91
2004/12/03	3257.74	3257.74	3185.62	3205.47
2004/12/10	3210.24	3249.89	3163.37	3195.87
2004/12/17	3189.65	3216.36	3152.62	3157.34
2004/12/24	3148.34	3172.59	3088.48	3125.49
2004/12/31	3126.41	3141.48	3062.22	3067.57
2005/01/07	3051.23	3067.64	3016.12	3035.58
2005/01/14	3032.84	3105.58	3018.48	3055.51
2005/01/21	3034.49	3063.36	2936.36	3055.80
2005/01/28	3114.29	3150.22	3053.03	3065.60
2005/02/04	3058.06	3282.98	3033.32	3266.00
2005/02/18	3285.81	3315.20	3231.46	3233.57
2005/02/25	3231.26	3431.82	3231.26	3385.41
2005/03/04	3383.59	3395.62	3291.05	3332.12
2005/03/11	3340.10	3481.40	3340.10	3408.84
2005/03/18	3414.76	3471.20	3250.89	3255.27
2005/03/25	3247.37	3304.37	3164.13	3214.85
2005/04/01	3211.12	3327.34	3113.87	3284.91
2005/04/08	3255.12	3401.23	3211.96	3397.32
2005/04/15	3400.90	3422.65	3278.47	3304.30
2005/04/22	3296.73	3296.73	3167.07	3176.88
2005/04/29	3164.37	3213.96	3127.74	3156.64
2005/05/13	3159.35	3168.83	2866.15	2921.50
2005/05/20	2914.45	2935.12	2845.62	2900.83
2005/05/27	2895.79	2895.79	2803.26	2806.11
2005/06/03	2802.37	2810.62	2590.53	2627.02
2005/06/10	2621.87	2989.11	2604.23	2882.26
2005/06/17	2880.49	2917.37	2772.06	2790.62
2005/06/24	2788.90	2881.73	2734.89	2848.34
2005/07/01	2872.12	2940.32	2720.20	2728.72
2005/07/08	2714.26	2744.64	2636.25	2650.60
2005/07/15	2676.88	2761.96	2637.23	2716.64
2005/07/22	2711.62	2807.59	2657.80	2782.87
2005/07/29	2781.56	2929.12	2748.12	2887.57
2005/08/05	2886.74	3047.33	2869.91	3047.33
2005/08/12	3063.75	3147.56	3017.87	3065.72
2005/08/19	3061.87	3132.87	2963.32	3002.12
2005/08/26	3004.46	3039.37	2926.88	2952.72
2005/09/02	2948.37	3015.32	2894.84	3012.12
2005/09/09	3018.83	3047.87	2963.65	3009.35
2005/09/16	3006.46	3075.08	2990.85	3061.06
2005/09/23	3060.13	3068.40	2881.57	2892.84
2005/09/30	2893.28	2906.57	2841.20	2903.10
2005/10/14	2902.21	2902.74	2825.34	2830.75
2005/10/21	2830.25	2830.25	2741.28	2775.81
2005/10/28	2784.28	2797.77	2609.99	2631.51
2005/11/04	2633.37	2705.58	2630.74	2687.01
2005/11/11	2683.84	2709.16	2647.34	2664.04
2005/11/18	2657.79	2739.16	2593.32	2721.87
2005/11/25	2722.61	2752.12	2673.56	2725.06
2005/12/02	2719.07	2729.71	2657.90	2680.62
2005/12/09	2677.15	2728.56	2634.65	2724.16
2005/12/16	2720.04	2807.28	2718.82	2801.62
2005/12/23	2793.51	2829.50	2779.89	2827.15
2005/12/30	2828.53	2898.12	2819.11	2863.61
2006/01/06	2873.53	3075.84	2873.53	3053.31
2006/01/13	3052.06	3096.57	3023.65	3045.57
2006/01/20	3041.54	3163.58	2970.52	3153.34
2006/01/25	3148.73	3242.81	3120.85	3242.34
2006/02/10	3249.81	3397.36	3249.70	3321.88
2006/02/17	3322.23	3395.74	3257.61	3295.87
2006/02/24	3300.28	3394.38	3275.90	3390.87
2006/03/03	3396.30	3401.40	3294.99	3350.39
2006/03/10	3350.37	3355.24	3160.47	3213.51
2006/03/17	3213.49	3323.60	3211.70	3300.34
2006/03/24	3299.76	3419.88	3283.95	3392.48
2006/03/31	3390.72	3577.35	3372.34	3516.37
2006/04/07	3524.13	3730.71	3524.13	3703.58
2006/04/14	3701.10	3792.84	3659.91	3760.02
2006/04/21	3753.95	3875.34	3729.78	3857.29
2006/04/28	3864.62	3871.64	3708.97	3850.12
2006/05/12	3872.80	4207.18	3872.80	4173.75
2006/05/19	4226.89	4463.08	4191.37	4369.39
2006/05/26	4357.25	4418.52	4032.87	4217.02
2006/06/02	4244.81	4372.39	4218.81	4261.02
2006/06/09	4246.37	4341.66	3990.20	4010.53
2006/06/16	3962.90	4058.30	3904.31	4058.30
2006/06/23	4030.04	4141.68	3994.59	4111.68
2006/06/30	4120.08	4341.62	4120.08	4301.64
2006/07/07	4302.20	4403.93	4259.16	4322.83
2006/07/14	4322.37	4391.58	4094.87	4187.49
2006/07/21	4179.70	4240.08	4092.88	4178.98
2006/07/28	4130.75	4240.47	4043.66	4080.62
2006/08/04	4068.51	4068.51	3811.52	3820.48
2006/08/11	3802.00	3914.63	3766.83	3909.63
2006/08/18	3901.70	3972.71	3836.12	3924.27
2006/08/25	3835.82	4014.25	3807.37	3997.54
2006/09/01	4001.00	4216.18	4000.85	4128.75
2006/09/08	4116.50	4195.49	4101.31	4111.02
2006/09/15	4105.50	4183.75	4067.15	4183.75
2006/09/22	4202.06	4310.47	4187.79	4269.93
2006/09/29	4263.74	4344.60	4175.64	4326.77
2006/10/13	4366.27	4440.48	4336.48	4380.54
2006/10/20	4380.56	4468.25	4315.96	4448.43
2006/10/27	4447.77	4633.66	4326.41	4558.41
2006/11/03	4545.00	4737.56	4511.41	4690.43
2006/11/10	4655.00	4900.56	4632.85	4777.62
2006/11/17	4740.27	5067.50	4582.83	5067.50
2006/11/24	5080.49	5345.89	5080.49	5297.08
2006/12/01	5292.18	5822.04	5219.50	5748.06
2006/12/08	5750.16	6005.52	5636.37	5641.47
2006/12/15	5632.66	6176.64	5629.35	6168.48
2006/12/22	6184.25	6465.06	6184.25	6242.16
2006/12/29	6238.50	6687.27	6238.50	6647.12
2007/01/05	6730.12	6954.64	6585.06	6706.23
2007/01/12	6693.29	7494.08	6691.37	7187.02
2007/01/19	7177.22	8065.31	7175.43	8065.31
2007/01/26	8156.75	8463.79	7704.06	8223.29
2007/02/02	8258.33	8413.36	7339.85	7348.02
2007/02/09	7280.93	7722.29	6985.77	7627.93
2007/02/16	7616.79	8740.90	7605.83	8572.25
2007/03/02	8582.74	8631.96	7596.02	7923.33
2007/03/09	7901.31	8287.66	7582.62	8146.43
2007/03/16	8137.04	8348.50	7897.33	8147.31
2007/03/23	7918.75	8534.83	7865.56	8489.83
2007/03/30	8515.69	8681.21	8282.15	8549.19
2007/04/06	8575.75	9290.74	8571.54	9268.23
2007/04/13	9322.16	10136.28	9317.41	10019.91
2007/04/20	10054.83	10445.53	9603.00	10258.62
2007/04/27	10376.29	10873.87	10375.91	10688.54
2007/04/30	10719.29	10893.23	10642.00	10865.87
2007/05/11	11100.58	11645.21	11025.04	11489.91
2007/05/18	11356.95	12210.25	11244.21	12100.08
2007/05/25	11693.83	12770.91	11663.48	12681.44
2007/06/01	12830.00	13458.33	12020.94	12432.66
2007/06/08	12393.25	12930.19	10652.19	12850.66
2007/06/15	12941.08	13984.58	12865.96	13697.16
2007/06/22	14003.00	14576.00	13423.23	13725.71
2007/06/29	13678.53	13817.16	12341.58	12546.44
2007/07/06	12492.71	12860.58	11654.46	12395.33
2007/07/13	12519.61	12956.70	12516.50	12816.41
2007/07/20	12820.58	13420.03	12153.83	13417.96
2007/07/27	13615.29	14703.16	13615.29	14614.08
2007/08/03	14567.96	16194.04	14567.96	16179.62
2007/08/10	16296.96	16735.58	15864.62	16323.41
2007/08/17	16215.54	16551.75	15654.50	15689.00
2007/08/24	16078.83	17902.16	16078.83	17864.66
2007/08/31	17943.91	18128.66	17307.75	17872.08
2007/09/07	17988.33	18288.89	17649.08	17674.08
2007/09/14	17473.22	18213.91	16944.08	18213.67
2007/09/21	18131.07	18579.09	17776.55	18228.56
2007/09/28	18288.46	18939.90	17803.91	18864.51
2007/10/12	19287.58	19600.00	18208.39	19135.16
2007/10/19	19084.83	19551.73	18604.00	18834.80
2007/10/26	18522.39	19078.33	17933.26	18506.50
2007/11/02	18654.51	19559.41	18504.13	18564.33
2007/11/09	18451.13	18563.41	16922.56	17160.09
2007/11/16	16768.80	17393.76	16254.66	16728.25
2007/11/23	16728.34	17248.82	15766.19	16217.50
2007/11/30	16504.13	16600.91	15189.41	15637.65
2007/12/07	15580.23	16752.58	15477.46	16750.41
2007/12/14	16454.25	17222.22	15734.40	16483.49
2007/12/21	16484.16	16819.00	15926.54	16808.66
2007/12/28	16931.01	17856.91	16895.25	17700.59
2008/01/04	17731.83	18195.25	17438.58	18122.41
2008/01/11	18123.13	19124.08	18092.23	19016.58
2008/01/18	19074.33	19219.88	17450.47	18131.38
2008/01/25	18166.67	18188.72	15793.28	17294.00
2008/02/01	17215.05	17215.05	15151.16	15776.87
2008/02/05	16211.66	17245.88	16211.66	16859.63
2008/02/15	16663.90	16835.72	16257.74	16496.23
2008/02/22	16718.75	17476.83	16032.65	16179.50
2008/02/29	16201.54	16304.23	14907.25	15823.87
2008/03/07	15722.32	16350.08	15092.46	15560.83
2008/03/14	15482.75	15482.75	13548.96	13817.65
2008/03/21	13785.46	13941.90	12281.08	13718.96
2008/03/28	13888.96	13996.50	12717.96	13692.83
2008/04/03	13346.04	13620.82	12017.99	12652.91
2008/04/11	12493.91	13785.79	12383.41	13328.11
2008/04/18	13019.00	13074.29	11218.40	11292.04
2008/04/25	12134.65	13463.91	10586.36	13104.95
2008/04/30	12899.75	13557.46	12641.62	13504.87
2008/05/09	13673.58	13881.16	12769.46	13080.37
2008/05/16	12869.75	13728.86	12640.95	13314.37
2008/05/23	13283.33	13303.87	12020.04	12216.37
2008/05/30	12116.71	12386.65	11810.61	12048.24
2008/06/06	11999.95	12160.95	11670.65	11733.96
2008/06/13	11212.83	11212.83	9921.33	9936.73
2008/06/20	9930.62	10036.88	8888.78	9373.69
2008/06/27	9238.91	10132.33	9136.88	9436.21
2008/07/04	9320.94	9566.37	8922.58	9400.71
2008/07/11	9397.62	10472.61	9397.62	10031.37
2008/07/18	9916.41	10144.53	9179.25	9588.40
2008/07/25	9552.44	10030.34	9485.71	9923.16
2008/08/01	9974.83	10112.63	9282.46	9556.91
2008/08/08	9494.01	9558.44	8647.00	8658.78
2008/08/15	8627.11	8627.11	7986.74	8233.41
2008/08/22	8256.63	8553.82	7700.96	8101.68
2008/08/29	8115.83	8183.18	7729.04	8004.24
2008/09/05	7954.00	7954.00	7237.06	7264.20
2008/09/12	7278.66	7302.79	6852.81	6935.06
2008/09/19	6908.54	7154.00	6290.00	7154.00
2008/09/26	7654.08	7752.83	6830.54	7559.27
2008/10/10	7406.02	7406.02	6345.79	6385.35
2008/10/17	6330.18	6807.14	6081.14	6209.50
2008/10/24	6220.43	6527.49	6093.75	6158.95
2008/10/31	6037.54	6039.08	5577.23	5839.33
2008/11/07	5794.16	5941.79	5598.21	5753.10
2008/11/14	5855.08	6660.43	5855.08	6660.41
2008/11/21	6634.62	6854.62	6260.46	6711.35
2008/11/28	6694.54	6947.12	6390.33	6658.50
2008/12/05	6634.60	7389.35	6596.64	7279.14
2008/12/12	7363.64	7585.16	6988.79	7092.71
2008/12/19	7184.16	7507.70	6955.18	7438.83
2008/12/26	7429.46	7465.49	6654.58	6704.25
2008/12/31	6641.77	6682.72	6460.70	6485.50
2009/01/09	6557.41	6836.10	6514.49	6719.87
2009/01/16	6690.96	7038.93	6518.85	6917.48
2009/01/23	6972.58	7103.83	6879.16	7015.24
2009/02/06	7073.87	7772.39	6995.83	7771.89
2009/02/13	7891.49	8648.01	7861.85	8628.75
2009/02/20	8707.91	8800.62	8049.91	8423.76
2009/02/27	8423.40	8820.66	7453.39	7608.22
2009/03/06	7511.66	8412.07	7495.81	8249.88
2009/03/13	8310.12	8426.99	7696.16	7875.74
2009/03/20	7847.33	8717.63	7795.04	8647.50
2009/03/27	8664.66	9115.04	8590.00	8994.15
2009/04/03	8991.87	9436.63	8709.32	9244.66
2009/04/10	9251.12	9345.44	8816.08	9345.44
2009/04/17	9449.50	9776.67	9441.16	9580.05
2009/04/24	9559.61	9793.63	9132.40	9315.21
2009/04/30	9291.21	9566.75	8985.59	9502.51
2009/05/08	9567.62	10318.66	9562.95	10183.05
2009/05/15	10248.51	10357.00	9764.83	10273.23
2009/05/22	10211.01	10497.16	9976.91	10072.62
2009/05/27	9861.37	10215.13	9824.62	10127.91
2009/06/05	10267.74	10817.04	10267.74	10667.11
2009/06/12	10651.17	10882.50	10440.11	10524.12
2009/06/19	10578.63	11270.62	10522.76	11242.29
2009/06/26	11315.91	11490.76	10941.32	11413.16
2009/07/03	11423.46	12261.91	11370.09	12258.79
2009/07/10	12301.91	12814.00	12096.83	12706.00
2009/07/17	12705.48	13222.50	12640.50	13131.96
2009/07/24	13150.91	13660.28	13069.83	13531.71
2009/07/31	13599.66	13881.13	12720.04	13670.71
2009/08/07	13735.08	13943.44	12943.83	12975.25
2009/08/14	13109.32	13243.82	12383.19	12499.75
2009/08/21	12269.49	12378.00	11072.61	11892.01
2009/08/28	11962.75	12148.17	11332.38	11450.08
2009/09/04	11297.46	11609.48	10387.41	11519.67
2009/09/11	11591.63	12173.20	11425.50	12096.25
2009/09/18	12145.83	12530.07	11854.24	11977.40
2009/09/25	11836.75	12230.23	11109.08	11384.16
2009/09/30	11418.44	11527.62	10883.12	11206.84
2009/10/09	11499.70	11809.09	11452.33	11801.23
2009/10/16	11829.29	12214.07	11679.20	12033.37
2009/10/23	12047.74	12941.37	12035.19	12843.21
2009/10/30	12869.33	12916.80	12174.12	12297.16
2009/11/06	12016.61	13082.16	11957.58	12987.20
2009/11/13	12996.29	13299.29	12890.00	13264.40
2009/11/20	13354.16	13781.00	13354.16	13695.15
2009/11/27	13710.25	14032.59	12800.70	12876.15
2009/12/04	13015.48	13950.92	13015.48	13884.92
2009/12/11	13924.40	14096.87	13713.51	13875.87
2009/12/18	13882.17	13972.65	12900.04	12914.96
2009/12/25	12911.79	13364.29	12635.67	13289.94
2009/12/31	13311.01	13699.96	13308.79	13699.96
2010/01/08	13766.09	13782.80	13040.33	13267.44
2010/01/15	13559.28	13606.23	12936.32	13264.37
2010/01/22	13234.11	13433.05	12394.07	12595.94
2010/01/29	12506.13	12640.73	11903.99	12137.20
2010/02/05	12125.50	12283.51	11714.16	11917.13
2010/02/12	11900.09	12327.92	11847.01	12304.78
2010/02/26	12299.11	12527.01	11922.73	12436.66
2010/03/05	12480.80	12720.36	12268.55	12341.74
2010/03/12	12376.33	12569.55	12167.33	12169.11
2010/03/19	12154.53	12361.21	11835.62	12352.91
2010/03/26	12358.03	12411.21	12030.42	12240.36
2010/04/02	12301.59	12793.71	12301.59	12767.86
2010/04/09	12824.15	12849.71	12381.37	12555.12
2010/04/16	12605.95	12625.76	12261.26	12416.86
2010/04/23	12248.01	12248.01	11395.74	11702.87
2010/04/30	11701.42	11767.66	10974.15	11162.54
2010/05/07	10959.16	11139.16	10091.32	10146.42
2010/05/14	10156.90	10511.15	9905.48	10330.13
2010/05/21	10168.15	10214.33	9627.41	10209.07
2010/05/28	10296.19	10710.12	10199.11	10495.65
2010/06/04	10455.33	10553.24	9950.53	10187.20
2010/06/11	9977.23	10358.58	9922.78	10239.33
2010/06/18	10300.50	10329.44	9934.82	9966.54
2010/06/25	9957.37	10407.37	9874.42	10104.83
2010/07/02	10101.26	10165.57	8945.20	9227.88
2010/07/09	9122.42	9868.79	8982.79	9816.86
2010/07/16	9829.58	9999.99	9599.96	9806.63
2010/07/23	9727.00	10587.03	9700.55	10527.95
2010/07/30	10555.69	10899.42	10449.51	10785.34
2010/08/06	10789.07	11091.17	10625.88	10942.92
2010/08/13	10923.88	11050.83	10613.28	10886.57
2010/08/20	10870.74	11424.08	10827.59	11090.46
2010/08/27	11098.26	11311.09	10926.16	11034.73
2010/09/03	11114.71	11540.41	11098.74	11467.08
2010/09/10	11550.12	11750.88	11302.73	11530.99
2010/09/17	11541.91	11759.00	11060.66	11208.25
2010/09/21	11221.94	11262.45	11072.53	11210.74
2010/09/30	11262.87	11468.78	11125.49	11468.54
2010/10/08	11594.91	11960.57	11578.12	11911.37
2010/10/15	12037.99	12834.79	12037.99	12765.50
2010/10/22	12803.46	13346.33	12532.11	13224.98
2010/10/29	13292.53	13863.98	13261.04	13367.24
2010/11/05	13385.25	13930.33	13364.40	13733.36
2010/11/12	13785.79	13936.87	12702.95	12726.54
2010/11/19	12772.84	12877.37	11849.90	12295.84
2010/11/26	12190.34	12676.94	11864.36	12539.00
2010/12/03	12527.53	12592.91	11979.29	12443.00
2010/12/10	12486.32	12823.15	12241.75	12460.46
2010/12/17	12546.04	12987.71	12545.57	12759.59
2010/12/24	12815.04	12975.62	12330.99	12556.84
2010/12/31	12575.42	12808.83	11963.71	12458.54
2011/01/07	12578.45	12790.92	12502.16	12573.94
2011/01/14	12577.08	12644.32	12212.50	12294.16
2011/01/21	12159.95	12229.55	11491.94	11639.96
2011/01/28	11661.75	11935.04	11377.33	11894.23
2011/02/01	11884.33	12052.38	11820.20	11991.50
2011/02/11	11903.65	12376.03	11764.23	12292.49
2011/02/18	12318.30	12936.74	12318.30	12613.11
2011/02/25	12526.25	12918.41	12387.75	12633.87
2011/03/04	12658.19	13023.01	12562.95	12893.83
2011/03/11	12961.41	13233.01	12821.07	12848.01
2011/03/18	12814.09	12958.29	12447.71	12721.99
2011/03/25	12745.37	12980.30	12471.38	12942.07
2011/04/01	13020.21	13075.23	12498.83	12699.41
2011/04/08	12648.91	13039.73	12568.83	13036.23
2011/04/15	13075.69	13142.42	12772.32	12965.75
2011/04/22	12912.98	13045.82	12687.62	12708.41
2011/04/29	12664.45	12664.45	12138.84	12312.99
2011/05/06	12314.70	12423.46	11896.98	12067.61
2011/05/13	12074.13	12282.87	11958.58	12156.61
2011/05/20	12110.96	12341.92	11983.87	12161.03
2011/05/27	12148.58	12148.58	11483.55	11492.71
2011/06/03	11456.30	11719.63	11366.12	11642.40
2011/06/10	11614.00	11787.12	11454.04	11593.37
2011/06/17	11518.05	11794.54	11409.16	11409.16
2011/06/24	11408.36	12092.23	11288.62	11996.08
2011/07/01	12005.05	12267.80	11911.83	12178.08
2011/07/08	12241.66	12548.98	12241.66	12404.33
2011/07/15	12357.58	12546.50	12232.21	12506.94
2011/07/22	12511.69	12537.79	12277.38	12352.50
2011/07/29	12258.12	12289.50	11885.90	11990.42
2011/08/05	11975.28	12074.95	11547.15	11701.75
2011/08/12	11576.57	11738.87	10926.46	11651.29
2011/08/19	11686.42	11797.41	11191.54	11301.53
2011/08/26	11315.29	11605.07	11083.40	11568.16
2011/09/02	11464.87	11573.28	11176.04	11228.29
2011/09/09	11129.37	11131.78	10736.33	10892.38
2011/09/16	10738.59	10955.62	10604.63	10878.23
2011/09/23	10815.79	11035.24	10392.91	10538.40
2011/09/30	10433.11	10602.08	10224.73	10292.33
2011/10/14	10315.96	10564.54	9949.13	10438.25
2011/10/21	10455.50	10588.12	9691.59	9697.21
2011/10/28	9735.33	10637.09	9653.50	10561.99
2011/11/04	10546.41	10791.38	10233.62	10699.49
2011/11/11	10660.15	10717.21	10375.37	10418.92
2011/11/18	10501.73	10645.67	10002.76	10025.16
2011/11/25	10032.46	10076.67	9837.84	9886.25
2011/12/02	9908.12	10102.34	9626.75	9808.23
2011/12/09	9805.45	9807.69	9439.83	9480.26
2011/12/16	9457.83	9467.04	8849.79	9081.94
2011/12/23	9002.67	9166.66	8710.57	8976.51
2011/12/30	8931.58	9038.13	8555.12	8918.82
2012/01/06	8980.75	9025.66	8486.58	8634.41
2012/01/13	8638.53	9344.74	8532.66	9030.58
2012/01/20	8951.17	9503.37	8762.57	9466.13
2012/02/03	9482.21	9482.21	9173.07	9436.99
2012/02/10	9451.16	9699.29	9206.86	9590.95
2012/02/17	9463.95	9727.03	9420.40	9615.33
2012/02/24	9741.15	10131.12	9539.83	10124.15
2012/03/02	10157.17	10333.91	10011.12	10299.94
2012/03/09	10338.00	10379.46	9991.33	10334.37
2012/03/16	10322.95	10529.00	10013.42	10279.29
2012/03/23	10256.50	10306.46	9858.37	9885.25
2012/03/30	9871.88	10008.67	9352.16	9410.25
2012/04/06	9410.96	9811.67	9388.78	9786.19
2012/04/13	9739.07	10116.12	9516.88	10043.71
2012/04/20	9975.62	10144.54	9837.78	10131.04
2012/04/27	10142.00	10258.57	9841.44	10180.38
2012/05/04	10319.48	10576.21	10253.04	10573.59
2012/05/11	10512.69	10616.28	10210.73	10211.41
2012/05/18	10278.95	10284.90	9880.04	9903.08
2012/05/25	9893.76	10218.33	9848.91	9884.96
2012/06/01	9816.78	10271.37	9755.58	10145.79
2012/06/08	9988.53	10085.40	9685.33	9707.17
2012/06/15	9731.79	10002.50	9704.44	9885.65
2012/06/21	9921.23	10020.07	9621.76	9682.69
2012/06/29	9635.70	9635.70	9351.79	9500.32
2012/07/06	9575.08	9716.54	9366.88	9690.16
2012/07/13	9636.21	9853.73	9445.95	9792.49
2012/07/20	9768.59	9771.04	9325.25	9333.21
2012/07/27	9255.94	9340.51	9054.87	9087.12
2012/08/03	9087.29	9234.74	8957.28	9076.62
2012/08/10	9055.12	9344.08	9036.75	9238.20
2012/08/17	9226.46	9226.46	8801.96	8883.61
2012/08/24	8805.34	8935.24	8578.55	8579.28
2012/08/31	8562.33	8562.33	8132.35	8210.99
2012/09/07	8220.30	8822.25	8182.04	8709.07
2012/09/14	8738.45	8865.65	8638.75	8740.04
2012/09/21	8717.32	8738.32	8156.62	8201.53
2012/09/28	8148.37	8690.24	8095.52	8679.21
2012/10/12	8677.99	8782.45	8495.34	8650.19
2012/10/19	8660.71	8861.04	8551.09	8796.41
2012/10/26	8749.03	8859.50	8369.04	8414.84
2012/11/02	8394.46	8697.32	8339.66	8679.69
2012/11/09	8674.25	8739.83	8339.54	8356.66
2012/11/16	8371.24	8437.94	8043.75	8118.14
2012/11/23	8109.77	8157.83	7954.06	8114.74
2012/11/30	8096.71	8114.91	7786.83	7903.25
2012/12/07	7903.25	8211.63	7660.45	8189.68
2012/12/14	8199.17	8536.54	8150.02	8530.90
2012/12/21	8545.03	8815.03	8511.40	8658.34
2012/12/28	8647.41	9038.62	8571.70	9026.99
2013/01/04	9042.98	9217.00	8991.74	9096.07
2013/01/11	9073.96	9262.66	8988.29	9017.73
2013/01/18	8981.74	9475.46	8976.01	9432.29
2013/01/25	9543.24	9736.12	9353.38	9357.12
2013/02/01	9361.30	9820.83	9361.30	9820.29
2013/02/08	9830.90	10057.96	9693.62	9989.08
2013/02/22	10036.37	10049.53	9290.19
2013/03/01	9399.45	9679.45	9193.92	9650.13
2013/03/08	9393.73	9506.29	9081.44	9285.83
2013/03/15	9256.96	9396.41	8937.07	9099.29
2013/03/22	9048.36	9382.91	8930.05	9343.41
2013/03/29	9368.88	9393.48	8879.29	8889.76
2013/04/03	8901.63	9112.92	8884.17	8964.46
2013/04/12	8828.07	9067.25	8748.74	8835.15
2013/04/19	8792.91	9142.90	8645.19	9111.19
2013/04/26	9095.73	9140.45	8667.58	8691.38
2013/05/03	8643.90	8967.08	8597.71	8847.67
2013/05/10	8887.21	9170.83	8868.53	9071.16
2013/05/17	9080.09	9264.21	8773.79	9246.28
2013/05/24	9274.12	9462.01	9206.83	9304.86
2013/05/31	9278.21	9511.17	9199.41	9257.95
2013/06/07	9259.48	9345.66	8728.49	8763.61
2013/06/14	8642.32	8642.32	8362.01	8479.46
2013/06/21	8500.04	8521.03	7969.96	8136.04
2013/06/28	8115.83	8115.83	7045.60	7694.47
2013/07/05	7649.29	7968.87	7544.77	7856.58
2013/07/12	7741.41	8281.54	7570.54	8012.83
2013/07/19	8072.75	8247.66	7663.99	7663.99
2013/07/26	7608.68	7998.41	7566.75	7843.35
2013/08/02	7772.16	8084.89	7619.35	7961.47
2013/08/09	7955.37	8250.87	7930.46	8145.97
2013/08/16	8181.95	8476.04	8152.68	8168.08
2013/08/23	8110.79	8357.73	8045.79	8166.27
2013/08/30	8200.16	8352.40	8163.10	8202.48
2013/09/06	8214.95	8400.80	8148.16	8280.33
2013/09/13	8334.41	8766.70	8319.09	8687.54
2013/09/18	8706.37	8722.49	8405.23	8480.74
2013/09/27	8503.91	8722.58	8415.44	8472.29
2013/09/30	8485.65	8544.74	8461.66	8514.57
2013/10/11	8505.11	8773.17	8461.57	8737.96
2013/10/18	8736.75	8815.75	8493.94	8584.87
2013/10/25	8608.92	8744.79	8325.87	8379.61
2013/11/01	8398.25	8559.76	8214.54	8451.71
2013/11/08	8493.30	8524.48	8126.79	8155.39
2013/11/15	8142.39	8418.73	8054.96	8305.91
2013/11/22	8356.91	8564.21	8328.86	8413.33
2013/11/29	8351.83	8630.37	8337.19	8542.61
2013/12/06	8461.49	8648.00	8340.21	8526.67
2013/12/13	8562.33	8597.19	8317.33	8429.82
2013/12/20	8441.11	8446.33	7966.72	7966.72
2013/12/27	7991.33	8125.49	7887.37	8048.85
2014/01/03	8074.68	8129.25	7959.27	8028.33
2014/01/10	8013.37	8013.37	7644.91	7648.04
2014/01/17	7646.46	7724.39	7521.18	7544.56
2014/01/24	7526.70	7908.89	7477.79	7855.14
2014/01/30	7810.23	7815.72	7560.54	7572.62
2014/02/07	7515.08	7616.56	7479.56	7616.56
2014/02/14	7655.56	7936.75	7651.49	7883.75
2014/02/21	7922.74	7997.02	7718.52	7750.56
2014/02/28	7697.21	7697.21	7174.33	7365.93
2014/03/07	7349.95	7410.66	7186.70	7328.48
2014/03/14	7269.49	7335.10	7091.29	7239.06
2014/03/21	7266.95	7357.06	6959.25	7241.56
2014/03/28	7237.25	7318.75	7144.06	7165.56
2014/04/04	7219.21	7396.85	7146.14	7367.79
2014/04/11	7334.18	7611.14	7323.41	7586.83
2014/04/18	7588.60	7618.56	7380.73	7455.74
2014/04/25	7412.33	7493.41	7276.72	7323.64
2014/04/30	7324.87	7353.33	7215.12	7312.85
2014/05/09	7289.24	7381.22	7093.22	7162.43
2014/05/16	7208.04	7369.16	7175.22	7242.16
2014/05/23	7210.85	7295.04	7075.31	7240.91
2014/05/30	7289.62	7432.35	7233.16	7364.83
2014/06/06	7365.60	7399.46	7177.66	7235.39
2014/06/13	7217.54	7429.96	7205.33	7401.35
2014/06/20	7397.04	7433.54	7134.54	7195.68
2014/06/27	7205.89	7344.79	7174.60	7312.62
2014/07/04	7312.68	7363.16	7258.31	7333.91
2014/07/11	7336.62	7373.23	7146.45	7206.97
2014/07/18	7206.12	7324.68	7151.43	7259.45
2014/07/25	7264.54	7578.12	7251.35	7578.12
2014/08/01	7630.35	8021.14	7630.35	7880.98
2014/08/08	7896.97	8032.27	7845.25	7885.33
2014/08/15	7902.24	8029.73	7887.95	7982.06
2014/08/22	8018.18	8074.41	7904.06	8059.39
2014/08/29	8054.87	8056.21	7735.68	7841.70
2014/09/05	7852.91	8237.41	7852.87	8214.53
2014/09/12	8220.96	8251.05	8069.68	8146.99
2014/09/19	8124.73	8143.91	7893.10	8047.25
2014/09/26	8036.87	8167.02	7886.87	8072.87
2014/09/30	8084.27	8107.14	8045.89	8080.35
2014/10/10	8134.37	8260.23	8073.72	8211.54
2014/10/17	8179.49	8227.13	8015.62	8151.52
2014/10/24	8175.68	8219.79	7899.54	7921.12
2014/10/31	7881.00	8230.58	7803.46	8225.61
2014/11/07	8245.03	8348.87	8137.41	8234.87
2014/11/14	8299.41	8491.12	8242.49	8326.90
2014/11/21	8358.12	8389.40	8173.43	8332.29
2014/11/28	8498.05	9010.16	8464.61	9002.23
2014/12/05	9029.63	10319.87	9027.29	10067.28
2014/12/12	10047.12	11050.84	9919.65	10462.30
2014/12/19	10477.45	10812.15	10298.37	10627.11
2014/12/26	10607.58	10816.83	10179.25	10802.63
2014/12/31	10918.96	11037.61	10660.20	11014.62
2015/01/09	11150.98	11749.13	11150.98	11324.75
2015/01/16	11279.73	11583.73	11116.05	11532.79
2015/01/23	10939.04	11554.51	10634.62	11436.29
2015/01/30	11564.21	11711.88	11132.79	11150.69
2015/02/06	10952.13	11386.73	10715.42	10791.09
2015/02/13	10792.00	11564.67	10760.04	11443.04
2015/02/17	11474.87	11772.15	11437.74	11718.55
2015/02/27	11755.17	11819.41	11470.42	11757.67
2015/03/06	11869.96	11955.82	11381.91	11392.40
2015/03/13	11280.01	11751.20	11169.04	11713.61
2015/03/20	11791.41	12659.83	11748.08	12544.45
2015/03/27	12644.19	12930.24	12495.91	12874.41
2015/04/03	12917.13	13538.29	12894.49	13494.63
2015/04/10	13626.62	14034.30	13505.84	14013.33
2015/04/17	14100.34	14249.46	13492.76	14149.33
2015/04/24	14132.83	14893.00	13814.96	14598.70
2015/04/30	14749.01	15009.73	14542.32	14818.63
2015/05/08	14846.48	14958.79	14027.59	14481.25
2015/05/15	14572.82	15299.79	14447.78	14694.95
2015/05/22	14612.87	16191.15	14564.73	16045.79
2015/05/29	15894.13	17153.80	15299.65	16100.45
2015/06/05	16247.38	17901.85	16245.54	17649.08
2015/06/12	17648.72	18198.07	17145.69	18098.26
2015/06/19	18182.64	18211.76	15700.49	15725.47
2015/06/26	15720.32	16399.34	14321.05	14398.79
2015/07/03	14703.97	14712.16	11953.08	12246.06
2015/07/10	13140.14	13140.14	10850.38	12038.15
2015/07/17	12367.62	13097.45	11637.47	13004.96
2015/07/24	13115.48	13970.84	12928.13	13518.52
2015/07/31	13242.69	13579.64	11719.00	12374.25
2015/08/07	12178.57	12842.31	11909.01	12753.05
2015/08/14	12877.31	13606.33	12821.89	13445.87
2015/08/21	13417.33	13652.54	11891.84	11902.05
2015/08/28	11399.66	11446.10	9713.99	10800.00
2015/09/02	10706.23	10706.23	9682.71	10054.80
2015/09/11	10121.83	10702.18	9763.95	10463.69
2015/09/18	10517.68	10544.28	9259.65	9850.77
2015/09/25	9732.12	10357.42	9701.33	9904.76
2015/09/30	9919.56	10124.31	9796.93	9988.25
2015/10/09	10332.24	10589.52	10265.00	10540.19
2015/10/16	10599.88	11384.24	10593.54	11374.83
2015/10/23	11426.52	11653.09	10872.57	11603.46
2015/10/30	11765.65	11834.07	11229.10	11546.05
2015/11/06	11306.20	12292.42	11200.60	12273.35
2015/11/13	12227.41	12758.67	12145.06	12402.04
2015/11/20	12180.99	12827.20	12171.66	12702.03
2015/11/27	12699.15	12970.47	11880.32	11961.70
2015/12/04	11991.70	12474.46	11455.50	12329.18
2015/12/11	12351.41	12467.85	12051.44	12134.02
2015/12/18	12023.81	12904.08	12004.49	12830.25
2015/12/25	12824.43	13187.05	12770.36	12980.57
2015/12/31	13025.66	13064.50	12598.11	12664.89
2016/01/08	12650.72	12659.41	10376.29	10888.91
2016/01/15	10656.87	10809.57	9668.90	9997.92
2016/01/22	9807.25	10554.04	9807.25	10111.57
2016/01/29	10194.75	10291.50	8986.52	9418.20
2016/02/05	9389.62	9844.02	9196.15	9673.48
2016/02/19	9385.52	10273.63	9385.52	10162.32
2016/02/26	10290.05	10397.52	9392.67	9573.70
2016/03/04	9528.72	9946.94	9000.89	9536.71
2016/03/11	9642.25	9805.37	9254.24	9363.41
2016/03/18	9466.42	10170.69	9418.55	10126.59
2016/03/25	10255.90	10473.22	10223.16	10339.68
2016/04/01	10399.17	10552.58	10024.06	10379.65
2016/04/08	10393.65	10743.23	10288.80	10413.54
2016/04/15	10513.87	10810.41	10430.31	10733.64
2016/04/22	10665.44	10665.44	9976.05	10151.76
2016/04/29	10122.13	10279.09	9986.39	10141.54
2016/05/06	10144.15	10501.44	10100.54	10100.54
2016/05/13	10018.51	10018.51	9544.12	9759.27
2016/05/20	9729.79	10007.38	9591.18	9816.75
2016/05/27	9839.78	9937.83	9605.45	9813.63
2016/06/03	9756.87	10412.95	9681.24	10344.91
2016/06/08	10383.45	10403.81	10232.13	10316.82
2016/06/17	10190.78	10261.97	9779.11	10182.53
2016/06/24	10183.77	10357.18	9901.90	10147.70
2016/07/01	10090.05	10555.95	10090.05	10458.43
2016/07/08	10369.69	10672.92	10362.85	10611.80
2016/07/15	10633.63	10890.02	10487.55	10823.21
2016/07/22	10793.18	10872.34	10661.39	10709.07
2016/07/29	10684.55	10873.26	10262.30	10329.44
2016/08/05	10289.89	10420.42	10086.65	10342.28
2016/08/12	10315.00	10594.77	10259.30	10528.10
2016/08/19	10556.40	10946.74	10552.95	10872.71
2016/08/26	10869.06	10894.84	10564.36	10693.75
2016/09/02	10690.95	10787.32	10592.08	10640.42
2016/09/09	10682.71	10903.64	10623.99	10762.79
2016/09/14	10578.78	10619.89	10425.69	10454.24
2016/09/23	10476.63	10697.39	10476.63	10609.70
2016/09/30	10588.35	10590.37	10352.02	10567.58
2016/10/14	10612.21	10818.04	10584.70	10759.68
2016/10/21	10770.34	10824.41	10624.82	10748.90
2016/10/28	10755.49	10871.66	10710.93	10711.04
2016/11/04	10685.36	10804.26	10630.30	10702.57
2016/11/11	10704.26	10878.14	10575.16	10878.14
2016/11/18	10855.98	10998.92	10847.82	10889.11
2016/11/25	10877.08	11041.52	10830.40	11036.53
2016/12/02	11078.77	11124.81	10905.39	10912.63
2016/12/09	10776.12	10894.08	10751.20	10789.62
2016/12/16	10774.59	10775.57	10192.13	10334.76
2016/12/23	10330.61	10330.61	10196.72	10199.86
2016/12/30	10163.51	10270.98	10062.37	10177.14
2017/01/06	10205.14	10396.90	10205.14	10289.36
2017/01/13	10281.31	10357.14	9997.40	10008.30
2017/01/20	9993.56	9993.56	9482.84	9906.14
2017/01/26	9919.41	10053.36	9919.41	10052.05
2017/02/03	10061.29	10066.70	9985.30	10004.84
2017/02/10	10004.22	10212.48	9984.64	10186.38
2017/02/17	10188.71	10296.14	10160.11	10197.92
2017/02/24	10203.02	10454.16	10203.02	10443.73
2017/03/03	10443.30	10447.68	10308.22	10397.05
2017/03/10	10406.23	10552.14	10402.36	10451.01
2017/03/17	10450.65	10650.46	10402.72	10515.41
2017/03/24	10512.89	10666.12	10459.74	10646.72
2017/03/31	10643.45	10660.23	10328.95	10428.72
2017/04/07	10496.78	10702.88	10496.78	10669.48
2017/04/14	10663.86	10678.78	10476.66	10519.86
2017/04/21	10483.96	10522.85	10235.00	10314.35
2017/04/28	10285.04	10285.04	10015.89	10234.65
2017/05/05	10205.66	10244.35	10024.44	10024.44
2017/05/12	10000.95	10018.57	9566.42	9787.99
2017/05/19	9812.38	10091.47	9761.35	9970.96
2017/05/26	9958.29	10014.94	9609.41	9859.23
2017/06/02	9944.12	9976.65	9637.54	9794.89
2017/06/09	9799.81	10182.61	9799.65	10177.45
2017/06/16	10144.12	10237.40	10102.50	10191.24
2017/06/23	10191.98	10418.61	10191.87	10366.78
2017/06/30	10377.22	10548.80	10377.22	10529.61
2017/07/07	10531.73	10574.11	10434.68	10563.72
2017/07/14	10542.55	10574.21	10360.10	10427.79
2017/07/21	10383.22	10406.25	9960.56	10364.82
2017/07/28	10352.85	10456.41	10216.02	10437.94
2017/08/04	10438.23	10557.47	10360.83	10361.23
2017/08/11	10353.15	10582.16	10281.63	10291.35
2017/08/18	10308.97	10658.16	10308.97	10614.08
2017/08/25	10624.81	10699.05	10537.78	10659.01
2017/09/01	10678.35	10880.56	10678.35	10880.56
2017/09/08	10882.13	11059.47	10859.36	10970.77
2017/09/15	10979.72	11131.95	10963.62	11063.10
2017/09/22	11062.43	11199.19	11025.89	11069.82
2017/09/29	11054.26	11121.44	10890.92	11087.19
2017/10/13	11248.35	11400.05	11214.90	11399.09
2017/10/20	11401.87	11422.94	11140.34	11238.88
2017/10/27	11239.69	11509.02	11228.68	11444.52
2017/11/03	11446.79	11472.28	11165.06	11215.19
2017/11/10	11218.04	11659.65	11181.29	11645.05
2017/11/17	11657.63	11714.98	11292.93	11292.93
2017/11/24	11229.58	11666.13	11058.99	11168.39
2017/12/01	11126.78	11126.78	10908.70	11013.15
2017/12/08	11007.19	11099.83	10716.29	10935.06
2017/12/15	10962.18	11176.58	10962.18	10998.12
2017/12/22	10991.11	11154.75	10916.19	11094.16
2017/12/29	11102.16	11132.59	10891.75	11040.45
2018/01/05	11079.64	11372.29	11072.87	11342.85
2018/01/12	11343.82	11496.53	11287.60	11461.99
2018/01/19	11453.33	11476.58	11185.92	11296.27
2018/01/26	11289.86	11633.46	11273.69	11557.82
2018/02/02	11547.68	11556.65	10663.54	10925.16
2018/02/09	10761.08	10873.24	9868.83	10001.23
2018/02/14	10059.86	10486.81	10059.86	10431.91
2018/02/23	10547.81	10700.11	10526.98	10662.79
2018/03/02	10731.31	10947.39	10656.36	10856.25
2018/03/09	10882.87	11203.72	10813.47	11194.91
2018/03/16	11266.32	11335.30	11051.12	11051.12
2018/03/23	11046.03	11170.56	10256.50	10439.99
2018/03/30	10303.75	10883.05	10217.22	10868.65
2018/04/04	10887.47	10950.22	10667.33	10684.56
2018/04/13	10655.07	10856.44	10571.16	10687.02
2018/04/20	10660.69	10704.39	10249.87	10408.91
2018/04/27	10416.78	10579.18	10228.09	10324.47
2018/05/04	10356.19	10490.06	10228.26	10426.19
2018/05/11	10456.43	10752.82	10450.49	10634.30
2018/05/18	10649.11	10776.43	10557.75	10672.52
2018/05/25	10741.19	10789.76	10435.95	10448.22
2018/06/01	10439.65	10536.57	10097.48	10169.35
2018/06/08	10192.04	10411.56	10136.58	10205.52
2018/06/15	10191.31	10323.00	9902.63	9943.13
2018/06/22	9775.97	9815.01	9172.30	9409.95
