'399707'	申万证券	周线
日期	开盘	最高	最低	收盘	成交量	成交额
1999/12/30	1000.00	1000.00	1000.00	1000.00	7658.00	8475597
2000/01/07	1013.39	1138.94	1000.64	1127.42	220011.00	262593024
2000/01/14	1143.32	1272.10	1072.42	1080.03	558462.00	731228800
2000/01/21	1076.88	1266.72	1066.20	1200.16	358083.00	468779712
2000/01/28	1205.72	1379.94	1175.20	1330.69	493578.00	727691008
2000/02/18	1411.97	1715.24	1360.39	1558.01	725910.00	1316263296
2000/02/25	1575.21	1658.72	1352.26	1437.79	394125.00	767116800
2000/03/03	1453.54	1628.15	1423.91	1592.92	473142.00	821716224
2000/03/10	1697.19	1789.18	1455.78	1640.93	973593.00	1644541696
2000/03/17	1657.64	1770.76	1514.14	1634.59	546818.00	982146112
2000/03/24	1558.04	1871.46	1545.91	1768.83	349036.00	673855488
2000/03/31	1765.93	1838.30	1691.94	1726.20	237967.00	474343488
2000/04/07	1732.92	1880.37	1683.65	1831.60	371299.00	694447040
2000/04/14	1842.25	1907.13	1728.68	1761.46	198119.00	396936000
2000/04/21	1716.38	1759.93	1654.41	1716.72	124617.00	227449152
2000/04/28	1716.92	1761.54	1642.43	1754.40	137536.00	312148576
2000/05/12	1788.70	1906.71	1637.80	1660.90	215278.00	430286688
2000/05/19	1658.76	1685.12	1561.23	1663.75	93995.00	146203296
2000/05/26	1659.47	1786.00	1645.94	1752.11	169513.00	279974528
2000/06/02	1751.72	1808.13	1676.78	1698.86	194362.00	340097568
2000/06/09	1691.42	1769.21	1653.01	1713.24	151392.00	247590496
2000/06/16	1729.90	1768.26	1693.37	1717.97	114160.00	179084864
2000/06/23	1703.83	1722.58	1649.54	1690.07	96311.00	141613216
2000/06/30	1700.69	1768.83	1664.52	1686.53	168110.00	259916880
2000/07/07	1682.98	1682.98	1610.28	1622.27	110941.00	164875040
2000/07/14	1623.84	1666.96	1586.30	1614.67	161482.00	233243520
2000/07/21	1614.09	1702.11	1579.29	1667.10	135761.00	195760864
2000/07/28	1668.87	1803.83	1646.22	1700.46	185507.00	279041824
2000/08/04	1702.03	1749.82	1675.78	1727.13	153735.00	232940704
2000/08/11	1727.83	1839.03	1700.94	1767.79	242137.00	397089504
2000/08/18	1767.84	1877.41	1765.48	1858.54	270044.00	429464000
2000/08/25	1877.39	1930.04	1742.55	1912.51	365614.00	601182592
2000/09/01	1916.64	1930.20	1755.90	1767.27	180602.00	293337472
2000/09/08	1760.61	1811.71	1686.32	1727.40	98030.00	149996448
2000/09/15	1727.40	1785.93	1706.76	1728.95	73319.00	113067760
2000/09/22	1736.38	1810.44	1628.33	1749.89	188675.00	293759968
2000/09/29	1746.70	1774.25	1646.48	1733.14	91602.00	140570064
2000/10/13	1734.54	1842.53	1693.67	1791.88	170864.00	280705600
2000/10/20	1792.36	1831.04	1740.02	1828.68	142919.00	228701856
2000/10/27	1836.25	1923.75	1815.25	1858.59	194607.00	317074144
2000/11/03	1861.78	1877.34	1804.13	1833.33	94567.00	152231584
2000/11/10	1830.14	1854.42	1789.26	1843.55	125509.00	201128160
2000/11/17	1847.88	1907.05	1822.28	1833.72	149637.00	244451216
2000/11/24	1832.23	1942.15	1799.38	1847.02	221144.00	369815680
2000/12/01	1836.61	1923.30	1822.25	1864.98	104864.00	174090480
2000/12/08	1865.49	1879.65	1808.11	1815.38	80931.00	131600704
2000/12/15	1807.66	1826.60	1766.58	1800.25	71280.00	113093856
2000/12/22	1807.02	1830.76	1740.11	1797.13	92762.00	146745920
2000/12/29	1798.19	1819.40	1766.81	1798.53	78045.00	122439544
2001/01/05	1801.70	1852.82	1776.95	1804.26	66239.00	105370256
2001/01/12	1803.47	1835.61	1754.81	1795.56	80319.00	126240008
2001/01/19	1793.63	1809.72	1715.86	1770.73	47738.00	73453208
2001/02/09	1783.78	1788.41	1583.74	1624.42	48218.00	70484368
2001/02/16	1629.62	1635.12	1567.99	1579.62	34201.00	47998112
2001/02/23	1585.27	1633.07	1510.57	1546.50	42747.00	58391964
2001/03/02	1548.27	1635.34	1547.91	1623.01	35269.00	49311576
2001/03/09	1631.42	1691.28	1574.62	1688.14	55975.00	80615048
2001/03/16	1699.71	1707.03	1611.69	1630.29	69825.00	100703520
2001/03/23	1630.64	1716.63	1606.81	1673.56	102248.00	150331088
2001/03/30	1676.70	1735.88	1669.26	1697.78	69224.00	103781888
2001/04/06	1697.78	1734.34	1651.51	1676.56	52193.00	77273736
2001/04/13	1680.45	1725.77	1645.42	1679.97	70618.00	105069696
2001/04/20	1682.25	1764.35	1675.96	1691.45	117548.00	177580320
2001/04/27	1692.44	1715.24	1633.29	1653.83	45422.00	66149400
2001/04/30	1641.54	1661.58	1639.77	1656.31	4869.00	7110066
2001/05/11	1670.41	1693.20	1614.36	1657.91	26465.00	38460020
2001/05/18	1660.98	1723.57	1641.52	1671.09	69038.00	102079520
2001/05/25	1673.44	1687.12	1629.74	1637.09	53011.00	76841784
2001/06/01	1637.44	1682.77	1606.62	1645.02	47136.00	67675808
2001/06/08	1648.21	1702.75	1625.49	1683.41	69869.00	102280752
2001/06/15	1684.99	1720.53	1649.98	1666.04	87574.00	131101456
2001/06/22	1666.04	1673.96	1642.48	1667.48	34286.00	49704248
2001/06/29	1669.64	1708.39	1661.96	1678.32	45626.00	67518424
2001/07/06	1680.45	1691.49	1646.85	1654.05	27422.00	40058968
2001/07/13	1659.02	1665.31	1608.10	1647.48	50216.00	70859488
2001/07/20	1658.49	1720.71	1628.98	1704.51	211817.00	323740064
2001/07/27	1704.51	1728.93	1614.46	1618.39	95484.00	144593088
2001/08/03	1606.60	1606.60	1481.84	1532.17	60857.00	82384328
2001/08/10	1538.88	1550.71	1458.79	1517.82	36479.00	47821176
2001/08/17	1510.15	1528.85	1468.53	1479.76	30914.00	40675720
2001/08/24	1483.27	1503.45	1400.07	1401.21	29247.00	37490672
2001/08/31	1391.78	1393.56	1282.65	1345.56	60507.00	71067848
2001/09/07	1352.58	1427.05	1316.05	1323.86	123277.00	152960192
2001/09/14	1309.85	1422.80	1272.04	1361.07	96406.00	121415608
2001/09/21	1362.14	1443.99	1320.92	1390.82	78803.00	97160880
2001/09/28	1381.57	1403.86	1323.14	1348.59	29064.00	34858768
2001/10/12	1356.60	1366.75	1153.96	1247.96	47481.00	52018556
2001/10/19	1242.80	1284.28	1138.19	1170.23	44937.00	48122760
2001/10/26	1156.04	1330.79	1118.17	1254.44	120988.00	136504880
2001/11/02	1273.02	1288.25	1233.62	1237.40	40079.00	44729964
2001/11/09	1222.05	1238.98	1121.81	1200.28	50013.00	53232908
2001/11/16	1204.73	1268.53	1148.27	1201.67	44237.00	46371452
2001/11/23	1204.67	1296.18	1195.03	1268.67	84733.00	91550176
2001/11/30	1266.89	1351.54	1253.29	1326.26	89873.00	102142248
2001/12/07	1322.32	1339.86	1273.50	1285.99	70150.00	80250112
2001/12/14	1286.78	1303.76	1231.76	1238.55	31274.00	34535676
2001/12/21	1240.68	1260.54	1197.23	1208.67	31384.00	33388718
2001/12/28	1209.03	1209.03	1167.64	1179.16	29792.00	30556108
2002/01/04	1173.64	1215.55	1114.17	1135.88	14304.00	14406862
2002/01/11	1121.29	1147.02	1007.17	1030.04	34485.00	32277798
2002/01/18	1011.92	1028.11	842.15	856.54	49074.00	41039824
2002/01/25	842.76	943.87	756.66	916.44	108982.00	82186832
2002/02/01	900.06	1015.60	820.48	981.86	129010.00	107545744
2002/02/08	1000.58	1048.32	976.29	1018.22	105101.00	93796768
2002/03/01	1043.95	1079.68	1000.35	1002.28	54992.00	50086784
2002/03/08	983.19	1131.63	983.19	1108.12	114275.00	108421488
2002/03/15	1114.98	1190.45	1091.26	1119.54	223732.00	221297696
2002/03/22	1140.38	1196.69	1103.12	1155.85	153154.00	155133920
2002/03/29	1152.62	1160.86	1069.38	1075.38	56471.00	55485088
2002/04/05	1071.44	1121.07	1026.39	1098.82	48423.00	45617912
2002/04/12	1088.57	1152.50	1071.00	1100.75	54653.00	53213876
2002/04/19	1100.75	1101.54	1019.90	1052.87	37254.00	34503504
2002/04/26	1023.15	1051.93	989.81	1021.67	34171.00	30124352
2002/04/30	1029.17	1081.52	1025.23	1063.27	26435.00	24495816
2002/05/10	1065.56	1071.25	1032.97	1038.46	45407.00	45065064
2002/05/17	1037.39	1049.75	945.00	1003.44	64371.00	60124612
2002/05/24	995.74	1054.78	933.05	955.25	182828.00	186913344
2002/05/31	950.01	960.84	891.74	905.11	77968.00	66597508
2002/06/07	898.91	1111.93	873.84	1071.78	450756.00	387659456
2002/06/14	1070.20	1189.14	1059.19	1089.19	596004.00	577587264
2002/06/21	1080.90	1184.05	1067.99	1145.81	446878.00	433927840
2002/06/28	1154.87	1405.36	1126.87	1342.13	770580.00	900264896
2002/07/05	1336.32	1370.44	1275.63	1327.49	266063.00	302573792
2002/07/12	1325.36	1351.91	1261.74	1269.17	162343.00	182232624
2002/07/19	1265.14	1281.85	1231.08	1250.46	122012.00	132595488
2002/07/26	1252.48	1259.18	1202.91	1213.70	85805.00	91573544
2002/08/02	1212.76	1336.96	1195.00	1295.67	486308.00	545066368
2002/08/09	1295.24	1336.57	1255.16	1296.97	240522.00	268959712
2002/08/16	1287.73	1319.78	1255.73	1282.71	251546.00	283550592
2002/08/23	1277.98	1384.30	1268.36	1357.35	412254.00	482715488
2002/08/30	1361.71	1387.70	1331.32	1335.31	198222.00	234521984
2002/09/06	1331.59	1375.25	1284.01	1287.88	149526.00	172924576
2002/09/13	1284.72	1285.87	1242.67	1247.81	97128.00	105895240
2002/09/20	1242.95	1261.78	1177.47	1212.65	104615.00	109485336
2002/09/27	1211.86	1235.98	1188.58	1194.74	83816.00	87940232
2002/10/11	1175.57	1197.39	1090.64	1117.41	64761.00	63747000
2002/10/18	1113.82	1181.03	1085.46	1156.09	141202.00	138290896
2002/10/25	1156.88	1208.39	1137.17	1144.96	145872.00	150342640
2002/11/01	1138.88	1153.26	1112.73	1135.79	52571.00	51526128
2002/11/08	1150.13	1238.80	1144.40	1170.62	158161.00	163743088
2002/11/15	1172.20	1186.89	1053.12	1070.51	101634.00	97880728
2002/11/22	1070.51	1076.39	886.43	928.31	103434.00	88284400
2002/11/29	916.27	995.60	879.45	975.47	95569.00	79402064
2002/12/06	996.86	1003.96	928.84	946.96	121235.00	101380264
2002/12/13	940.96	977.89	899.41	971.76	122179.00	100143392
2002/12/20	967.81	1013.68	956.00	1008.11	194371.00	165651056
2002/12/27	1010.96	1018.85	913.31	935.08	119999.00	101091808
2003/01/03	929.55	965.56	897.32	963.27	111007.00	92121232
2003/01/10	961.62	1076.48	929.08	1002.11	380134.00	333712320
2003/01/17	1008.77	1100.94	986.12	1056.44	5583800.00	3742961664
2003/01/24	1048.37	1107.46	1026.71	1086.25	2851313.00	1960083968
2003/01/29	1084.47	1109.65	1069.73	1089.34	1036748.00	740250752
2003/02/14	1089.06	1128.00	1060.92	1093.72	1197147.00	855687488
2003/02/21	1093.41	1112.31	1058.05	1061.90	1042378.00	746408064
2003/02/28	1061.74	1111.87	1057.98	1088.31	768138.00	564174848
2003/03/07	1087.40	1118.50	1059.93	1061.34	881266.00	629169536
2003/03/14	1061.36	1070.07	1010.83	1013.74	468995.00	320982272
2003/03/21	1014.24	1041.03	1002.85	1033.89	441504.00	301504256
2003/03/28	1035.62	1124.99	993.28	1095.36	1651401.00	1237991040
2003/04/04	1088.63	1166.98	1080.73	1152.32	2009471.00	1568235136
2003/04/11	1146.88	1283.68	1140.56	1250.73	3096598.00	2562055680
2003/04/18	1250.58	1391.78	1242.23	1255.31	2585056.00	2321385216
2003/04/25	1248.70	1267.00	1113.28	1124.64	1680075.00	1354563200
2003/04/30	1104.46	1222.43	1083.67	1185.10	1483961.00	1219294336
2003/05/16	1183.91	1245.03	1134.12	1218.00	1387582.00	1166672384
2003/05/23	1221.41	1235.88	1173.18	1213.45	934206.00	789571008
2003/05/30	1219.60	1270.50	1191.02	1237.29	1366221.00	1182995328
2003/06/06	1236.27	1254.80	1176.21	1180.09	687572.00	589940992
2003/06/13	1172.58	1209.08	1145.81	1194.65	479685.00	393763168
2003/06/20	1198.79	1202.48	1161.88	1174.87	359346.00	300944448
2003/06/27	1170.89	1174.52	1109.90	1116.41	413889.00	327357856
2003/07/04	1124.32	1149.36	1103.88	1112.85	338406.00	265436832
2003/07/11	1120.11	1133.32	1084.28	1120.34	372193.00	290507648
2003/07/18	1123.28	1171.72	1100.30	1121.91	600659.00	479435200
2003/07/25	1119.62	1144.28	1080.23	1088.27	365886.00	287661888
2003/08/01	1078.94	1083.35	1035.54	1070.84	306928.00	227945200
2003/08/08	1072.55	1164.40	1062.74	1113.04	652157.00	530970112
2003/08/15	1110.03	1177.06	1108.06	1147.30	758898.00	626329600
2003/08/22	1140.38	1156.34	1100.69	1129.48	332331.00	267877632
2003/08/29	1117.62	1166.68	1107.92	1159.86	474761.00	395226272
2003/09/05	1177.52	1195.20	1127.67	1135.37	743554.00	628817920
2003/09/12	1133.52	1168.55	1117.94	1130.04	305249.00	248844768
2003/09/19	1127.21	1138.81	1063.10	1098.25	561217.00	435879904
2003/09/26	1100.00	1124.76	1077.70	1082.15	481373.00	378891296
2003/09/30	1079.99	1087.25	981.49	1025.61	320445.00	234369024
2003/10/10	1018.28	1055.36	992.29	1043.20	231093.00	165592768
2003/10/17	1043.00	1050.08	983.04	988.06	692925.00	489718720
2003/10/24	985.51	1015.90	931.38	967.72	701413.00	475136960
2003/10/31	980.62	1009.27	942.86	961.28	538207.00	367323456
2003/11/07	955.60	1030.07	940.07	961.70	897852.00	623225280
2003/11/14	959.70	965.99	888.50	917.12	386575.00	250668560
2003/11/21	912.37	979.55	879.00	931.87	613927.00	405669920
2003/11/28	936.17	1065.74	934.41	992.52	1687313.00	1199082496
2003/12/05	993.01	1068.59	986.88	1047.59	977143.00	707774848
2003/12/12	1048.98	1063.67	998.58	1050.48	771954.00	559913088
2003/12/19	1053.83	1064.27	986.51	995.82	700526.00	502809760
2003/12/26	992.23	1083.56	966.25	1055.14	1293531.00	962511168
2004/01/02	1052.10	1072.32	1031.02	1059.90	673366.00	509919744
2004/01/09	1065.84	1170.52	1061.32	1106.77	1744103.00	1399595648
2004/01/16	1102.44	1145.15	1091.41	1127.38	909998.00	716451648
2004/01/30	1165.10	1197.22	1122.67	1128.74	453050.00	366233376
2004/02/06	1233.91	1382.41	1184.66	1334.45	4206913.00	3887644416
2004/02/13	1340.34	1392.46	1283.85	1286.75	1525456.00	1481992192
2004/02/20	1288.20	1394.81	1284.95	1370.24	1358205.00	1287937280
2004/02/27	1372.53	1383.09	1232.93	1292.28	952623.00	867459712
2004/03/05	1294.28	1361.51	1236.85	1250.44	826736.00	762745344
2004/03/12	1249.61	1250.82	1189.94	1238.32	559229.00	490344160
2004/03/19	1237.52	1298.09	1233.92	1273.82	603255.00	549297280
2004/03/26	1282.26	1302.66	1246.83	1264.20	428508.00	391251264
2004/04/02	1267.59	1289.34	1221.73	1281.23	551075.00	489493568
2004/04/09	1283.16	1303.19	1216.82	1225.43	650514.00	584751552
2004/04/16	1215.58	1243.79	1123.90	1150.13	431433.00	362545088
2004/04/23	1153.57	1166.92	1105.24	1110.80	302229.00	244306928
2004/04/30	1115.78	1125.80	1027.88	1047.56	313311.00	237813952
2004/05/14	1046.73	1052.85	995.12	1009.61	235027.00	172725440
2004/05/21	1002.39	1066.22	997.22	1042.33	319956.00	237501728
2004/05/28	1045.58	1059.08	990.85	1030.15	354416.00	263977952
2004/06/04	1034.58	1076.22	1011.61	1031.82	435634.00	326865088
2004/06/11	1021.10	1028.21	949.12	951.23	303814.00	213220096
2004/06/18	952.69	1035.96	902.26	975.35	816806.00	564047808
2004/06/25	971.54	1021.17	930.72	962.58	480496.00	328403296
2004/07/02	956.92	983.29	880.39	965.73	485877.00	328469024
2004/07/09	962.97	990.71	943.93	964.22	311238.00	221068416
2004/07/16	947.27	948.08	867.11	923.61	553998.00	366914592
2004/07/23	924.59	941.40	880.77	901.66	297903.00	192935424
2004/07/30	894.67	894.95	793.21	822.19	452427.00	271499392
2004/08/06	813.02	879.12	797.11	824.61	309120.00	181084448
2004/08/13	820.91	867.24	801.01	835.17	451138.00	260728992
2004/08/20	823.97	868.70	808.96	822.01	652644.00	368445568
2004/08/27	822.71	852.79	799.82	809.36	358836.00	201139200
2004/09/03	808.08	924.54	800.84	897.47	1502790.00	931315840
2004/09/10	895.85	907.44	855.53	874.55	718033.00	452538624
2004/09/17	866.02	982.38	851.02	963.84	1628227.00	1075872640
2004/09/24	976.74	1038.54	959.70	974.22	1478124.00	1033000576
2004/09/30	995.22	1008.76	898.52	909.95	486214.00	322250880
2004/10/08	909.65	934.15	876.53	932.37	119324.00	75861168
2004/10/15	929.47	980.58	850.49	872.32	830945.00	547504128
2004/10/22	877.35	964.75	865.16	941.82	993760.00	648163712
2004/10/29	951.00	962.30	880.58	898.14	689983.00	447457216
2004/11/05	892.17	941.73	869.61	895.68	396100.00	249720224
2004/11/12	889.96	979.51	880.45	940.99	635678.00	420555072
2004/11/19	943.41	965.83	921.94	959.48	358883.00	234701408
2004/11/26	959.87	976.01	928.43	941.96	567625.00	376676768
2004/12/03	939.38	941.68	870.33	893.54	323737.00	206519280
2004/12/10	890.49	906.34	847.96	850.69	247681.00	151342096
2004/12/17	849.57	855.72	805.61	818.13	215842.00	126482992
2004/12/24	810.69	843.70	802.29	813.98	262608.00	156131184
2004/12/31	814.53	818.73	784.45	788.92	199253.00	112646240
2005/01/07	784.18	816.09	757.29	802.55	176978.00	99770032
2005/01/14	803.36	816.01	781.92	784.02	203084.00	113361552
2005/01/21	764.39	771.44	698.86	749.76	504592.00	269815488
2005/01/28	774.63	784.44	701.46	706.49	385919.00	207383440
2005/02/04	674.11	719.40	637.36	711.40	609924.00	290623552
2005/02/18	718.14	729.15	696.21	705.46	205487.00	101985632
2005/02/25	704.41	752.90	703.36	733.05	480271.00	245108560
2005/03/04	728.78	747.04	708.99	720.36	437379.00	210258320
2005/03/11	720.36	740.40	672.60	680.71	385809.00	192917872
2005/03/18	678.89	687.29	651.59	654.62	298622.00	138013024
2005/03/25	654.95	657.39	584.94	593.60	294649.00	125423360
2005/04/01	593.14	616.02	543.25	613.81	541608.00	222274064
2005/04/08	610.37	687.76	588.20	671.97	1931888.00	841216704
2005/04/15	667.44	716.70	622.22	662.96	1550014.00	732450240
2005/04/22	651.85	685.94	606.10	621.39	1096126.00	483878144
2005/04/29	618.10	720.25	595.61	692.46	1778562.00	825314240
2005/05/13	694.15	711.44	650.24	664.59	1098272.00	516673824
2005/05/20	664.38	709.54	654.33	689.64	816003.00	383124096
2005/05/27	677.99	712.57	661.32	664.68	736648.00	344018016
2005/06/03	661.57	678.27	616.81	631.42	616861.00	274553728
2005/06/10	629.68	835.61	618.39	778.06	2639376.00	1436260992
2005/06/17	785.12	799.01	728.77	745.98	2206468.00	1253336064
2005/06/24	752.94	775.54	733.85	747.72	413802.00	187955632
2005/07/01	757.54	773.03	698.01	707.29	374597.00	161185440
2005/07/08	705.88	716.85	632.54	660.21	995220.00	480900512
2005/07/15	677.97	725.53	638.51	693.84	1678654.00	885587648
2005/07/22	693.21	737.60	674.27	716.41	1089796.00	581874304
2005/07/29	712.37	762.27	707.34	739.83	1075183.00	556026432
2005/08/05	745.08	768.84	729.46	758.17	480367.00	186042080
2005/08/12	764.19	791.42	748.23	780.70	744600.00	311778112
2005/08/19	779.09	791.02	714.13	735.53	3089108.00	1517604480
2005/08/26	736.05	762.86	717.94	748.55	1521722.00	705777536
2005/09/02	750.09	776.33	729.44	759.01	1596929.00	759765824
2005/09/09	754.59	789.50	741.68	755.62	1301860.00	621849792
2005/09/16	761.01	806.58	746.44	789.20	1352209.00	661738240
2005/09/23	791.78	819.86	742.62	776.15	1706609.00	854589632
2005/09/30	797.65	817.14	761.70	773.18	1871636.00	972033472
2005/10/14	771.81	776.11	728.59	730.44	886151.00	427036800
2005/10/21	727.74	783.16	710.33	759.04	1325231.00	614447808
2005/10/28	754.35	762.79	648.42	670.00	981473.00	428034464
2005/11/04	662.57	692.16	654.27	680.11	641155.00	271641696
2005/11/11	679.86	695.63	652.70	673.11	553449.00	235766048
2005/11/18	675.07	708.46	656.75	702.75	681596.00	297819520
2005/11/25	702.50	726.07	674.26	723.83	837231.00	379567808
2005/12/02	728.20	738.42	704.16	710.91	855922.00	398760352
2005/12/09	705.70	735.69	687.40	731.85	665558.00	311350720
2005/12/16	732.63	767.64	720.45	744.57	771518.00	368407552
2005/12/23	749.68	759.89	734.49	752.87	560604.00	267530464
2005/12/30	752.94	774.35	749.60	754.25	637447.00	307049920
2006/01/06	758.04	808.26	749.82	792.02	755876.00	377399712
2006/01/13	797.29	898.13	795.67	877.42	1666681.00	909360256
2006/01/20	871.04	934.94	841.04	918.51	1308240.00	753593728
2006/01/25	919.48	969.81	879.32	959.16	833728.00	502016960
2006/02/10	960.19	985.58	912.39	928.94	1343169.00	809842688
2006/02/17	917.56	992.74	911.82	916.24	844453.00	505861728
2006/02/24	916.11	923.45	861.04	906.40	1024422.00	597617216
2006/03/03	907.37	927.80	857.43	871.03	816407.00	467126400
2006/03/10	871.42	885.23	843.82	857.07	683197.00	396055136
2006/03/17	859.20	906.46	849.22	899.23	621056.00	370116352
2006/03/24	897.42	955.62	886.53	937.17	913897.00	539762560
2006/03/31	936.69	1027.11	913.38	1021.92	1212734.00	769469056
2006/04/07	1013.05	1118.00	1002.44	1073.29	1027473.00	751529472
2006/04/14	1064.03	1123.62	1017.69	1118.44	764507.00	546754816
2006/04/21	1107.03	1285.41	1096.08	1277.26	1225690.00	1006993664
2006/04/28	1277.32	1475.99	1235.34	1428.57	1810817.00	1834496128
2006/05/12	1238.58	1754.46	1235.86	1632.64	920566.00	1048770624
2006/05/19	1762.56	2104.40	1705.82	1963.49	2291991.00	3114219520
2006/05/26	1966.84	2011.63	1727.64	1905.26	1398318.00	1805580800
2006/06/02	1927.89	2269.03	1881.12	2053.11	1248616.00	1754144000
2006/06/09	2023.91	2095.61	1760.60	1781.84	1099829.00	1387358336
2006/06/16	1768.30	1856.90	1671.44	1847.80	1004243.00	1245530112
2006/06/23	1820.15	1931.30	1798.90	1871.17	2365440.00	2303469824
2006/06/30	1875.52	2123.30	1869.07	2043.81	2050825.00	2178027776
2006/07/07	2103.76	2220.59	2040.38	2111.87	1849696.00	2255343104
2006/07/14	2099.25	2137.34	1812.87	1850.11	1587409.00	1748424704
2006/07/21	1849.07	1975.14	1742.11	1875.36	1427129.00	1480676224
2006/07/28	1873.78	1955.14	1758.36	1795.32	1061835.00	1098527360
2006/08/04	1791.33	1799.31	1614.04	1624.50	928032.00	933858432
2006/08/11	1607.83	1698.54	1522.81	1672.24	1364112.00	1364296704
2006/08/18	1645.15	1724.84	1568.99	1601.84	1368703.00	1464379776
2006/08/25	1539.90	1741.06	1537.43	1706.92	1716818.00	1746991616
2006/09/01	1721.02	1860.49	1708.05	1745.66	1581785.00	1833644288
2006/09/08	1716.26	1825.01	1714.30	1770.48	910227.00	965614976
2006/09/15	1786.39	1811.14	1687.82	1771.92	1407958.00	1550228608
2006/09/22	1777.87	1892.49	1766.73	1841.88	1610013.00	1883507072
2006/09/29	1835.23	1957.16	1769.62	1944.48	1350949.00	1685295104
2006/10/13	1987.39	2056.80	1906.71	1923.15	1580095.00	1910935808
2006/10/20	1919.98	1988.40	1865.88	1964.84	924270.00	1101180288
2006/10/27	1964.01	2024.83	1856.41	1901.90	1197049.00	1464632704
2006/11/03	1976.40	1983.53	1812.06	1847.69	1123560.00	1307235584
2006/11/10	1829.46	1975.33	1802.73	1921.99	1478161.00	1680761472
2006/11/17	1922.51	2144.18	1907.24	2086.83	3027775.00	4006440960
2006/11/24	2068.59	2382.59	2067.46	2273.69	2514746.00	3309478656
2006/12/01	2270.23	2525.23	2140.99	2480.63	2602663.00	3461814272
2006/12/08	2486.13	2851.69	2478.80	2523.82	2942978.00	4706854912
2006/12/15	2531.68	3218.94	2531.68	3199.72	2430539.00	4355213824
2006/12/22	3230.16	3340.00	2992.17	3057.17	2697947.00	4891093504
2006/12/29	3119.97	3546.63	3085.00	3473.17	2650130.00	5412494336
2007/01/05	3588.82	3772.41	3390.64	3467.41	1233863.00	2707514624
2007/01/12	3471.48	4451.93	3306.77	4264.29	3139414.00	7715702272
2007/01/19	4257.00	4737.07	3961.07	4314.51	3696057.00	9937422336
2007/01/26	4340.52	5060.96	4144.94	4959.05	3377639.00	10193435648
2007/02/02	5037.28	5092.42	4138.69	4240.81	2654974.00	7344197632
2007/02/09	4219.19	4613.11	3872.50	4447.72	2402390.00	6683089408
2007/02/16	4436.87	5531.50	4387.64	5300.54	2292768.00	7660657664
2007/03/02	5245.20	5329.25	4425.74	4752.58	2196039.00	6707301376
2007/03/09	4636.28	5633.57	4433.64	5405.52	2272059.00	7649723392
2007/03/16	5378.80	5725.27	4958.76	5057.93	2069891.00	7182375936
2007/03/23	4924.63	5421.31	4898.57	5183.03	1736550.00	6021392896
2007/03/30	5194.54	5679.16	4997.89	5508.62	2327417.00	7954828800
2007/04/06	5564.34	6741.77	5564.34	6429.00	2616798.00	9823272960
2007/04/13	6398.64	6930.89	6270.20	6310.39	2868326.00	11576340480
2007/04/20	6268.82	6653.41	5892.80	6498.19	2855635.00	12135349248
2007/04/27	6582.71	7249.66	6471.36	7008.90	3086241.00	13880195072
2007/04/30	6937.48	7708.08	6927.61	7706.91	979070.00	5052619776
2007/05/11	8115.16	8220.02	7151.77	7326.19	2755441.00	14303415296
2007/05/18	7141.20	7983.52	7068.09	7643.11	2684194.00	13559040000
2007/05/25	7364.83	8576.10	7341.52	8416.33	2870914.00	14600105984
2007/06/01	8632.23	8638.26	6765.45	7230.96	4647405.00	23380736000
2007/06/08	7425.69	8071.28	6516.99	7885.70	3442474.00	16365320192
2007/06/15	8003.27	8156.05	7651.23	7827.09	2507622.00	12684133376
2007/06/22	8011.14	8328.75	7416.45	7595.33	2252416.00	11705894912
2007/06/29	7630.15	7744.17	6773.00	6847.59	2181830.00	10234224640
2007/07/06	6854.40	7015.70	6370.89	6982.03	4156059.00	17490550784
2007/07/13	7075.63	7774.75	7009.16	7358.13	4388883.00	19925303296
2007/07/20	7428.68	7561.96	6690.85	7504.66	3275487.00	15164281856
2007/07/27	7616.93	8790.58	7609.08	8483.47	5129122.00	26647711744
2007/08/03	8543.58	9048.60	7926.11	9010.91	5836326.00	31687952384
2007/08/10	9064.22	9830.77	8922.78	9430.56	5509730.00	31215407104
2007/08/17	9449.31	10343.17	9184.16	9809.46	6205694.00	37064073216
2007/08/24	10250.87	12037.66	10032.06	11545.88	5008912.00	32975616000
2007/08/31	11777.25	11847.22	10863.66	11003.76	4683271.00	28210845696
2007/09/07	11026.37	11431.17	10402.48	10437.06	4237565.00	28563531776
2007/09/14	10293.15	11097.78	9961.63	10836.22	3889460.00	24867719168
2007/09/21	10791.29	11235.35	10379.12	11014.79	3543900.00	23056873472
2007/09/28	11025.82	11928.19	10671.38	11839.82	3710237.00	24346390528
2007/10/12	12218.73	13062.46	11790.02	12680.77	4354570.00	29453389824
2007/10/19	12983.13	14167.89	12715.15	13168.70	5715498.00	42113802240
2007/10/26	13259.03	13587.26	12656.25	13002.26	3044509.00	18694205440
2007/11/02	13224.87	14217.25	12811.55	13939.82	3822195.00	26174312448
2007/11/09	13763.67	14043.50	11204.71	11384.60	3508639.00	25392998400
2007/11/16	11000.08	12587.62	10782.85	12022.16	3967555.00	25939382272
2007/11/23	11964.73	12096.84	10274.36	10772.26	2508658.00	17084321792
2007/11/30	10959.25	11036.42	9685.57	10077.70	3051300.00	17935507456
2007/12/07	9967.29	10879.40	9863.72	10797.39	1983774.00	11928988672
2007/12/14	10629.68	11286.46	10003.95	10364.32	3426829.00	20859457536
2007/12/21	10351.50	10390.98	9612.71	10320.77	2968566.00	17002571776
2007/12/28	10500.29	11176.54	10465.41	10952.32	4799198.00	27095828480
2008/01/04	10939.62	11092.62	10224.47	11005.03	3149307.00	18522220544
2008/01/11	10987.42	11993.81	10923.75	11634.09	4746787.00	30037194752
2008/01/18	11693.40	12075.15	10523.43	10859.86	5000337.00	33057665024
2008/01/25	10880.66	10948.08	8994.48	9639.35	5981701.00	33988409344
2008/02/01	9499.07	9507.12	8244.84	8703.33	4997052.00	24031838208
2008/02/05	9029.90	9475.41	8886.19	9268.55	2052529.00	10088879104
2008/02/15	9048.08	9208.66	8671.18	8845.09	1838041.00	9052933120
2008/02/22	9008.07	9452.01	8235.62	8327.76	4881890.00	24779669504
2008/02/29	8310.24	8555.31	7703.92	8307.45	3794604.00	18517395456
2008/03/07	8170.06	8713.44	7839.67	8179.88	3829844.00	19192500224
2008/03/14	8100.78	8420.65	7321.33	7645.04	3572172.00	16960116736
2008/03/21	7708.87	7911.03	6569.02	7203.91	5713567.00	24813555712
2008/03/28	7322.75	7348.04	6068.86	6699.71	4606945.00	18035357696
2008/04/03	6413.45	6578.53	5736.81	6115.59	3456024.00	12176640000
2008/04/11	6014.83	7176.77	5941.99	6768.72	7886442.00	28214646784
2008/04/18	6552.37	6610.98	5968.57	6194.52	4166191.00	14604685312
2008/04/25	6760.85	8293.97	5967.40	8293.77	11306214.00	39545028608
2008/04/30	8250.78	9328.64	8009.16	9201.94	14167706.00	49417187328
2008/05/09	9351.50	9929.05	8337.59	8601.87	17611692.00	65364099072
2008/05/16	8280.98	8973.67	8043.44	8771.47	10777128.00	38465781760
2008/05/23	8703.23	8734.16	7500.30	7684.82	7496898.00	24547993600
2008/05/30	7536.28	8026.69	7183.13	7945.62	9901889.00	30073757696
2008/06/06	7896.76	8144.12	7664.07	7934.84	7812906.00	25074470912
2008/06/13	7434.93	7622.13	6490.76	6499.65	8614629.00	24878852096
2008/06/20	6494.30	6619.26	5362.01	6183.87	11462293.00	28442333184
2008/06/27	5987.93	6546.38	5846.14	5973.19	11750006.00	29624240128
2008/07/04	5820.67	6076.48	5067.21	5680.94	8944883.00	20582596608
2008/07/11	5649.92	6394.36	5616.23	5989.89	10333887.00	25822173184
2008/07/18	5858.14	6174.97	5333.88	5703.01	6912964.00	15940155392
2008/07/25	5651.80	6245.63	5605.81	6011.84	9287887.00	22123571200
2008/08/01	6052.41	6176.33	5369.46	5748.76	5906225.00	13695152128
2008/08/08	5632.80	5667.54	5002.95	5127.85	5514382.00	12063880192
2008/08/15	5079.05	5094.36	4139.87	4363.38	6702588.00	12264420352
2008/08/22	4338.26	4828.11	3840.41	4505.41	10331382.00	18434410496
2008/08/29	4496.74	4838.54	4170.83	4733.24	9868180.00	17365544960
2008/09/05	4659.73	4681.83	4275.87	4348.27	7745937.00	13340391424
2008/09/12	4411.26	4608.16	4139.73	4423.62	8680004.00	14777580544
2008/09/19	4378.78	4421.02	3655.09	4218.23	6456542.00	10274893824
2008/09/26	4634.42	5737.70	4475.17	5683.95	25755592.00	50879922176
2008/10/10	5457.60	5804.28	4469.61	4673.50	17224428.00	34708213760
2008/10/17	4697.80	5384.72	4101.40	4237.35	14880004.00	28179083264
2008/10/24	4194.23	4715.42	4044.38	4371.92	12688396.00	23371632640
2008/10/31	4289.93	4367.18	3867.65	4007.16	13666220.00	23412461568
2008/11/07	3880.36	3948.17	3540.52	3852.57	12350627.00	18018762752
2008/11/14	3946.87	4648.99	3909.34	4621.22	17764650.00	29258940416
2008/11/21	4528.84	4691.92	4049.04	4347.13	19037074.00	32656781312
2008/11/28	4248.44	4506.08	4081.05	4179.64	21729522.00	29585690624
2008/12/05	4188.22	4798.61	4074.17	4688.95	23269420.00	33729527808
2008/12/12	4769.84	4888.42	4404.02	4461.59	20173496.00	31931678720
2008/12/19	4550.38	4729.15	4343.09	4621.82	15849751.00	22943627264
2008/12/26	4622.79	4665.31	3938.11	4079.58	14699949.00	19835664384
2008/12/31	4139.48	4200.83	3911.01	3919.71	8243610.00	9443405824
2009/01/09	3990.05	4322.51	3948.61	4240.00	15740759.00	19273138176
2009/01/16	4211.68	4848.87	4070.28	4657.47	20824816.00	28526272512
2009/01/23	4728.64	5020.28	4562.10	4932.71	20100974.00	30075670528
2009/02/06	4961.68	5442.55	4831.31	5392.65	19530184.00	32043694080
2009/02/13	5450.13	5939.32	5256.40	5881.20	29019400.00	50698117120
2009/02/20	5990.11	6288.83	5388.12	5637.44	24010116.00	44737327104
2009/02/27	5563.23	5866.92	4789.37	4885.55	25928036.00	43380219904
2009/03/06	4839.76	5450.57	4696.75	5326.88	26945594.00	42227351552
2009/03/13	5349.77	5416.07	4859.89	4954.73	20461486.00	31898847232
2009/03/20	4929.88	5528.90	4872.90	5435.45	22344650.00	36333920256
2009/03/27	5440.40	5884.47	5413.95	5731.17	27106216.00	47549251584
2009/04/03	5766.81	6297.07	5685.46	6088.08	30244272.00	56843018240
2009/04/10	6074.60	6203.19	5594.92	6080.25	21063630.00	38674878464
2009/04/17	6161.43	6509.39	6096.04	6344.99	24983992.00	51034435584
2009/04/24	6305.96	6428.42	5758.75	5791.85	20385188.00	39273553920
2009/04/30	5760.33	5967.31	5522.18	5766.34	13684775.00	25925713920
2009/05/08	5785.58	6138.42	5745.15	6024.21	19245276.00	38792921088
2009/05/15	6100.57	6424.60	5875.02	6290.52	30176272.00	58876301312
2009/05/22	6247.81	6346.76	5887.66	5966.14	19577878.00	36593291264
2009/05/27	5881.33	6303.23	5868.59	6193.89	12355150.00	22913445888
2009/06/05	6261.01	6840.56	6232.97	6583.68	27854240.00	57449902080
2009/06/12	6637.79	7026.12	6449.67	6756.37	23313440.00	48910405632
2009/06/19	6778.08	7457.46	6667.00	7289.93	23898592.00	52798365696
2009/06/26	7432.12	7467.67	6874.02	6937.69	21282264.00	48145268736
2009/07/03	7004.57	7606.35	6885.61	7539.98	25003728.00	57358278656
2009/07/10	7602.07	8361.05	7596.75	8195.12	30961644.00	79367995392
2009/07/17	8103.72	8530.41	7897.07	8222.57	22710416.00	59911815168
2009/07/24	8245.63	8925.27	8162.44	8722.00	25772890.00	67799834624
2009/07/31	8905.49	9422.73	8323.35	9229.37	25880704.00	72581545984
2009/08/07	9340.01	9438.80	8391.62	8469.01	20489216.00	58685472768
2009/08/14	8601.60	8646.92	7657.42	7934.66	15535962.00	43088130048
2009/08/21	7754.07	7944.70	6652.32	7049.82	20850208.00	50101850112
2009/08/28	7084.89	7146.99	6487.60	6587.17	20058656.00	45912330240
2009/09/04	6507.70	6601.99	5932.08	6503.00	18979056.00	41114607616
2009/09/11	6559.84	6927.08	6392.45	6815.59	19038686.00	43284422656
2009/09/18	6828.93	7113.98	6673.13	6743.93	18703396.00	43562926080
2009/09/25	6671.48	6779.78	6170.89	6346.72	11824147.00	26727094272
2009/09/30	6367.51	6419.39	5945.95	6189.73	5468695.00	11423795200
2009/10/09	6331.82	6529.45	6283.18	6512.56	2460654.00	5358208512
2009/10/16	6524.29	6941.87	6369.48	6714.28	11901112.00	26862233600
2009/10/23	6705.21	7363.05	6664.37	7246.89	19350840.00	45389463552
2009/10/30	7262.43	7276.10	6726.92	6839.66	13987429.00	32891660288
2009/11/06	6621.91	7326.10	6568.06	7217.39	15912985.00	37313077248
2009/11/13	7257.12	7561.74	7169.93	7410.52	20018192.00	46395449344
2009/11/20	7449.16	7885.12	7401.54	7791.80	17893924.00	47337115648
2009/11/27	7782.08	7923.13	6890.60	6936.79	22984720.00	55140261888
2009/12/04	7028.92	8131.56	7018.50	8042.10	29816492.00	68841439232
2009/12/11	8067.94	8274.86	7654.14	7754.95	22595260.00	56252510208
2009/12/18	7698.97	7862.07	7220.62	7374.30	17154124.00	40217460736
2009/12/25	7410.52	7627.28	7235.61	7501.38	16036778.00	35869159424
2009/12/31	7629.46	8133.80	7599.30	8056.24	20064008.00	48463667200
2010/01/08	8106.56	8360.03	7816.52	8158.21	25291688.00	63074762752
2010/01/15	8950.37	8952.94	7962.03	8158.28	32465574.00	86993518592
2010/01/22	8060.31	8108.96	7459.55	7653.08	21685382.00	56730214400
2010/01/29	7594.44	7787.32	7196.55	7312.98	12851385.00	31595978752
2010/02/05	7262.23	7297.67	6822.18	6952.33	14476156.00	34012010496
2010/02/12	6966.65	7366.17	6925.72	7212.78	10657502.00	27624960000
2010/02/26	7244.99	7377.37	6954.13	7142.71	12182549.00	31363295232
2010/03/05	7131.80	7280.51	6980.77	7147.81	14728829.00	36118691840
2010/03/12	7169.84	7334.68	7040.38	7182.70	15920931.00	38769381376
2010/03/19	7204.92	7354.01	7062.83	7276.97	13197696.00	32051496960
2010/03/26	7322.56	7348.65	6935.36	7047.04	12452790.00	29377638400
2010/04/02	7109.74	7370.72	7103.05	7321.94	14995534.00	36420644864
2010/04/09	7341.67	7428.20	7117.81	7206.93	10117651.00	23895724032
2010/04/16	7218.47	7442.27	7081.52	7278.80	14907535.00	36155822080
2010/04/23	7232.58	7293.52	6822.71	6932.77	11993506.00	25562353664
2010/04/30	6923.29	7003.09	6495.06	6667.92	9263834.00	18977759232
2010/05/07	6254.19	6326.21	5403.25	5520.74	12153053.00	24425883648
2010/05/14	5518.14	5669.55	5158.62	5377.39	12470812.00	22676178944
2010/05/21	5285.84	5291.01	4769.66	4998.51	11203905.00	18830673920
2010/05/28	5055.22	5429.37	5043.82	5257.98	15910989.00	29078802432
2010/06/04	5207.08	5249.06	4864.35	5078.44	11686089.00	19911526400
2010/06/11	4948.00	5248.50	4904.69	5129.62	11760366.00	20289689600
2010/06/18	5159.10	5185.12	4981.32	5017.45	2695966.00	4535078400
2010/06/25	5026.37	5275.95	5004.65	5048.50	8927590.00	14739387392
2010/07/02	5042.03	5069.35	4366.71	4514.47	9734428.00	13408219136
2010/07/09	4455.48	4638.26	4348.26	4603.50	9385896.00	12837351424
2010/07/16	4609.05	4706.42	4384.60	4457.47	9474205.00	12967287808
2010/07/23	4400.26	4914.78	4386.77	4893.30	16866248.00	23661189120
2010/07/30	4901.19	5176.08	4801.95	5043.83	18292136.00	26275733504
2010/08/06	5037.21	5234.57	4916.96	5119.44	15880145.00	23747813376
2010/08/13	5102.05	5184.69	4766.90	4862.33	13132664.00	19702708224
2010/08/20	4847.01	5118.18	4820.30	4909.25	14935387.00	22252126208
2010/08/27	4895.09	4972.83	4713.53	4767.11	10250565.00	15190487040
2010/09/03	4789.26	4895.96	4665.86	4703.04	13200123.00	19213621248
2010/09/10	4724.81	4950.06	4680.25	4746.67	16629099.00	24986234880
2010/09/17	4756.06	4841.68	4557.47	4576.15	11803649.00	17730093056
2010/09/21	4578.32	4601.32	4482.52	4511.87	2612842.00	3629680128
2010/09/30	4530.83	4564.18	4371.37	4485.59	6956767.00	9332375552
2010/10/08	4529.26	4789.11	4518.79	4730.38	4641497.00	6624188416
2010/10/15	4757.71	5887.04	4735.89	5840.18	47715388.00	74423296000
2010/10/22	5924.36	6436.98	5740.50	5924.47	47277604.00	82338349056
2010/10/29	5910.13	6717.06	5883.05	6112.50	41484464.00	73330212864
2010/11/05	6091.12	6609.71	6076.44	6412.20	30809784.00	57543393280
2010/11/12	6429.94	6542.67	5616.66	5642.99	28508712.00	51266629632
2010/11/19	5651.13	5731.72	5026.16	5265.05	21943480.00	35776946176
2010/11/26	5188.60	5360.09	4946.87	5265.31	21656912.00	33645760512
2010/12/03	5232.27	5265.41	4943.42	5162.50	14046670.00	21268578304
2010/12/10	5160.88	5461.27	5093.32	5249.08	19493124.00	31541647360
2010/12/17	5274.94	5489.40	5231.07	5279.36	14907269.00	24392566784
2010/12/24	5294.34	5337.39	5037.64	5144.04	13758486.00	21542899712
2010/12/31	5175.70	5291.49	4745.16	4941.23	13736281.00	20942237696
2011/01/07	4980.16	5130.58	4887.66	5023.06	11671715.00	18127736832
2011/01/14	4999.54	5041.24	4797.38	4819.82	11095937.00	16409457664
2011/01/21	4805.22	4839.12	4510.58	4614.00	10367737.00	14450902016
2011/01/28	4616.30	4804.97	4531.36	4761.81	9050307.00	12602747904
2011/02/01	4751.51	4839.37	4725.96	4772.49	3173140.00	4580179456
2011/02/11	4739.27	4858.64	4645.20	4813.41	5678387.00	8234425344
2011/02/18	4789.05	5442.69	4777.95	5218.01	31972124.00	47748714496
2011/02/25	5168.61	5402.46	5059.46	5320.91	22205008.00	34922770432
2011/03/04	5324.41	5560.83	5236.80	5417.49	24269582.00	38993682432
2011/03/11	5462.87	5692.89	5283.60	5310.82	24446012.00	40041504768
2011/03/18	5276.27	5342.44	5061.65	5208.84	15898172.00	24856559616
2011/03/25	5209.73	5294.85	5075.86	5251.08	10628284.00	17435205632
2011/04/01	5268.74	5402.38	5076.98	5205.06	14426305.00	23123904512
2011/04/08	5188.29	5450.35	5168.23	5391.91	11683533.00	18930182144
2011/04/15	5414.41	5512.61	5251.48	5452.38	17945224.00	32056328192
2011/04/22	5423.78	5490.38	5181.95	5221.60	16343936.00	27655053312
2011/04/29	5210.65	5235.66	4865.12	4914.52	12275564.00	18461450240
2011/05/06	4920.77	4949.92	4665.09	4752.76	7869997.00	11692072960
2011/05/13	4756.17	4890.79	4690.85	4827.71	12264945.00	16979305472
2011/05/20	4799.89	4874.42	4705.49	4755.76	8229106.00	12218175488
2011/05/27	4747.24	4752.21	4501.87	4607.13	9571082.00	13486593024
2011/06/03	4580.41	4697.14	4507.33	4610.19	7776267.00	11339419648
2011/06/10	4591.52	4646.45	4491.64	4561.82	5457708.00	7704275968
2011/06/17	4527.55	4661.87	4362.18	4382.62	8135000.00	11246285824
2011/06/24	4364.39	4889.95	4344.19	4787.88	13168790.00	19088691200
2011/07/01	4754.49	4870.38	4703.49	4788.58	15996602.00	24750229504
2011/07/08	4827.30	4977.14	4783.56	4826.22	13041645.00	19458736128
2011/07/15	4807.40	4846.44	4648.78	4752.62	10844778.00	16175177728
2011/07/22	4757.66	4781.40	4635.19	4693.73	8336393.00	12226985984
2011/07/29	4648.61	4660.14	4390.55	4512.66	9009397.00	12570632192
2011/08/05	4492.74	4557.36	4283.84	4349.33	7213704.00	9801638912
2011/08/12	4304.07	4366.32	3967.20	4204.44	13920228.00	17091186688
2011/08/19	4227.40	4345.55	4106.75	4165.62	15656576.00	16102851584
2011/08/26	4205.21	4459.65	4098.25	4416.70	24023612.00	23940925440
2011/09/02	4355.97	4383.00	4182.73	4205.68	17144412.00	17204893696
2011/09/09	4152.48	4337.47	4043.94	4204.97	17882622.00	16852881408
2011/09/16	4126.72	4364.91	4101.51	4267.38	18209636.00	17851904000
2011/09/23	4220.12	4442.55	4112.86	4247.03	23753974.00	24869892096
2011/09/30	4198.70	4290.16	4038.58	4071.40	17937244.00	18942763008
2011/10/14	4092.41	4449.70	4008.57	4375.09	32353660.00	33919082496
2011/10/21	4370.32	4435.89	4087.39	4123.15	21973460.00	22194262016
2011/10/28	4149.09	4480.16	4131.93	4419.84	28756292.00	30568693760
2011/11/04	4441.79	4579.24	4294.11	4483.04	27180880.00	29655308288
2011/11/11	4453.58	4470.14	4277.80	4296.82	20558848.00	19475261440
2011/11/18	4337.29	4406.46	4095.29	4128.67	19097198.00	18118424576
2011/11/25	4136.36	4175.02	3936.78	3952.58	12229950.00	11696200704
2011/12/02	3970.90	4038.70	3762.00	3852.06	18328998.00	17025260544
2011/12/09	3863.12	3936.15	3779.82	3827.15	11201334.00	9910025216
2011/12/16	3823.43	3850.36	3449.04	3604.78	13241225.00	11300026368
2011/12/23	3548.60	3596.28	3276.77	3373.39	16625476.00	13055540224
2011/12/30	3348.38	3436.03	3256.74	3401.23	19188006.00	14418380800
2012/01/06	3436.78	3452.58	3212.65	3343.68	10213206.00	7917396992
2012/01/13	3330.52	3639.46	3296.28	3478.65	23829516.00	19910524928
2012/01/20	3474.64	3881.56	3432.98	3831.81	25626004.00	21761507328
2012/02/03	3830.89	3848.45	3632.21	3779.39	14934966.00	13053576192
2012/02/10	3795.01	3890.64	3607.19	3804.85	22226776.00	19722240000
2012/02/17	3754.19	3913.02	3721.55	3865.19	22945080.00	20426676224
2012/02/24	3938.15	4140.35	3807.25	4105.95	33246508.00	29843480576
2012/03/02	4134.01	4275.77	4054.57	4248.95	31762844.00	30934050816
2012/03/09	4282.90	4458.23	4143.46	4401.80	32767040.00	34533163008
2012/03/16	4385.76	4539.65	4192.66	4353.88	34839132.00	38460997632
2012/03/23	4324.37	4403.96	4091.06	4123.79	23769902.00	25810427904
2012/03/30	4121.75	4170.01	3855.22	4005.81	18831228.00	19456356352
2012/04/06	4012.19	4366.32	3978.28	4289.24	13432212.00	14866544640
2012/04/13	4273.41	4630.08	4129.39	4496.84	30184284.00	33984655360
2012/04/20	4459.86	4795.80	4357.74	4723.28	51399084.00	54625083392
2012/04/27	4718.02	4779.37	4453.99	4548.55	58674008.00	62715858944
2012/05/04	4695.72	4803.36	4600.29	4753.96	29644850.00	33827667968
2012/05/11	4724.00	4783.44	4492.43	4517.17	30151920.00	34809384960
2012/05/18	4564.68	4762.94	4468.83	4659.81	37637296.00	46255493120
2012/05/25	4628.69	4820.01	4517.07	4639.97	30973512.00	38545186816
2012/06/01	4598.23	4951.92	4497.32	4876.89	32944112.00	40747114496
2012/06/08	4774.60	4885.02	4547.66	4624.84	27993684.00	31532945408
2012/06/15	4647.17	4840.07	4612.85	4721.02	28025248.00	31966943232
2012/06/21	4754.68	4831.32	4418.86	4451.26	17891290.00	20572739584
2012/06/29	4433.40	4443.09	4199.65	4409.51	20133620.00	21842204672
2012/07/06	4424.80	4469.64	4118.20	4306.06	18614168.00	20277952512
2012/07/13	4254.17	4435.40	4115.95	4332.49	19733454.00	20930469888
2012/07/20	4356.95	4599.66	4212.04	4427.86	24076100.00	27263037440
2012/07/27	4388.15	4445.13	4215.30	4261.68	17792556.00	19308029952
2012/08/03	4259.36	4324.84	4124.85	4220.72	15461014.00	16890966016
2012/08/10	4211.46	4358.25	4186.73	4245.62	18026794.00	19723094016
2012/08/17	4230.15	4244.24	3774.61	3853.51	21204156.00	22222598144
2012/08/24	3810.33	3949.18	3771.87	3834.02	14134614.00	15461578752
2012/08/31	3810.46	3823.32	3583.22	3673.88	19058422.00	18480474112
2012/09/07	3657.86	4123.75	3637.16	4072.87	23757310.00	23803228160
2012/09/14	4073.94	4171.66	3985.80	4064.47	26123998.00	27143061504
2012/09/21	4048.24	4069.07	3794.43	3850.11	17241288.00	17607811072
2012/09/28	3796.29	4222.99	3770.35	4195.67	28264484.00	29594318848
2012/10/12	4182.73	4327.90	4093.65	4192.33	26465034.00	28445710336
2012/10/19	4205.35	4289.86	4131.95	4239.30	22012108.00	23700996096
2012/10/26	4220.09	4307.74	3935.73	3973.04	21187840.00	22284797952
2012/11/02	3970.22	4102.48	3879.16	4082.92	19691082.00	20231075840
2012/11/09	4074.38	4108.78	3811.60	3834.46	17759926.00	18170013696
2012/11/16	3842.30	3878.65	3662.19	3714.69	13459276.00	13056699392
2012/11/23	3713.21	3852.98	3688.83	3802.05	14921665.00	14676030464
2012/11/30	3784.14	3815.91	3331.02	3462.99	16970412.00	15476035584
2012/12/07	3453.60	3820.85	3380.90	3782.07	27476316.00	25389008896
2012/12/14	3801.04	4065.56	3734.77	4035.73	27660502.00	25970319360
2012/12/21	4043.44	4246.54	4010.10	4120.92	40848444.00	40732065792
2012/12/28	4116.14	4477.78	4090.12	4446.70	42122016.00	45585616896
2013/01/04	4475.38	4643.97	4418.07	4498.62	18511816.00	21622089728
2013/01/11	4465.27	4570.33	4235.18	4287.80	31607172.00	36372897792
2013/01/18	4258.01	4628.67	4240.72	4561.91	46546860.00	50830217216
2013/01/25	4571.56	4748.38	4483.44	4487.22	42506144.00	48954392576
2013/02/01	4504.77	5309.06	4504.76	5287.96	67049844.00	80485285888
2013/02/08	5356.60	5449.53	5118.60	5386.35	60381472.00	77260226560
2013/02/22	5413.58	5420.60	4769.55	4784.01	41524516.00	50588499968
2013/03/01	4844.68	5218.20	4714.97	5192.81	54344328.00	63007297536
2013/03/08	5065.83	5179.91	4799.24	4867.40	60180524.00	69037645824
2013/03/15	4854.41	4936.41	4542.27	4692.66	42743292.00	47951765504
2013/03/22	4653.93	4938.42	4530.01	4886.30	49753532.00	56175226880
2013/03/29	4910.39	4943.68	4369.36	4369.41	39933432.00	43086381056
2013/04/03	4375.46	4486.10	4374.75	4399.22	16614313.00	17476052992
2013/04/12	4277.19	4472.33	4236.60	4245.92	27230056.00	27615909888
2013/04/19	4220.67	4651.26	4174.98	4618.83	37892776.00	40078868480
2013/04/26	4587.26	4631.27	4344.53	4475.15	41140268.00	44445859840
2013/05/03	4450.61	4740.50	4432.19	4663.82	16581636.00	18675511296
2013/05/10	4697.32	4748.49	4496.54	4592.52	39802044.00	44816723968
2013/05/17	4595.84	4726.43	4449.95	4705.57	36871120.00	41960382464
2013/05/24	4719.49	4826.27	4635.35	4693.25	38220608.00	45351510016
2013/05/31	4686.02	4995.11	4681.52	4844.04	48569596.00	56601796608
2013/06/07	4853.58	4927.14	4559.69	4576.76	34151716.00	40277786624
2013/06/14	4480.06	4480.06	4255.30	4330.47	13514195.00	14767972352
2013/06/21	4338.75	4348.03	4010.72	4142.38	27867550.00	28490561536
2013/06/28	4116.50	4116.50	3441.48	3760.50	45114392.00	39692640256
2013/07/05	3742.11	3839.19	3636.15	3777.07	34292936.00	29543452672
2013/07/12	3704.13	4189.45	3642.39	4006.13	51457628.00	46364549120
2013/07/19	4108.85	4316.33	3876.74	3884.75	46733288.00	45829267456
2013/07/26	3838.72	4189.03	3818.93	4053.14	37713452.00	36410064896
2013/08/02	3996.56	4222.63	3916.24	4138.86	34250144.00	33412571136
2013/08/09	4134.81	4303.71	4086.81	4167.92	32548916.00	32830971904
2013/08/16	4187.38	4504.17	4151.81	4200.77	53178012.00	54101622784
2013/08/23	4074.32	4155.97	3903.45	3968.51	39253744.00	38300143616
2013/08/30	4058.09	4253.13	4038.70	4193.35	40513196.00	42587910144
2013/09/06	4184.81	4238.46	4136.12	4178.69	32380576.00	34879225856
2013/09/13	4210.64	4812.38	4196.17	4648.45	79776392.00	92770213888
2013/09/18	4677.87	4678.02	4410.78	4511.73	22408840.00	26147540992
2013/09/27	4511.80	4553.87	4317.38	4418.55	30491064.00	34594430976
2013/09/30	4424.31	4428.02	4361.99	4367.05	5213745.00	5467408384
2013/10/11	4343.93	4455.79	4284.97	4396.02	25426240.00	28819968000
2013/10/18	4397.06	4405.48	4235.90	4330.45	29897368.00	33760278528
2013/10/25	4343.37	4434.30	4192.90	4210.10	28338784.00	31806488576
2013/11/01	4215.02	4329.77	4155.71	4289.29	25666206.00	28338415616
2013/11/08	4309.27	4321.40	3972.45	3988.33	21396632.00	23307503616
2013/11/15	3989.51	4240.69	3911.13	4153.28	25633088.00	27301025792
2013/11/22	4213.39	4451.69	4191.56	4381.86	46157888.00	52847738880
2013/11/29	4348.77	4572.01	4322.73	4502.70	40811876.00	46172037120
2013/12/06	4638.80	4801.73	4580.26	4600.03	59518068.00	71294894080
2013/12/13	4611.53	4687.75	4397.15	4475.48	28540794.00	33424023552
2013/12/20	4506.32	4517.12	4300.74	4300.74	24134100.00	27685386240
2013/12/27	4308.46	4394.32	4252.56	4379.10	25607544.00	29441847296
2014/01/03	4412.85	4464.64	4296.47	4305.76	22289494.00	25306312704
2014/01/10	4296.26	4348.87	4118.27	4125.95	24931992.00	28126244864
2014/01/17	4133.15	4173.53	4049.50	4113.68	24736280.00	24373344256
2014/01/24	4094.25	4336.05	4076.97	4306.24	27930912.00	28354859008
2014/01/30	4266.23	4276.49	4190.61	4201.56	18035728.00	19579533312
2014/02/07	4160.26	4227.44	4135.96	4227.32	4579832.00	5112929792
2014/02/14	4241.96	4409.26	4241.96	4325.86	33230192.00	36281114624
2014/02/21	4357.95	4370.66	4026.51	4057.12	38050064.00	41665777664
2014/02/28	4028.93	4028.93	3782.37	3986.16	35904836.00	36307361792
2014/03/07	3956.30	3975.23	3840.88	3896.08	32217236.00	30527422464
2014/03/14	3848.96	3866.66	3696.14	3779.84	27679550.00	26957537280
2014/03/21	3792.92	3868.80	3666.60	3857.57	24674740.00	23769972736
2014/03/28	3854.25	3996.05	3814.90	3831.54	35715856.00	35119775744
2014/04/04	3844.36	3953.80	3780.77	3926.00	21915788.00	21501200384
2014/04/11	3912.03	4269.01	3906.54	4181.67	46034756.00	47307419648
2014/04/18	4177.35	4204.06	4050.84	4124.07	32854226.00	32535298048
2014/04/25	4113.22	4160.71	3952.55	3955.11	28348414.00	27432941568
2014/04/30	3949.89	3974.12	3862.51	3959.08	14222742.00	13336740864
2014/05/09	3944.09	4084.38	3907.94	4022.98	24999320.00	23991734272
2014/05/16	4107.72	4176.49	3957.29	3971.00	34825880.00	34476388352
2014/05/23	3944.14	3995.79	3855.12	3966.04	19834900.00	19017379840
2014/05/30	3982.09	4007.94	3898.89	3931.33	21417478.00	21351692288
2014/06/06	3936.39	3976.87	3858.79	3886.91	14270580.00	14283188224
2014/06/13	3865.11	3980.69	3857.31	3949.06	20811128.00	21518127104
2014/06/20	3954.60	3997.16	3816.71	3844.96	20021576.00	20437983232
2014/06/27	3846.17	3903.90	3831.63	3890.16	15394366.00	15026256896
2014/07/04	3906.85	3961.09	3895.75	3931.95	20589806.00	20582969344
2014/07/11	3931.39	3945.84	3855.87	3889.18	18108332.00	16297295872
2014/07/18	3891.48	3977.75	3884.10	3947.17	21283184.00	20316065792
2014/07/25	3947.56	4203.26	3907.94	4203.26	51041356.00	45732421632
2014/08/01	4266.19	4511.88	4266.19	4393.96	90111880.00	83729399808
2014/08/08	4436.63	4608.52	4426.69	4459.71	72400152.00	70618988544
2014/08/15	4475.38	4592.34	4456.77	4570.38	55375768.00	54413451264
2014/08/22	4587.85	4624.43	4431.95	4500.74	50242136.00	49928876032
2014/08/29	4514.07	4514.54	4348.29	4434.64	32096584.00	32065728512
2014/09/05	4437.84	4740.27	4416.72	4688.53	57439328.00	58843570176
2014/09/12	4695.49	4727.35	4575.04	4627.98	36785824.00	38785224704
2014/09/19	4628.69	4648.06	4463.72	4560.73	46646208.00	45233233920
2014/09/26	4547.85	4808.04	4476.06	4727.54	74746552.00	68611854336
2014/09/30	4760.26	4811.50	4743.01	4773.62	25028940.00	24900847616
2014/10/10	4792.92	4824.59	4716.32	4753.02	34058036.00	34371489792
2014/10/17	4717.87	4920.41	4663.18	4873.33	77896784.00	77264224256
2014/10/24	4884.19	4973.84	4703.84	4715.50	62075912.00	61885546496
2014/10/31	4613.71	5088.90	4539.80	5030.49	88326912.00	87377690624
2014/11/07	5057.29	5501.17	4992.14	5314.97	129779104.00	132065755136
2014/11/14	5465.88	5980.76	5320.64	5737.06	184880096.00	209723670528
2014/11/21	5792.75	6023.39	5541.28	5994.55	100681840.00	115311476736
2014/11/28	6198.10	7235.58	6156.48	7092.00	211442176.00	281947865088
2014/12/05	7165.73	9551.04	6983.08	9550.92	279299424.00	472583536640
2014/12/12	9548.20	11441.04	9335.07	9750.62	324204320.00	682003595264
2014/12/19	9671.14	11841.91	9567.34	10840.11	273453728.00	610305835008
2014/12/26	10685.39	11207.08	9666.08	11199.70	193444736.00	419986997248
2014/12/31	11599.36	11759.43	10634.66	11344.21	131428056.00	309040578560
2015/01/09	11368.98	11969.01	10939.85	11174.61	180504704.00	429418020864
2015/01/16	11213.35	11390.70	10613.80	11112.58	141129264.00	333003128832
2015/01/23	10059.64	10667.48	9247.23	10314.99	175187936.00	362862247936
2015/01/30	10426.32	10491.29	9755.10	9755.10	128659248.00	265563570176
2015/02/06	9444.49	10152.09	9340.66	9817.19	119230448.00	245126496256
2015/02/13	9782.43	10566.86	9782.43	10345.81	121269808.00	250010992640
2015/02/17	10324.51	10581.34	10216.85	10398.60	34214460.00	70979518464
2015/02/27	10419.61	10768.29	10012.70	10595.05	69198112.00	144289906688
2015/03/06	10826.37	10992.27	10168.88	10234.49	109761712.00	230442205184
2015/03/13	9864.77	10505.14	9660.20	10275.85	107862224.00	218823360512
2015/03/20	10338.82	11989.76	10190.86	11696.14	194924336.00	424315912192
2015/03/27	11779.46	11988.22	11301.93	11569.52	159827904.00	378693287936
2015/04/03	11603.45	12673.38	11503.24	12672.47	207601872.00	496392110080
2015/04/10	12843.97	14462.50	12608.48	13547.81	207863472.00	547140403200
2015/04/17	13630.08	13657.38	12728.00	13294.88	170908960.00	451809574912
2015/04/24	13290.15	14500.70	12638.87	13506.49	212782272.00	567929274368
2015/04/30	13586.17	13838.55	13173.58	13173.58	113990992.00	305154752512
2015/05/08	13148.58	13405.56	12545.52	12808.14	113520416.00	299242848256
2015/05/15	12898.22	13634.50	12431.90	12508.98	133052720.00	339772309504
2015/05/22	12350.30	13569.10	12169.23	13373.74	160567136.00	417845346304
2015/05/29	13436.31	14126.29	12236.58	12481.53	205375600.00	541185179648
2015/06/05	12487.82	13660.61	12329.88	13253.32	160473248.00	414416109568
2015/06/12	13274.76	14061.36	13156.12	13279.58	145866176.00	399356493824
2015/06/19	13506.84	13553.09	11626.64	11629.73	110394864.00	273882284032
2015/06/26	11679.02	12293.58	10535.32	10578.96	98156224.00	229604327424
2015/07/03	10917.78	10917.78	9228.74	9612.08	163045488.00	334954364928
2015/07/10	10544.38	10544.38	8036.07	10404.16	211597344.00	401436901376
2015/07/17	10263.40	10874.80	8925.43	9679.16	154365728.00	295305084928
2015/07/24	9652.72	9758.86	9225.07	9318.48	114979744.00	215051042816
2015/07/31	9138.88	9166.38	7727.72	8428.79	126404824.00	223187746816
2015/08/07	8262.17	8695.38	8169.39	8295.67	68990128.00	118168338432
2015/08/14	8346.15	9044.87	8274.32	8937.88	102470496.00	185232343040
2015/08/21	8876.15	9183.77	7300.44	7321.69	92459680.00	159058657280
2015/08/28	6989.69	7052.15	5598.59	6437.40	136149504.00	169363111936
2015/09/02	6335.12	6423.48	5850.73	6266.59	91071848.00	114570764288
2015/09/11	6259.22	6687.56	5982.68	6369.41	70835224.00	93126672384
2015/09/18	6367.32	6377.80	5644.43	5981.95	68014824.00	83888357376
2015/09/25	5887.85	6497.27	5862.26	5915.17	55143436.00	70620471296
2015/09/30	5907.50	6124.16	5791.16	5973.94	23597316.00	28539416576
2015/10/09	6374.01	6453.47	6219.27	6407.58	29486006.00	37746180096
2015/10/16	6417.91	7112.56	6376.62	7016.32	88251408.00	118646652928
2015/10/23	7058.79	7427.01	6706.50	7103.53	90914752.00	129296662528
2015/10/30	7292.47	7505.77	6835.18	7118.48	78421072.00	111609364480
2015/11/06	6955.86	9029.39	6876.16	8969.19	192878688.00	297751314432
2015/11/13	9084.69	9530.97	8723.46	9151.90	253360320.00	434211127296
2015/11/20	8863.42	9720.29	8665.52	8826.61	170390016.00	302212317184
2015/11/27	8843.52	9171.36	8033.39	8041.07	121711704.00	211189825536
2015/12/04	7937.66	8601.32	7625.42	8214.47	109973320.00	178399330304
2015/12/11	8180.96	8421.98	7879.57	8136.16	73340496.00	123475001344
2015/12/18	8007.27	8920.48	8005.99	8659.48	118252096.00	210648465408
2015/12/25	8622.72	9516.21	8608.40	8796.46	129648880.00	228738416640
2015/12/31	8891.89	8906.77	8388.56	8400.54	55165796.00	96556376064
2016/01/08	8358.88	8382.00	6810.14	7201.73	71854672.00	108869967872
2016/01/15	6980.20	7067.44	6452.90	6663.94	83174032.00	116396646400
2016/01/22	6525.80	6972.36	6463.28	6638.76	61997884.00	89476694016
2016/01/29	6668.45	6735.26	5739.38	6171.90	70641896.00	87755915264
2016/02/05	6126.64	6366.74	5959.23	6090.64	54288348.00	66625019904
2016/02/19	5870.69	6567.57	5870.69	6389.14	57436224.00	72658329600
2016/02/26	6498.22	6705.78	5886.41	6022.06	66360776.00	84486291456
2016/03/04	5980.54	6516.89	5644.89	6460.16	89767800.00	112110608384
2016/03/11	6533.19	6606.55	6119.46	6295.36	56852244.00	73710075904
2016/03/18	6364.11	6936.99	6312.92	6844.30	87005168.00	113679491072
2016/03/25	7089.58	7528.57	7060.11	7159.23	157911168.00	231960952832
2016/04/01	7164.76	7398.23	6865.95	7170.53	92059080.00	138740285440
2016/04/08	7141.85	7397.28	6872.48	6952.04	59702700.00	90777960448
2016/04/15	7225.39	7480.72	7040.55	7330.96	84078352.00	117396774912
2016/04/22	7244.98	7244.98	6811.89	7038.96	62846064.00	88538447872
2016/04/29	6996.14	7036.56	6806.78	6845.06	41902016.00	62009704448
2016/05/06	6846.12	7056.36	6701.41	6701.41	44470056.00	64296337408
2016/05/13	6632.82	6633.01	6310.95	6431.02	39838648.00	53026729984
2016/05/20	6393.63	6570.71	6360.87	6546.27	38868644.00	53372850176
2016/05/27	6542.03	6626.58	6418.44	6496.99	32966288.00	45169725440
2016/06/03	6478.73	7095.50	6428.03	6983.86	82793552.00	115512647680
2016/06/08	6983.73	7025.31	6854.98	6911.17	29977892.00	41917087744
2016/06/17	6803.25	6866.64	6519.30	6690.59	50472528.00	67372621824
2016/06/24	6700.92	7059.52	6615.63	6753.24	59952244.00	81771405312
2016/07/01	6722.53	7089.50	6721.64	6983.31	66874552.00	93865082880
2016/07/08	6929.19	7275.00	6916.25	7194.39	66131584.00	93336068096
2016/07/15	7194.91	7546.81	7134.31	7282.98	78747000.00	112180772864
2016/07/22	7228.75	7275.15	7090.84	7130.50	43696584.00	61875666944
2016/07/29	7122.72	7230.24	6847.26	6870.80	46822932.00	64986132480
2016/08/05	6860.00	6929.23	6760.41	6853.49	28341896.00	38216884224
2016/08/12	6841.13	7134.39	6784.64	7134.39	47451664.00	65279971328
2016/08/19	7159.35	7742.52	7139.74	7306.94	101207984.00	148532609024
2016/08/26	7290.54	7321.84	7109.72	7152.16	44649704.00	59655860224
2016/09/02	7148.64	7279.43	7105.19	7183.13	42821876.00	56355270656
2016/09/09	7199.95	7285.53	7105.73	7150.17	45503592.00	56336179200
2016/09/14	7017.06	7023.02	6889.73	6905.43	25601438.00	32970088448
2016/09/23	6909.54	7022.51	6901.63	6929.60	27665598.00	34461114368
2016/09/30	6912.58	6997.17	6798.65	6933.54	34805288.00	39319298048
2016/10/14	6990.66	7073.10	6953.50	7022.78	35898920.00	41486426112
2016/10/21	7027.96	7144.64	6918.22	7075.79	43269624.00	50964951040
2016/10/28	7071.02	7437.07	7059.36	7230.05	69549712.00	89595338752
2016/11/04	7177.90	7565.05	7107.83	7411.68	74121104.00	99685580800
2016/11/11	7421.70	7768.84	7268.65	7717.64	87192232.00	118506127360
2016/11/18	7673.27	7964.90	7582.00	7603.51	102420360.00	133321875456
2016/11/25	7571.81	7828.94	7562.96	7747.81	79571696.00	104700493824
2016/12/02	7818.28	7830.61	7553.78	7588.83	83769184.00	112888201216
2016/12/09	7467.92	7507.57	7241.31	7277.38	55573132.00	69446500352
2016/12/16	7271.56	7275.58	6920.84	6943.99	51750596.00	69210816512
2016/12/23	6930.03	6985.56	6807.28	6822.38	31094268.00	42399379456
2016/12/30	6776.65	6906.71	6737.02	6859.33	23904212.00	32902090752
2017/01/06	6864.68	6957.26	6840.24	6841.58	21087900.00	29328228352
