'000001'	上证指数	周线
日期	开盘	最高	最低	收盘	成交量	成交额	涨数	跌数
1990/12/21	96.05	109.13	95.79	109.13	1485.00	595399	5	0
1990/12/28	113.57	126.45	109.13	126.45	321.00	283978	5	0
1991/01/04	126.56	131.44	126.48	131.44	730.00	474950	5	0
1991/01/11	131.99	134.61	131.45	134.60	32063.00	17692512	6	1
1991/01/18	134.11	135.19	133.65	134.24	18147.00	10069172	2	3
1991/01/25	133.70	134.24	132.03	132.05	8804.00	4425658	2	4
1991/02/01	131.46	131.55	129.45	129.51	7876.00	3922548	2	1
1991/02/08	129.05	130.39	128.06	130.38	19123.00	10755686	4	0
1991/02/14	130.92	132.53	130.39	132.53	17867.00	9378669	4	1
1991/02/22	133.12	134.87	133.08	134.87	9271.00	5512402	5	1
1991/03/01	134.37	134.87	132.47	132.53	11500.00	8273978	3	1
1991/03/08	132.09	132.09	129.84	129.89	5720.00	4667358	1	4
1991/03/15	129.30	129.89	125.08	125.17	3085.00	2146980	3	3
1991/03/22	124.70	125.17	122.62	122.62	3178.00	2577684	0	4
1991/03/29	122.12	122.62	120.11	120.19	5421.00	4091058	4	2
1991/04/05	120.69	122.20	119.68	121.54	36984.00	18112904	3	2
1991/04/12	121.11	121.11	119.15	119.21	3286.00	3132341	2	3
1991/04/19	118.73	119.22	117.05	117.08	1431.00	1382294	4	2
1991/04/26	116.63	117.08	114.52	115.56	15709.00	7513185	5	2
1991/05/03	114.86	116.29	112.30	112.41	18956.00	9855812	2	3
1991/05/10	111.65	112.41	108.53	108.53	7566.00	4234532	3	4
1991/05/17	107.88	107.88	104.96	106.75	24192.00	9754407	6	1
1991/05/24	107.76	110.08	106.71	110.08	26944.00	13632290	6	1
1991/05/31	111.05	114.83	109.47	114.83	12378.00	8342822	5	0
1991/06/07	115.90	120.47	114.89	120.47	5231.00	4184708	6	0
1991/06/14	121.65	126.34	120.47	124.53	29816.00	16674173	3	4
1991/06/21	125.63	130.86	123.54	130.86	26356.00	14883692	7	0
1991/06/28	132.10	137.56	131.80	137.56	16425.00	10657974	7	0
1991/07/05	136.64	138.62	134.19	135.96	56427.00	35572488	4	3
1991/07/12	135.26	136.57	132.42	132.80	28556.00	13897346	5	2
1991/07/19	133.90	138.54	131.87	136.70	27064.00	12968168	6	1
1991/07/26	138.07	141.46	136.70	140.66	33662.00	16474942	5	0
1991/08/02	141.22	146.68	140.81	146.68	30898.00	15197191	7	0
1991/08/09	148.06	154.10	146.68	154.10	13900.00	7275539	5	0
1991/08/16	155.34	161.60	154.10	161.60	31959.00	17045278	6	0
1991/08/23	163.21	169.81	161.60	169.81	6870.00	4457904	6	0
1991/08/30	171.51	178.43	169.81	178.43	11610.00	7398740	6	0
1991/09/06	180.08	187.36	178.43	187.36	7812.00	5153687	7	0
1991/09/13	189.10	190.98	185.01	187.79	115511.00	78835456	6	1
1991/09/20	189.55	191.18	185.66	185.92	90098.00	58007824	3	3
1991/09/27	185.00	185.92	181.19	181.82	47118.00	29780128	3	3
1991/10/04	180.28	184.29	179.80	184.29	51695.00	39705948	6	0
1991/10/11	185.95	192.88	185.41	192.85	73722.00	47558168	7	0
1991/10/18	194.06	202.51	192.32	202.51	51102.00	34007628	7	0
1991/10/25	204.53	211.97	202.51	211.86	60295.00	41452952	5	0
1991/11/01	213.50	220.72	211.86	220.72	18129.00	13470078	6	0
1991/11/08	222.77	231.22	220.79	231.22	29366.00	22890222	7	0
1991/11/15	233.48	238.25	231.22	238.25	7088.00	6780092	4	0
1991/11/22	240.04	248.53	238.25	248.53	10808.00	9489433	5	0
1991/11/29	250.84	259.85	248.53	259.60	43102.00	36753232	5	1
1991/12/06	261.78	269.35	259.67	269.35	24634.00	22320216	7	0
1991/12/13	270.27	277.00	269.35	277.00	5139.00	5779797	5	0
1991/12/20	277.53	282.83	277.00	282.83	7320.00	9976711	5	0
1991/12/27	285.65	290.85	282.83	290.85	4824.00	5861067	6	0
1992/01/03	291.71	296.52	290.85	296.52	4113.00	5921758	6	0
1992/01/10	297.68	301.83	296.52	301.83	7499.00	10104991	6	0
1992/01/17	302.83	307.38	302.00	307.38	2244.00	3081256	2	0
1992/01/24	307.38	309.05	307.38	309.05	2426.00	3180643	2	0
1992/01/31	311.60	313.24	309.05	313.24	2372.00	3154380	2	0
1992/02/07	314.18	314.72	313.24	314.72	632.00	1110776	1	0
1992/02/14	315.55	319.68	314.72	319.68	2397.00	3901783	4	0
1992/02/21	319.77	359.93	319.68	359.59	45100.00	82197984	3	0
1992/02/28	361.11	364.67	357.07	364.66	60158.00	78491952	4	0
1992/03/06	365.15	371.76	364.66	371.76	25605.00	44262716	4	0
1992/03/13	372.26	377.57	371.88	376.38	42833.00	77046512	1	1
1992/03/20	377.00	378.32	376.21	377.99	24352.00	48815124	2	1
1992/03/27	378.61	380.79	377.45	380.77	38605.00	82484520	5	1
1992/04/03	381.54	382.06	380.76	381.33	37484.00	108550648	3	2
1992/04/10	381.97	382.88	381.20	382.03	28011.00	70735464	5	3
1992/04/17	387.27	414.42	382.03	414.42	95463.00	205351712	4	4
1992/04/24	417.19	421.55	394.60	414.40	201447.00	287636352	6	4
1992/04/30	422.45	448.94	413.47	445.38	178252.00	226889312	6	3
1992/05/08	454.86	468.42	439.96	468.11	230456.00	370495424	12	1
1992/05/15	483.29	544.56	468.11	544.35	194418.00	325860512	14	0
1992/05/22	560.09	1349.71	544.35	1339.99	326810.00	624800000	14	0
1992/05/29	1411.98	1429.01	823.36	1234.71	321629.00	764087552	13	1
1992/06/05	1175.68	1249.58	1033.47	1105.76	201620.00	476831040	8	6
1992/06/12	1092.06	1206.51	1079.65	1171.71	204678.00	472823040	4	8
1992/06/19	1174.41	1186.59	1152.68	1171.93	161907.00	365419424	10	3
1992/06/26	1173.68	1207.81	1144.46	1164.67	113296.00	259588400	12	2
1992/07/03	1168.89	1215.13	1156.68	1189.16	292673.00	609711488	10	4
1992/07/10	1197.76	1215.24	1166.45	1188.62	312016.00	770576384	9	5
1992/07/17	1156.83	1214.83	1100.16	1125.56	254004.00	607247488	9	5
1992/07/24	1100.60	1178.90	961.61	1142.02	249127.00	476213632	14	3
1992/07/31	1169.42	1178.81	1032.54	1052.06	393191.00	478940160	12	5
1992/08/07	1034.70	1060.36	983.22	1005.23	324532.00	422743360	7	12
1992/08/14	992.73	1006.64	627.36	858.38	553612.00	784595456	16	3
1992/08/21	898.66	999.69	858.38	916.25	668935.00	948612544	3	19
1992/08/28	888.95	920.85	825.01	848.20	439304.00	628950912	0	20
1992/09/04	833.50	848.40	742.74	753.58	489416.00	642908608	5	19
1992/09/11	745.69	789.18	595.42	776.29	530050.00	706463488	25	0
1992/09/18	762.82	793.36	694.32	754.40	556457.00	783160000	2	23
1992/09/25	740.97	760.13	708.50	729.79	371193.00	459596576	16	10
1992/09/30	724.45	729.79	698.91	702.32	197165.00	219691840	2	27
1992/10/09	676.47	702.32	640.22	660.29	398038.00	479449632	23	3
1992/10/16	687.45	713.77	648.84	664.75	473124.00	648109440	17	8
1992/10/23	643.80	667.46	524.07	559.73	521284.00	575129920	24	2
1992/10/30	539.50	561.50	447.93	507.25	653925.00	582139584	30	2
1992/11/06	471.18	508.81	455.73	457.05	549614.00	400272064	5	24
1992/11/13	439.81	459.04	388.32	414.09	563080.00	398934464	9	18
1992/11/20	402.02	415.64	386.85	401.44	502628.00	326816032	20	7
1992/11/27	404.05	752.32	401.82	637.67	1265885.00	1236349824	27	0
1992/12/04	682.08	841.02	637.67	807.02	1374247.00	1867425536	19	9
1992/12/11	765.87	811.57	592.78	722.28	1495535.00	1909037824	32	2
1992/12/18	741.06	748.19	663.17	698.13	670313.00	825954688	2	32
1992/12/25	709.87	781.36	697.70	764.28	1001957.00	1366771072	18	10
1992/12/31	764.43	784.03	754.54	780.39	590277.00	740302464	29	6
1993/01/08	784.13	893.86	777.16	889.47	1568698.00	2262852864	25	12
1993/01/15	913.44	1099.83	901.47	1063.76	2763264.00	3949586944	14	27
1993/01/22	1067.98	1109.59	984.74	1100.31	1556862.00	2436665856	40	1
1993/01/29	1126.37	1198.48	1113.56	1198.48	1452830.00	2290358528	38	2
1993/02/05	1242.35	1404.64	1222.18	1332.96	3066899.00	5980999680	9	30
1993/02/12	1339.59	1528.51	1334.18	1458.76	3761566.00	7069776896	41	1
1993/02/19	1544.10	1558.95	1441.06	1499.74	2531045.00	6252852736	18	24
1993/02/26	1487.84	1527.13	1196.47	1339.88	2916267.00	6455105536	3	40
1993/03/05	1328.22	1339.10	1026.18	1109.54	1782355.00	3578010368	4	44
1993/03/12	1133.52	1325.49	1089.36	1236.37	2303050.00	5446969856	9	36
1993/03/19	1226.66	1241.04	1155.10	1174.99	1106014.00	1935030016	5	41
1993/03/26	1148.29	1179.05	913.74	1039.76	1679588.00	2465257216	51	0
1993/04/02	1008.40	1047.88	915.59	944.01	1074161.00	1397428480	15	35
1993/04/09	945.58	1340.91	924.49	1243.02	3852039.00	6376240640	19	25
1993/04/16	1254.62	1341.18	1195.56	1214.75	3436662.00	6950490112	3	46
1993/04/23	1203.85	1295.76	1185.76	1260.25	2110667.00	4194509568	19	34
1993/04/30	1298.92	1392.62	1282.54	1358.78	3276050.00	7110778880	37	12
1993/05/07	1365.15	1380.50	1151.49	1199.81	2666095.00	5428511232	55	1
1993/05/14	1216.72	1221.98	1107.66	1167.47	1337772.00	2531713024	5	52
1993/05/21	1162.06	1178.54	1097.61	1143.97	904539.00	1504397568	2	58
1993/05/28	1136.29	1143.97	942.21	972.77	1362042.00	2002503424	51	11
1993/06/04	975.05	1177.91	859.48	1004.30	3221400.00	5274624000	18	44
1993/06/11	1006.26	1101.68	982.03	1047.00	2519257.00	4452877824	31	29
1993/06/18	1046.06	1046.06	981.84	1005.98	1088872.00	1885879808	28	40
1993/06/25	1003.98	1041.22	967.74	1006.64	836154.00	939476864	67	1
1993/07/02	1006.63	1043.05	980.05	986.98	2404536.00	4049576960	18	50
1993/07/09	976.67	980.92	865.31	868.57	1141809.00	1627648512	1	64
1993/07/16	855.50	870.05	828.55	846.87	1395729.00	1869327744	33	31
1993/07/23	846.87	849.04	803.22	813.54	1044959.00	840896960	26	39
1993/07/30	810.07	901.12	777.73	881.07	2314845.00	2560636416	70	2
1993/08/06	885.31	913.15	823.00	855.52	3040256.00	3250262528	57	13
1993/08/13	866.65	947.26	861.19	947.26	5310732.00	6074798080	66	11
1993/08/20	969.90	1042.47	937.99	946.54	4517981.00	6065017856	4	70
1993/08/27	933.72	937.30	873.13	894.59	1707103.00	2065682432	13	66
1993/09/03	901.09	926.11	884.51	922.69	1141138.00	1166381312	72	7
1993/09/10	940.46	947.53	887.65	903.56	1516287.00	1924028672	28	43
1993/09/17	895.62	903.24	865.61	881.41	791085.00	897459328	67	7
1993/09/24	875.97	915.06	864.38	875.81	1261988.00	1359298944	13	61
1993/09/30	876.61	909.84	876.39	890.27	1885272.00	1933120768	49	22
1993/10/08	895.69	934.40	874.28	874.76	4170951.00	7187963904	13	68
1993/10/15	872.95	879.68	848.53	856.92	2482576.00	3534158080	53	27
1993/10/22	852.82	852.82	818.81	818.81	3621600.00	4956044288	9	76
1993/10/29	792.78	834.79	774.54	814.82	4870232.00	7739407360	17	69
1993/11/05	801.86	824.49	793.32	814.39	2790781.00	3886218496	81	8
1993/11/12	833.26	868.91	819.09	865.97	4765234.00	7595754496	89	7
1993/11/19	875.80	924.67	875.80	924.67	6194170.00	7390370816	82	16
1993/11/26	924.67	1011.76	898.49	965.39	10187662.00	14217427968	24	81
1993/12/03	968.44	993.74	956.34	980.67	5792148.00	8167469568	64	35
1993/12/10	986.12	1044.85	957.65	978.57	9220449.00	13893443584	31	76
1993/12/17	982.38	982.38	884.47	901.70	4778402.00	6190392320	25	84
1993/12/24	823.77	852.63	750.46	834.39	6568667.00	7702013952	70	40
1993/12/31	841.49	854.65	816.36	833.80	4816787.00	5735861248	84	26
1994/01/07	837.70	883.99	823.10	879.64	6088919.00	6380268032	79	47
1994/01/14	891.99	907.09	842.62	849.23	7755924.00	8550766080	2	123
1994/01/21	861.34	868.88	777.83	812.88	4727347.00	4444157952	111	17
1994/01/28	830.16	842.04	795.07	799.26	4860285.00	3546600960	3	133
1994/02/04	781.54	797.88	750.61	797.86	4373930.00	3913886208	134	6
1994/02/18	813.95	818.57	761.64	769.18	3338994.00	2884438784	51	87
1994/02/25	769.94	787.67	749.63	787.42	5318987.00	5693446656	138	14
1994/03/04	785.82	795.20	724.33	726.30	7506120.00	8814756864	36	115
1994/03/11	718.35	741.44	694.03	717.38	10824685.00	13689327616	126	22
1994/03/18	774.77	807.52	751.20	765.22	19235944.00	20070928384	28	126
1994/03/25	755.86	757.55	714.59	719.05	10115651.00	11275823104	80	74
1994/04/01	702.42	714.10	691.86	698.84	10363504.00	9445112832	52	91
1994/04/08	698.19	700.21	674.72	678.85	6885132.00	6605980672	85	63
1994/04/15	668.85	674.50	592.31	626.79	7799759.00	5104126464	39	123
1994/04/22	619.51	619.53	536.34	566.07	10517579.00	8140690944	29	130
1994/04/29	566.63	616.09	555.76	592.56	12456921.00	9701500928	46	117
1994/05/06	593.94	620.94	575.25	585.80	7464646.00	5856666112	38	125
1994/05/13	587.94	606.73	575.28	590.39	9324948.00	6766659072	150	18
1994/05/20	597.12	597.72	576.85	594.22	9525828.00	5197221888	111	53
1994/05/27	594.52	597.15	566.37	573.36	6108026.00	3576071936	39	146
1994/06/03	565.63	565.87	537.78	548.75	15364619.00	2683396608	112	36
1994/06/10	549.03	549.66	512.03	514.54	4277217.00	2588863744	17	161
1994/06/17	505.54	528.45	487.26	527.85	4929025.00	2681846016	163	3
1994/06/24	523.37	531.11	490.68	492.33	4275098.00	2567299072	12	160
1994/07/01	483.45	483.90	457.51	458.37	2396406.00	1359184384	13	157
1994/07/08	446.23	446.86	423.03	437.75	2559109.00	1355000832	165	8
1994/07/15	436.54	440.59	413.00	413.93	2931636.00	1685454848	9	166
1994/07/22	405.61	406.64	362.29	363.73	2475782.00	1154747648	7	167
1994/07/29	357.40	392.17	325.89	333.92	6933391.00	3118939136	39	139
1994/08/05	394.87	683.04	377.97	683.04	59044352.00	33941495808	177	5
1994/08/12	720.48	768.08	597.26	689.66	63965744.00	45198139392	57	116
1994/08/19	671.10	772.32	654.22	713.85	38838740.00	29692739584	4	179
1994/08/26	680.07	728.76	668.72	707.41	22864568.00	18657634304	35	144
1994/09/02	716.87	830.20	706.52	830.18	37929924.00	35419086848	171	13
1994/09/09	871.16	1016.38	868.15	962.52	61320888.00	62404386816	44	132
1994/09/16	996.68	1052.93	930.62	978.99	36234092.00	38552489984	115	55
1994/09/23	944.25	974.25	865.93	867.65	19732128.00	19441192960	5	175
1994/09/30	856.17	922.29	789.64	791.15	16144716.00	15864549376	10	177
1994/10/07	770.90	775.85	546.79	738.03	12441194.00	10153857024	176	11
1994/10/14	678.02	727.47	593.05	663.75	16546374.00	13860962304	173	5
1994/10/21	617.90	746.90	615.50	712.71	15495065.00	13771790336	42	136
1994/10/28	741.05	794.85	675.65	677.45	19542864.00	17030705152	18	172
1994/11/04	648.24	722.60	642.86	666.77	9948901.00	7867837440	4	179
1994/11/11	649.14	743.22	648.68	731.16	12892317.00	12735207424	173	6
1994/11/18	731.63	739.56	685.62	698.81	7001887.00	6574130688	94	65
1994/11/25	695.75	705.25	674.65	685.33	3006837.00	2518235392	174	9
1994/12/02	683.83	689.96	670.61	677.91	1695465.00	1353790592	27	139
1994/12/09	674.54	675.42	635.78	640.67	1734032.00	1233624192	39	133
1994/12/16	636.35	693.76	620.47	680.23	4208940.00	3505021952	183	5
1994/12/23	684.62	695.22	653.31	677.84	9347146.00	9763712000	106	66
1994/12/30	684.81	689.13	642.26	647.87	5736864.00	5113650688	128	43
1995/01/06	637.72	657.45	630.53	640.76	1574343.00	1142907136	26	152
1995/01/13	637.52	637.55	583.81	597.84	2239176.00	1628769792	39	135
1995/01/20	591.06	595.02	559.65	571.24	1892676.00	1151712768	83	72
1995/01/27	564.86	565.04	547.38	562.59	2023825.00	1101373824	171	8
1995/02/10	559.78	559.84	524.43	541.38	2058266.00	988215232	18	174
1995/02/17	537.95	552.85	532.67	533.76	1710357.00	796386880	23	158
1995/02/24	534.57	608.58	534.51	558.43	5125082.00	3424424960	10	175
1995/03/03	584.02	591.43	544.06	577.22	3436156.00	2624737536	181	6
1995/03/10	585.24	639.01	582.55	586.29	11167496.00	8507752448	10	177
1995/03/17	596.64	599.90	568.60	593.52	3393977.00	2627749376	169	8
1995/03/24	597.84	620.34	581.33	611.77	5920929.00	4439862272	84	77
1995/03/31	618.47	648.04	615.44	646.92	6946971.00	6221031424	175	9
1995/04/07	651.04	677.66	641.83	673.72	10340222.00	8060220928	158	24
1995/04/14	678.74	681.15	627.04	640.04	10265833.00	6085285376	158	18
1995/04/21	640.17	649.22	625.11	635.99	4404203.00	3104038912	15	168
1995/04/28	627.39	630.26	547.21	579.93	5373656.00	3561156096	152	23
1995/05/05	576.69	586.25	567.93	574.17	2189166.00	1187835520	137	24
1995/05/12	573.12	593.50	564.86	584.84	1667433.00	1734266752	182	2
1995/05/19	583.19	855.81	577.14	855.81	21916956.00	18839003136	175	10
1995/05/26	919.75	926.41	672.37	727.62	31686334.00	28002996224	178	8
1995/06/02	719.64	725.80	690.71	716.82	6227684.00	4713712128	160	13
1995/06/09	718.14	722.17	675.65	702.62	6773939.00	4638453248	143	27
1995/06/16	696.65	702.97	636.13	646.54	7536178.00	4164291072	103	54
1995/06/23	637.58	653.92	634.81	650.14	4272142.00	2346849024	163	14
1995/06/30	650.91	659.78	625.70	630.58	5716042.00	2908954368	25	160
1995/07/07	623.14	666.85	610.33	666.78	8433098.00	4890745856	184	1
1995/07/14	669.06	669.77	645.83	652.80	10144351.00	5193912832	46	142
1995/07/21	651.95	723.68	651.67	693.56	23648704.00	10982264832	96	65
1995/07/28	699.84	716.22	686.76	695.42	22449188.00	9689833472	86	81
1995/08/04	699.61	733.86	688.65	709.88	14450615.00	7955178496	150	22
1995/08/11	708.27	749.53	704.87	744.99	27496208.00	12550901760	78	110
1995/08/18	759.12	788.16	749.54	757.43	38834664.00	22664366080	55	123
1995/08/25	752.06	755.44	718.05	727.58	13863454.00	7368727552	34	149
1995/09/01	724.10	741.65	711.11	728.84	9759778.00	4593090560	111	53
1995/09/08	731.42	766.03	728.99	751.08	18623664.00	10791018496	52	129
1995/09/15	756.68	792.54	749.89	755.93	20391162.00	10055786496	61	114
1995/09/22	757.99	762.18	721.00	730.01	10041601.00	5005123584	56	113
1995/09/29	730.01	730.01	699.10	722.43	8833314.00	4507161600	166	18
1995/10/06	724.04	729.54	715.64	719.96	4565875.00	2446594048	47	134
1995/10/13	717.99	720.43	693.86	702.98	19896576.00	12308604928	109	76
1995/10/20	702.13	726.29	696.79	726.29	16501714.00	9643180032	166	19
1995/10/27	729.76	765.48	718.44	722.37	24997464.00	13781761024	31	150
1995/11/03	722.86	728.35	712.27	727.78	13488180.00	6916567040	157	23
1995/11/10	729.04	736.91	700.82	708.76	10445097.00	5960153600	66	112
1995/11/17	705.89	705.92	675.37	676.19	8569060.00	4505708544	51	156
1995/11/24	671.80	679.34	654.09	659.37	4698345.00	2628598272	129	53
1995/12/01	658.08	658.32	624.93	633.81	4394270.00	2414460416	23	161
1995/12/08	632.72	643.36	627.06	636.78	3473303.00	2028430208	145	37
1995/12/15	636.82	639.29	601.02	603.89	5807857.00	3618491392	21	169
1995/12/22	600.65	606.69	590.90	594.24	3769151.00	1998337280	39	147
1995/12/29	590.76	590.76	552.84	555.29	3699575.00	1844856576	72	108
1996/01/05	550.26	561.36	530.79	536.37	3530953.00	1524363392	9	190
1996/01/12	533.33	559.64	527.91	547.11	6247656.00	2661750016	88	79
1996/01/19	545.05	554.90	512.83	523.51	4884883.00	2137838336	152	34
1996/01/26	520.95	538.96	514.16	525.57	5293590.00	2245993984	146	42
1996/02/02	526.20	538.11	525.49	536.04	6172074.00	2769026048	80	105
1996/02/09	537.23	537.27	518.18	525.41	3378987.00	1758247296	163	22
1996/02/16	523.57	553.83	523.57	552.94	4035874.00	1944746880	208	3
1996/03/08	583.38	606.51	558.04	573.13	13767682.00	7201051648	128	62
1996/03/15	574.19	575.47	556.41	562.39	4175634.00	2230062080	84	84
1996/03/22	561.81	574.01	561.09	570.18	4550511.00	2446814208	98	86
1996/03/29	570.77	572.75	549.72	556.39	4683889.00	2429705472	108	80
1996/04/05	566.21	584.18	556.23	582.53	4226030.00	2452394496	195	6
1996/04/12	583.63	593.73	576.61	586.96	6310541.00	3901895168	145	46
1996/04/19	585.95	618.27	583.32	618.12	9699138.00	5582434816	208	3
1996/04/26	624.93	714.56	609.89	707.61	32138868.00	21212444672	206	2
1996/05/03	722.57	739.29	645.01	650.04	24155650.00	16973759488	48	151
1996/05/10	648.23	682.62	648.00	661.47	18716924.00	10488534016	121	66
1996/05/17	665.49	712.05	663.34	711.93	19635808.00	11121952768	197	12
1996/05/24	719.19	725.16	630.42	639.80	20818994.00	11856574464	59	163
1996/05/31	639.51	653.22	632.22	643.65	8656592.00	5304150016	186	38
1996/06/07	643.95	739.43	636.45	727.34	30876482.00	21569056768	199	44
1996/06/14	740.10	790.31	736.98	777.27	43506328.00	29883533312	162	94
1996/06/21	779.71	814.20	748.56	796.10	26513900.00	21032380416	96	131
1996/06/28	797.86	819.83	762.13	804.25	21049868.00	17559996416	97	159
1996/07/05	800.90	801.05	753.63	785.37	28394448.00	24439099392	151	107
1996/07/12	794.12	825.39	778.87	796.41	30718804.00	25777195008	103	137
1996/07/19	794.88	857.07	780.15	856.92	28956480.00	21639397376	232	26
1996/07/26	871.47	894.72	840.20	845.12	40198240.00	29707448320	45	216
1996/08/02	846.18	865.50	814.88	838.87	19462462.00	14943406080	92	162
1996/08/09	846.03	880.30	838.59	871.60	22033204.00	17098377216	133	137
1996/08/16	880.13	894.85	838.41	853.87	19370528.00	15185248256	43	234
1996/08/23	852.33	852.35	786.44	803.69	15292596.00	12274658304	44	221
1996/08/30	789.14	809.96	766.70	809.93	16844210.00	13171528704	242	36
1996/09/06	812.94	838.66	795.07	801.23	21652352.00	17128151040	47	225
1996/09/13	798.59	799.97	752.68	779.06	18331044.00	12692243456	245	33
1996/09/20	779.85	805.53	754.28	805.53	14572513.00	12546727936	197	71
1996/09/27	812.94	875.52	812.30	875.52	33947392.00	32580653056	188	83
1996/10/04	887.85	891.70	855.78	863.45	9704472.00	8765165568	110	166
1996/10/11	866.07	912.00	852.83	909.89	35869752.00	26369536000	134	157
1996/10/18	919.70	968.21	919.70	939.93	47953084.00	36216299520	197	87
1996/10/25	943.02	1020.97	943.02	1012.67	54225512.00	42514997248	202	97
1996/11/01	1001.22	1038.81	906.96	930.79	45510480.00	36168278016	30	273
1996/11/08	930.99	950.36	896.87	919.67	21188232.00	15888631808	96	205
1996/11/15	923.36	958.61	922.19	950.82	24137856.00	19519150080	82	226
1996/11/22	952.72	1047.39	919.60	951.83	44787876.00	35965083648	198	111
1996/11/29	948.58	1037.15	938.80	1032.93	38758684.00	30065756160	290	34
1996/12/06	1056.67	1220.30	1056.67	1212.88	90843272.00	82513051648	164	167
1996/12/13	1227.47	1258.68	1108.29	1110.03	62193388.00	65646641152	7	329
1996/12/20	1005.00	1005.12	864.25	885.23	32679248.00	27468599296	118	202
1996/12/27	900.32	927.09	855.84	922.34	23292842.00	18225924096	110	207
1997/01/03	929.72	938.54	896.99	899.61	16521138.00	13646077952	49	282
1997/01/10	890.98	918.50	871.78	918.40	13111741.00	10492154880	307	24
1997/01/17	923.54	931.44	903.62	919.85	13040122.00	11208718336	199	111
1997/01/24	922.46	954.30	922.06	953.91	17192242.00	15251553280	181	128
1997/01/31	957.24	967.89	947.91	964.74	19828598.00	16952983552	197	115
1997/02/21	969.53	1017.31	870.18	1017.13	39637324.00	33624371200	335	10
1997/02/28	1028.35	1040.33	1004.61	1040.27	37714964.00	33855383552	277	54
1997/03/07	1044.61	1086.63	1043.92	1077.72	42873896.00	39794757632	117	223
1997/03/14	1085.91	1131.73	1085.88	1125.80	43920560.00	45000892416	160	173
1997/03/21	1138.27	1177.02	1116.58	1167.16	44824704.00	50276474880	330	18
1997/03/28	1186.95	1228.23	1180.87	1202.66	45988272.00	51387207680	116	212
1997/04/04	1210.01	1269.73	1210.00	1260.96	41510252.00	45702062080	186	150
1997/04/11	1259.58	1299.74	1246.72	1278.52	47842216.00	57728507904	118	222
1997/04/18	1293.97	1338.85	1293.97	1338.03	50740960.00	56669347840	248	89
1997/04/25	1355.55	1386.51	1350.79	1364.97	54238248.00	65900408832	107	243
1997/04/30	1372.26	1396.48	1335.75	1393.74	25907250.00	32497397760	223	129
1997/05/09	1398.14	1504.25	1394.42	1467.22	54368144.00	73331802112	326	30
1997/05/16	1490.78	1510.17	1287.06	1315.92	48557572.00	61021089792	8	352
1997/05/23	1330.78	1389.60	1225.79	1254.26	28685142.00	38209835008	222	129
1997/05/30	1268.59	1288.73	1213.24	1285.18	24649950.00	34826215424	294	35
1997/06/06	1302.81	1369.51	1254.27	1275.30	35814900.00	51209068544	8	360
1997/06/13	1275.25	1285.04	1154.97	1243.97	17360708.00	21906708480	352	19
1997/06/20	1255.76	1292.31	1227.25	1291.18	19657744.00	25075630080	368	10
1997/06/27	1313.23	1322.98	1246.92	1250.27	24542494.00	34470268928	57	334
1997/07/04	1255.90	1261.56	1124.77	1159.34	12106552.00	15371834368	253	133
1997/07/11	1161.70	1163.43	1066.04	1154.79	17735964.00	20116621312	383	17
1997/07/18	1163.29	1210.43	1158.43	1209.85	25919072.00	30753165312	289	93
1997/07/25	1215.83	1223.81	1158.13	1170.86	20739544.00	24166230016	144	243
1997/08/01	1167.81	1194.03	1133.17	1192.81	16794744.00	16552928256	247	146
1997/08/08	1196.25	1216.56	1161.63	1206.05	21378904.00	19624615936	217	174
1997/08/15	1206.45	1206.75	1118.20	1143.06	21154808.00	19436634112	94	318
1997/08/22	1139.60	1174.48	1116.14	1171.83	16781450.00	15401691136	213	191
1997/08/29	1175.43	1223.06	1175.38	1221.06	29784416.00	26562711552	222	177
1997/09/05	1224.17	1253.35	1215.92	1251.55	28622286.00	26199080960	171	228
1997/09/12	1253.14	1264.48	1207.83	1208.68	26863736.00	22625812480	30	382
1997/09/19	1205.90	1211.68	1162.24	1184.52	12975670.00	10646168576	308	84
1997/09/26	1184.49	1185.10	1025.13	1109.63	19404296.00	15131922432	97	296
1997/09/30	1106.34	1106.34	1079.34	1097.38	4481453.00	3698775296	345	59
1997/10/10	1100.70	1140.93	1087.01	1130.78	10239101.00	7715932672	302	83
1997/10/17	1136.42	1180.21	1105.70	1176.48	13568755.00	12423319552	337	69
1997/10/24	1183.74	1203.01	1164.06	1178.30	22854680.00	23637098496	198	193
1997/10/31	1183.64	1241.83	1158.73	1180.39	23270856.00	23976290304	248	144
1997/11/07	1181.16	1203.08	1176.54	1195.14	17753252.00	17024045056	328	83
1997/11/14	1199.36	1208.84	1157.29	1197.83	16817924.00	16877429760	256	143
1997/11/21	1210.67	1213.22	1152.00	1158.55	14116559.00	13005319168	57	353
1997/11/28	1150.41	1150.56	1114.13	1139.62	14068762.00	13167384576	375	41
1997/12/05	1137.58	1144.22	1119.20	1136.20	10793550.00	10455496704	194	209
1997/12/12	1140.54	1165.81	1136.56	1153.84	11500122.00	11635254272	164	247
1997/12/19	1155.72	1174.80	1138.39	1160.76	16122504.00	17259581440	261	143
1997/12/26	1162.68	1194.23	1153.43	1191.91	18517354.00	21050093568	261	131
1997/12/31	1196.29	1198.97	1179.55	1194.10	9556398.00	10443812864	301	100
1998/01/09	1200.93	1250.00	1200.22	1239.90	24703320.00	28767846400	158	259
1998/01/16	1242.21	1246.65	1110.08	1213.96	28297506.00	32046815232	160	257
1998/01/23	1215.40	1224.12	1194.38	1222.91	17366324.00	17251041280	197	218
1998/02/13	1257.99	1262.62	1233.53	1245.91	23345480.00	22712922112	189	235
1998/02/20	1246.79	1247.96	1223.93	1226.02	19215228.00	19910105088	152	269
1998/02/27	1217.85	1217.85	1189.51	1206.53	17492608.00	17324941312	204	212
1998/03/06	1196.74	1219.28	1182.61	1206.45	18308036.00	19262453760	188	235
1998/03/13	1207.95	1210.52	1175.55	1184.96	14563331.00	16123101184	264	153
1998/03/20	1186.18	1204.74	1179.43	1187.50	16524541.00	17994622976	177	236
1998/03/27	1186.56	1223.92	1178.04	1223.56	22605256.00	23708880896	388	36
1998/04/03	1230.93	1286.10	1228.29	1286.08	37832964.00	40233295872	288	131
1998/04/10	1291.61	1328.78	1286.43	1311.51	70368864.00	50153414656	279	135
1998/04/17	1319.93	1326.42	1291.08	1298.10	48480616.00	39109091328	123	296
1998/04/24	1292.16	1340.25	1286.58	1315.16	42200392.00	35303043072	137	292
1998/04/30	1314.35	1343.46	1303.48	1343.43	37783200.00	28179804160	268	163
1998/05/08	1353.05	1357.60	1324.72	1357.59	51513460.00	37442899968	383	36
1998/05/15	1367.24	1379.12	1342.73	1368.08	54886408.00	43086585856	209	223
1998/05/22	1373.67	1379.89	1350.26	1375.81	35976680.00	30777569280	265	147
1998/05/29	1380.12	1411.34	1376.20	1411.20	46104220.00	44308672512	274	150
1998/06/05	1418.35	1422.97	1390.63	1408.61	41553416.00	39131246592	163	267
1998/06/12	1411.95	1415.18	1346.06	1383.38	28935056.00	28595646464	415	25
1998/06/19	1385.31	1392.87	1323.52	1392.87	27152128.00	26567626752	360	80
1998/06/26	1400.46	1404.04	1376.40	1385.61	34386212.00	31564431360	214	183
1998/07/03	1387.02	1387.18	1296.99	1335.12	25673088.00	22165057536	234	197
1998/07/10	1339.26	1360.64	1307.90	1360.61	20882172.00	17514328064	380	62
1998/07/17	1362.68	1362.99	1311.75	1314.71	23769026.00	22542282752	142	298
1998/07/24	1311.05	1330.49	1278.30	1326.81	20643222.00	18244892672	268	167
1998/07/31	1328.33	1328.72	1308.26	1316.91	25892988.00	16171541504	212	231
1998/08/07	1315.13	1315.47	1267.92	1271.06	26377616.00	16050432000	82	373
1998/08/14	1262.00	1262.03	1158.78	1168.02	22726498.00	16760659968	100	364
1998/08/21	1152.67	1178.73	1043.02	1177.62	31481352.00	19190435840	360	82
1998/08/28	1178.55	1190.88	1125.18	1129.72	29488082.00	19437840384	88	370
1998/09/04	1117.97	1169.46	1072.42	1163.52	24225684.00	15030638592	417	46
1998/09/11	1168.36	1225.14	1162.46	1218.00	36131424.00	26046789632	206	246
1998/09/18	1219.31	1264.39	1199.58	1207.00	52614728.00	38261850112	72	391
1998/09/25	1199.16	1233.79	1192.06	1221.56	29259962.00	22972727296	426	38
1998/09/30	1224.26	1242.93	1217.65	1242.89	18192502.00	13479786496	375	75
1998/10/09	1245.73	1246.60	1207.92	1236.93	25949312.00	19758395392	307	150
1998/10/16	1239.56	1263.71	1227.85	1251.52	32706090.00	28072099840	200	262
1998/10/23	1255.05	1256.75	1191.55	1217.42	31730350.00	26829522944	164	289
1998/10/30	1215.55	1229.74	1195.24	1217.31	26340476.00	24755294208	199	253
1998/11/06	1217.33	1267.39	1210.84	1259.76	30719760.00	29055139840	242	220
1998/11/13	1263.96	1295.06	1263.95	1282.50	35720132.00	33829478400	200	249
1998/11/20	1284.33	1300.15	1271.65	1275.37	26309028.00	26509574144	195	257
1998/11/27	1275.90	1283.96	1242.56	1245.08	24876696.00	19811772416	129	326
1998/12/04	1244.92	1251.86	1213.55	1219.18	18817728.00	15891267584	103	350
1998/12/11	1234.75	1237.68	1194.06	1214.21	15586211.00	11570407424	330	110
1998/12/18	1214.60	1214.67	1150.72	1155.92	14843263.00	10698050560	141	311
1998/12/25	1153.66	1187.91	1150.38	1173.91	14408673.00	10397840384	453	18
1998/12/31	1175.63	1179.00	1125.55	1146.70	12560476.00	8006856704	171	265
1999/01/08	1144.88	1168.83	1104.50	1168.81	16638240.00	10179149824	455	25
1999/01/15	1169.91	1174.42	1136.30	1137.30	20134310.00	14867095552	98	365
1999/01/22	1135.08	1168.18	1126.70	1162.35	22995286.00	15573127168	236	217
1999/01/29	1161.98	1162.43	1130.33	1134.67	33093326.00	14240759808	173	272
1999/02/05	1131.65	1131.66	1079.21	1081.43	20765208.00	11322217472	57	413
1999/02/09	1076.81	1090.16	1064.17	1090.08	6799470.00	3721273856	449	21
1999/03/05	1092.14	1137.95	1084.15	1132.35	22669156.00	13025288192	247	220
1999/03/12	1133.50	1158.71	1127.17	1158.70	30864336.00	18639503360	303	166
1999/03/19	1161.49	1173.04	1147.56	1172.93	34536700.00	23375822848	413	68
1999/03/26	1175.67	1179.65	1154.93	1161.12	32898396.00	20536434688	243	217
1999/04/02	1160.56	1184.43	1150.81	1184.40	29375480.00	21755990016	352	128
1999/04/09	1188.93	1210.10	1187.05	1205.13	40907920.00	29256699904	225	259
1999/04/16	1205.31	1205.67	1162.31	1166.23	37488384.00	24692248576	199	252
1999/04/23	1164.61	1173.52	1110.64	1139.99	43730324.00	20151150592	259	207
1999/04/30	1139.64	1140.17	1087.79	1120.92	25641120.00	14851217408	453	31
1999/05/07	1120.90	1131.49	1105.34	1120.73	20687904.00	10130712576	111	361
1999/05/14	1107.36	1107.36	1060.50	1063.27	23711558.00	12952201216	41	444
1999/05/21	1057.48	1170.14	1047.83	1168.72	40122716.00	24452681728	453	23
1999/05/28	1173.13	1294.64	1164.89	1277.15	120229240.00	74086080512	178	296
1999/06/04	1287.06	1330.27	1253.25	1285.56	93281488.00	71300710400	198	291
1999/06/11	1287.46	1382.06	1285.15	1370.39	91211552.00	71565492224	298	196
1999/06/18	1382.53	1516.12	1366.65	1498.91	160557216.00	118150610944	237	254
1999/06/25	1506.81	1705.21	1503.40	1593.85	188109984.00	142924890112	92	401
1999/07/02	1606.28	1756.18	1532.43	1613.53	195993328.00	142546976768	437	73
1999/07/09	1627.24	1630.38	1504.36	1584.75	85704440.00	67868213248	253	251
1999/07/16	1588.38	1589.90	1511.43	1519.74	68600160.00	48845676544	100	412
1999/07/23	1500.43	1626.95	1471.50	1585.98	88695848.00	64846737408	453	58
1999/07/30	1592.41	1615.74	1580.81	1601.45	58073280.00	45385760768	293	217
1999/08/06	1607.06	1658.68	1601.84	1646.59	73525808.00	61088399360	133	386
1999/08/13	1650.27	1651.63	1566.71	1571.90	49480016.00	38704472064	240	247
1999/08/20	1568.89	1651.17	1546.83	1628.93	50355952.00	41632002048	178	337
1999/08/27	1631.43	1655.14	1615.85	1633.90	47335068.00	43786477568	190	315
1999/09/03	1635.55	1637.31	1572.41	1587.88	38158872.00	31042154496	90	421
1999/09/10	1577.50	1695.64	1556.74	1659.92	53700080.00	45299302400	125	390
1999/09/17	1664.51	1681.84	1636.47	1648.55	45337596.00	43771453440	279	208
1999/09/24	1649.12	1651.53	1597.11	1619.31	23965392.00	20778131456	424	73
1999/09/30	1624.45	1629.18	1567.72	1570.70	17494696.00	15723998208	106	397
1999/10/08	1568.23	1568.37	1531.79	1534.51	3312754.00	2482259968	42	466
1999/10/15	1529.22	1550.70	1494.93	1543.79	19004268.00	13829988352	503	16
1999/10/22	1547.26	1549.36	1452.70	1497.46	27392170.00	17726896128	496	30
1999/10/29	1499.13	1542.04	1465.13	1504.56	50657704.00	22871433216	161	333
1999/11/05	1501.73	1506.99	1457.14	1465.23	26994440.00	14853702656	251	244
1999/11/12	1464.49	1479.83	1436.74	1450.31	24070668.00	18737655808	313	166
1999/11/19	1451.54	1498.08	1427.35	1468.47	38786232.00	22589267968	104	411
1999/11/26	1468.21	1471.91	1439.93	1444.51	25768784.00	14295331840	280	212
1999/12/03	1444.01	1447.80	1429.55	1437.23	25012068.00	14457598976	236	256
1999/12/10	1436.80	1438.03	1413.45	1428.93	23838378.00	15795942400	308	196
1999/12/17	1429.18	1461.89	1411.06	1419.55	31701562.00	21505343488	130	371
1999/12/24	1416.50	1416.50	1352.10	1355.36	20001300.00	12610462720	113	389
1999/12/30	1353.52	1368.24	1341.05	1366.58	19084136.00	11793673216	381	117
2000/01/07	1368.68	1522.81	1361.21	1516.60	67962128.00	42329260032	528	15
2000/01/14	1531.71	1547.70	1401.70	1408.84	84458504.00	60932685824	125	384
2000/01/21	1408.98	1476.45	1402.66	1465.08	48541472.00	42475204608	198	320
2000/01/28	1465.85	1536.34	1449.47	1534.99	88630064.00	73882230784	383	153
2000/02/18	1591.43	1770.88	1583.58	1668.09	211772544.00	165196759040	334	200
2000/02/25	1681.36	1697.01	1586.63	1631.56	105439632.00	110638702592	205	325
2000/03/03	1639.79	1750.64	1639.68	1738.02	121703360.00	126612348928	355	173
2000/03/10	1756.31	1762.81	1654.43	1705.04	97685408.00	95271305216	126	407
2000/03/17	1706.76	1729.00	1596.06	1658.60	94607552.00	74767990784	529	13
2000/03/24	1646.31	1770.26	1641.76	1730.49	87963184.00	91783790592	167	360
2000/03/31	1736.68	1811.06	1736.68	1800.22	120084160.00	98295758848	175	358
2000/04/07	1799.56	1822.61	1746.30	1819.89	80680920.00	75070029824	285	231
2000/04/14	1826.61	1840.18	1785.31	1833.66	79152192.00	74942603264	199	322
2000/04/21	1829.61	1858.26	1778.87	1841.06	78570368.00	77442400256	212	314
2000/04/28	1844.68	1848.97	1797.71	1836.31	60667280.00	60931686400	418	85
2000/05/12	1848.17	1852.90	1715.05	1720.60	43348660.00	42547908608	223	276
2000/05/19	1722.63	1777.98	1695.53	1777.81	35595916.00	35410472960	453	54
2000/05/26	1785.89	1890.68	1783.30	1879.61	80397368.00	80811597824	206	308
2000/06/02	1885.54	1916.25	1868.61	1916.25	82803328.00	84877262848	277	255
2000/06/09	1921.96	1940.22	1889.81	1900.78	94182336.00	83135741952	121	422
2000/06/16	1896.42	1949.17	1884.61	1926.93	71440888.00	70899335168	171	365
2000/06/23	1924.68	1939.63	1888.08	1939.62	51413488.00	52838490112	446	98
2000/06/30	1946.68	1953.33	1924.47	1928.10	61669064.00	62766276608	158	339
2000/07/07	1917.43	1932.81	1888.24	1932.79	64658688.00	48206024704	452	93
2000/07/14	1938.84	1987.22	1932.95	1987.18	77258360.00	79054946304	284	258
2000/07/21	1992.89	2004.46	1979.87	1996.33	91650760.00	63233720320	310	243
2000/07/28	1998.24	2024.99	1982.88	2012.79	70628440.00	62110842880	292	254
2000/08/04	2016.14	2041.28	2008.63	2026.36	100185600.00	65375502336	202	354
2000/08/11	2025.18	2070.29	2017.90	2062.65	76498728.00	75831681024	255	307
2000/08/18	2065.92	2097.31	2065.92	2090.17	70560448.00	66710802432	293	265
2000/08/25	2095.37	2114.52	1980.34	2086.70	87828272.00	85737914368	397	155
2000/09/01	2092.12	2108.09	1997.71	1999.85	70640864.00	67543863296	108	453
2000/09/08	1994.88	2020.84	1923.59	1959.31	46398560.00	42123022336	381	169
2000/09/15	1963.27	1995.31	1956.06	1978.43	35732468.00	34614370304	246	296
2000/09/22	1979.53	1981.12	1888.09	1891.98	36209008.00	33719713792	171	378
2000/09/29	1889.90	1917.06	1874.21	1910.16	23177398.00	23815479296	496	62
2000/10/13	1912.06	1948.01	1897.23	1918.15	32965942.00	35360317440	175	385
2000/10/20	1917.43	1947.46	1896.93	1947.45	31367720.00	34196246528	482	96
2000/10/27	1952.95	1980.62	1945.52	1967.40	46131676.00	44861030400	228	324
2000/11/03	1967.65	1992.85	1956.41	1981.63	45786472.00	41652936704	255	312
2000/11/10	1983.06	2051.34	1982.75	2047.45	55167364.00	53804322816	356	215
2000/11/17	2054.47	2104.68	2053.43	2093.23	64814960.00	72262705152	219	346
2000/11/24	2092.59	2125.72	2045.51	2053.37	66719020.00	68451635200	45	553
2000/12/01	2041.15	2082.89	2031.93	2081.84	49871256.00	49221898240	408	173
2000/12/08	2084.48	2097.28	2060.72	2073.15	60778632.00	49573658624	314	237
2000/12/15	2072.28	2072.47	2036.88	2039.36	59762184.00	41986211840	454	117
2000/12/22	2038.43	2086.92	2024.28	2069.76	59082496.00	56412893184	245	346
2000/12/29	2071.56	2079.76	2047.74	2073.47	61751780.00	57667219456	502	96
2001/01/05	2077.07	2127.40	2074.87	2125.30	62520132.00	60061409280	341	260
2001/01/12	2128.60	2131.98	2082.84	2104.74	64086392.00	66128683008	160	441
2001/01/19	2097.09	2097.09	2007.70	2065.60	56079280.00	47411142656	580	43
2001/02/09	2069.85	2072.54	1926.40	1956.97	44507648.00	35811934208	545	78
2001/02/16	1958.65	1973.99	1911.87	1941.96	28245704.00	26212476928	252	357
2001/02/23	1942.56	1980.38	1893.78	1936.34	31164306.00	29690525696	509	72
2001/03/02	1940.77	1987.38	1935.54	1985.11	47995240.00	35989463040	549	83
2001/03/09	1991.28	2015.50	1977.11	2011.66	72609928.00	53940936704	405	224
2001/03/16	2013.31	2027.33	1992.17	2020.23	62820004.00	52283654144	243	391
2001/03/23	2019.85	2093.93	2017.49	2053.53	93804080.00	72407769088	100	544
2001/03/30	2052.05	2112.87	2052.05	2112.77	94588448.00	74263052288	419	202
2001/04/06	2117.45	2129.82	2081.63	2108.60	125510384.00	64756572160	253	380
2001/04/13	2108.96	2145.42	2100.97	2145.39	99211640.00	65509376000	411	214
2001/04/20	2150.29	2179.74	2148.30	2152.33	129457032.00	100522098688	156	476
2001/04/27	2150.34	2170.37	2102.82	2115.10	80448944.00	75099488256	434	181
2001/04/30	2117.15	2122.50	2111.95	2119.17	10911782.00	10497143808	333	265
2001/05/11	2119.88	2155.41	2119.88	2155.39	41856424.00	41291997184	394	214
2001/05/18	2161.61	2205.01	2160.12	2203.37	128771104.00	85429960704	412	196
2001/05/25	2207.78	2218.43	2175.27	2193.57	97080496.00	80610492416	259	357
2001/06/01	2194.45	2223.26	2171.67	2219.59	82416480.00	77191692288	311	322
2001/06/08	2223.90	2242.68	2211.75	2223.06	97082216.00	80601686016	224	406
2001/06/15	2223.79	2245.42	2188.25	2210.97	75645456.00	77254164480	435	193
2001/06/22	2211.88	2214.10	2157.12	2206.06	57694240.00	53342429184	458	172
2001/06/29	2210.06	2237.52	2210.04	2218.02	73674032.00	66498064384	275	344
2001/07/06	2220.40	2223.20	2168.78	2170.52	70361488.00	42535215104	167	477
2001/07/13	2169.46	2192.52	2153.67	2161.34	38973832.00	36040167424	248	361
2001/07/20	2176.33	2183.51	2121.28	2179.62	47042544.00	43145474048	594	63
2001/07/27	2183.74	2185.85	2063.88	2065.72	49609536.00	44680687616	146	498
2001/08/03	2056.76	2056.77	1909.29	1958.68	54404272.00	40807608320	372	274
2001/08/10	1953.41	1956.39	1861.77	1955.03	62735912.00	43039301632	614	55
2001/08/17	1956.92	1963.13	1909.67	1924.00	37922504.00	29755201536	293	346
2001/08/24	1923.09	1947.40	1869.49	1886.80	41945848.00	33381136384	85	573
2001/08/31	1881.30	1881.30	1795.56	1834.13	41964432.00	29989961728	293	339
2001/09/07	1831.70	1888.90	1807.14	1808.84	51509576.00	30884743168	21	669
2001/09/14	1790.21	1871.13	1774.83	1818.38	53100888.00	34223624192	82	598
2001/09/21	1811.90	1836.78	1780.04	1807.01	44151228.00	24835981312	127	538
2001/09/28	1804.88	1813.30	1750.76	1764.86	33662416.00	17763680256	336	320
2001/10/12	1766.13	1773.79	1598.79	1691.31	38543820.00	23960008704	658	26
2001/10/19	1692.17	1703.58	1550.91	1572.45	36056276.00	21693648896	34	657
2001/10/26	1558.46	1744.92	1514.86	1677.87	103003208.00	62193291264	348	315
2001/11/02	1678.72	1717.73	1655.88	1691.35	46724436.00	26995163136	131	541
2001/11/09	1687.84	1688.30	1550.46	1630.35	46213848.00	25076707328	595	90
2001/11/16	1631.79	1734.67	1598.11	1646.76	38527800.00	26179004416	646	30
2001/11/23	1645.09	1721.96	1644.81	1712.56	51731200.00	37020839936	204	450
2001/11/30	1710.13	1748.00	1695.99	1747.99	51751200.00	34639826944	197	455
2001/12/07	1751.05	1776.01	1737.06	1745.40	54081896.00	43890622464	250	414
2001/12/14	1743.62	1748.97	1673.31	1675.51	40670296.00	29171200000	141	515
2001/12/21	1673.24	1693.18	1624.49	1640.14	32095400.00	24741498880	538	121
2001/12/28	1639.52	1644.40	1593.02	1639.48	34549796.00	25696366592	198	463
2002/01/04	1641.42	1649.80	1608.81	1611.39	15897599.00	9002054656	61	634
2002/01/11	1605.74	1607.72	1523.66	1535.59	35985000.00	21075435520	37	689
2002/01/18	1519.93	1519.93	1376.88	1415.43	41221600.00	28173711360	287	409
2002/01/25	1406.99	1478.54	1346.17	1451.48	56144296.00	37773320192	249	424
2002/02/01	1444.50	1507.63	1339.20	1485.77	75584704.00	48890478592	277	403
2002/02/08	1485.67	1530.12	1476.13	1506.61	59618000.00	39523770368	194	477
2002/03/01	1540.49	1544.92	1501.55	1502.54	48615400.00	32460060672	81	619
2002/03/08	1497.81	1645.29	1494.83	1640.25	102443808.00	71728988160	608	82
2002/03/15	1643.59	1676.50	1620.56	1620.97	120916600.00	83393667072	47	658
2002/03/22	1641.42	1693.87	1610.99	1669.68	91700264.00	69879136256	140	562
2002/03/29	1667.85	1677.04	1596.25	1603.90	58608196.00	47483990016	30	676
2002/04/05	1598.02	1657.09	1575.97	1634.64	55550800.00	39810260992	186	494
2002/04/12	1633.83	1680.29	1631.06	1658.97	64093000.00	54131081216	466	213
2002/04/19	1660.56	1664.52	1603.95	1635.17	47293700.00	35381997568	466	211
2002/04/26	1633.64	1643.15	1603.63	1640.58	34879800.00	27986954240	669	19
2002/04/30	1643.54	1673.75	1640.55	1667.74	24012300.00	21556979712	294	370
2002/05/10	1669.87	1670.91	1636.86	1638.18	18871298.00	17545799680	113	536
2002/05/17	1634.90	1634.91	1540.56	1567.49	39876596.00	34914217984	596	85
2002/05/24	1564.96	1599.11	1529.34	1549.46	41738000.00	33062387712	70	624
2002/05/31	1555.04	1569.41	1506.54	1515.73	27531998.00	22012459008	161	494
2002/06/07	1510.24	1540.81	1455.30	1529.50	39603000.00	31125323776	500	172
2002/06/14	1529.33	1534.37	1493.24	1494.24	34256296.00	20044849152	48	658
2002/06/21	1489.13	1564.92	1481.24	1562.72	40930000.00	26455216128	706	6
2002/06/28	1704.68	1748.89	1647.49	1732.75	234088192.00	158454415360	210	441
2002/07/05	1736.29	1740.38	1698.83	1722.18	82753200.00	64045199360	524	171
2002/07/12	1723.56	1741.91	1689.22	1698.29	59913800.00	51166076928	394	293
2002/07/19	1696.80	1714.09	1680.18	1713.86	42637600.00	36787957760	532	155
2002/07/26	1712.01	1712.31	1656.81	1657.49	36227000.00	30308685824	230	444
2002/08/02	1654.92	1672.12	1639.22	1661.87	31286200.00	25032337408	511	174
2002/08/09	1661.40	1679.81	1642.77	1647.04	27297800.00	23042684928	95	612
2002/08/16	1642.47	1652.98	1624.04	1646.79	25273700.00	19221843968	612	92
2002/08/23	1645.93	1696.27	1641.40	1683.20	41431796.00	32614244352	183	510
2002/08/30	1682.13	1683.50	1664.81	1666.61	31304428.00	27614955520	318	356
2002/09/06	1666.34	1680.27	1629.92	1631.38	31154200.00	23496542208	130	570
2002/09/13	1628.45	1631.66	1605.97	1625.75	27186200.00	19212388352	306	387
2002/09/20	1624.13	1624.13	1585.06	1604.91	28356800.00	22089129984	89	637
2002/09/27	1602.27	1604.29	1577.53	1581.61	24247800.00	18554511360	180	522
2002/10/11	1577.05	1577.05	1521.91	1524.05	38046700.00	18466226176	174	522
2002/10/18	1522.87	1548.52	1500.54	1519.53	27846700.00	18033190912	445	254
2002/10/25	1519.20	1553.86	1512.31	1520.31	28102800.00	21323182080	96	634
2002/11/01	1518.08	1521.87	1488.67	1510.76	35265000.00	17988268032	330	360
2002/11/08	1516.22	1573.10	1515.06	1522.18	51205400.00	34114289664	23	733
2002/11/15	1519.60	1526.13	1451.39	1463.68	37225200.00	25622466560	486	220
2002/11/22	1463.72	1468.31	1375.53	1395.49	34067100.00	23110348800	504	211
2002/11/29	1393.34	1450.18	1353.13	1434.18	52037800.00	31399815168	703	42
2002/12/06	1432.02	1432.89	1388.51	1405.52	34348996.00	23671693312	352	348
2002/12/13	1404.51	1410.79	1367.31	1396.89	28786700.00	19185784832	701	52
2002/12/20	1397.72	1431.36	1392.88	1427.93	34393800.00	24857305088	700	48
2002/12/27	1429.95	1439.85	1367.85	1382.97	42197300.00	27505350656	320	369
2003/01/03	1379.73	1379.75	1312.79	1319.86	28761172.00	17768318976	437	283
2003/01/10	1319.68	1411.37	1311.68	1384.85	58709300.00	35739516928	88	667
2003/01/17	1381.87	1492.72	1378.64	1478.67	132785200.00	79132008448	171	581
2003/01/24	1475.71	1489.55	1446.34	1479.06	78421144.00	45019504640	714	50
2003/01/29	1481.60	1508.58	1480.96	1499.81	37849400.00	24725995520	710	52
2003/02/14	1499.16	1519.29	1476.87	1510.95	46948800.00	33340555264	493	216
2003/02/21	1510.64	1517.76	1476.41	1478.87	52569600.00	34799955968	27	749
2003/02/28	1476.06	1524.75	1474.47	1511.93	48122900.00	33046337536	271	442
2003/03/07	1511.58	1529.75	1489.38	1493.09	45895144.00	34726674432	177	564
2003/03/14	1492.20	1496.16	1458.50	1466.04	33334456.00	24337747968	400	313
2003/03/21	1465.14	1478.99	1452.59	1474.65	37187208.00	26464542720	677	79
2003/03/28	1474.59	1508.26	1447.01	1491.93	48983568.00	36312268800	184	564
2003/04/04	1491.39	1525.76	1490.98	1521.12	57874684.00	43073310720	471	277
2003/04/11	1521.89	1581.68	1510.34	1576.86	144095520.00	86610788352	570	196
2003/04/18	1581.38	1649.60	1581.20	1603.06	189261488.00	132699717632	343	418
2003/04/25	1598.50	1598.58	1481.06	1487.14	95077224.00	65377431552	150	607
2003/04/30	1483.46	1539.56	1473.26	1521.43	68103832.00	50435608576	422	340
2003/05/16	1522.98	1560.72	1477.25	1554.45	108008680.00	76147277824	293	434
2003/05/23	1557.29	1571.68	1522.18	1560.95	72021440.00	51473489920	567	190
2003/05/30	1563.20	1581.61	1543.34	1576.26	85901512.00	64157048832	561	190
2003/06/06	1577.98	1582.41	1538.09	1538.92	68602176.00	49963106304	131	635
2003/06/13	1536.27	1572.41	1527.83	1566.76	55948016.00	37163159552	499	224
2003/06/20	1568.18	1569.54	1528.30	1529.47	56140084.00	33180801024	179	546
2003/06/27	1524.56	1524.90	1486.08	1497.05	48629552.00	30658592768	91	651
2003/07/04	1493.68	1510.17	1477.87	1502.34	42383320.00	27137245184	285	479
2003/07/11	1500.85	1535.97	1490.96	1528.85	45895080.00	34292346880	264	491
2003/07/18	1528.39	1540.18	1506.48	1507.16	54050432.00	38163464192	61	738
2003/07/25	1501.39	1510.30	1471.28	1477.65	53065132.00	35931885568	128	658
2003/08/01	1474.73	1483.06	1464.86	1476.96	33928520.00	23593730048	341	425
2003/08/08	1476.81	1497.10	1468.43	1471.27	34744232.00	25456943104	110	681
2003/08/15	1469.26	1484.58	1447.11	1450.20	30280744.00	22362509312	259	496
2003/08/22	1449.66	1453.43	1432.75	1438.88	29196696.00	20500811776	370	377
2003/08/29	1434.21	1434.21	1406.68	1421.98	28660524.00	20763424768	448	323
2003/09/05	1423.35	1456.55	1420.12	1431.53	43894520.00	35134226432	126	673
2003/09/12	1429.46	1429.71	1407.95	1409.16	35129640.00	25493024768	76	720
2003/09/19	1407.80	1416.06	1383.40	1391.37	34873940.00	24015675392	435	323
2003/09/26	1392.89	1396.93	1367.74	1370.84	28963642.00	20564209664	223	545
2003/09/30	1369.43	1371.06	1348.22	1367.16	12386257.00	8268649984	597	182
2003/10/10	1366.20	1406.00	1359.49	1404.00	24484172.00	15287539712	787	31
2003/10/17	1405.31	1411.88	1362.41	1370.58	35956556.00	23782060032	402	342
2003/10/24	1369.71	1407.39	1350.20	1381.83	49767012.00	32269895680	261	530
2003/10/31	1381.83	1383.59	1334.78	1348.30	54245472.00	34541826048	582	204
2003/11/07	1346.48	1412.91	1323.11	1335.20	91864032.00	51994722304	211	607
2003/11/14	1330.95	1350.38	1307.39	1331.05	46655172.00	28052348928	657	142
2003/11/21	1330.48	1394.56	1312.56	1361.55	75438048.00	46553120768	132	688
2003/11/28	1360.31	1423.58	1360.23	1397.22	95660224.00	59976568832	532	253
2003/12/05	1398.70	1462.06	1398.70	1451.11	102099416.00	64720601088	409	383
2003/12/12	1452.11	1475.37	1429.06	1470.79	87146824.00	55850483712	334	459
2003/12/19	1471.24	1480.43	1429.71	1446.28	92526024.00	59149512704	197	616
2003/12/26	1444.17	1525.29	1441.58	1514.77	127342256.00	80004259840	488	308
2004/01/02	1509.28	1526.24	1491.24	1517.18	77787952.00	45676253184	541	265
2004/01/09	1516.79	1618.76	1516.68	1581.46	171943024.00	115756843008	278	546
2004/01/16	1579.87	1627.48	1573.77	1600.42	119625968.00	85502132224	595	210
2004/01/30	1605.24	1634.41	1589.40	1590.72	46410928.00	33979797504	234	592
2004/02/06	1630.65	1705.90	1585.95	1679.18	177652768.00	127959425024	175	656
2004/02/13	1679.58	1715.46	1653.24	1658.53	141581056.00	104866856960	236	582
2004/02/20	1661.45	1728.02	1661.43	1721.75	144025216.00	114387329024	466	354
2004/02/27	1725.59	1730.27	1628.84	1675.06	132560456.00	100791697408	762	75
2004/03/05	1676.22	1694.81	1642.62	1662.09	101348256.00	78399299584	276	541
2004/03/12	1660.64	1699.24	1634.71	1694.74	99552368.00	67981475840	293	524
2004/03/19	1696.93	1755.10	1696.81	1747.87	119229920.00	89870778368	776	62
2004/03/26	1749.70	1760.06	1720.87	1734.04	97548064.00	74764197888	392	420
2004/04/02	1734.59	1771.67	1711.66	1768.64	93186048.00	75831214080	589	214
2004/04/09	1771.73	1783.00	1721.59	1727.34	127786560.00	105730162688	81	764
2004/04/16	1717.20	1734.91	1656.30	1693.86	97997768.00	77310795776	459	359
2004/04/23	1695.33	1698.68	1632.55	1635.50	71142184.00	55111962624	99	733
2004/04/30	1633.26	1644.50	1572.23	1595.58	64802200.00	49818599424	539	270
2004/05/14	1600.62	1606.06	1545.63	1562.68	46983968.00	35762139136	82	762
2004/05/21	1556.67	1575.37	1526.23	1558.33	55403868.00	39272071168	515	286
2004/05/28	1559.55	1562.33	1508.64	1548.72	50574868.00	34459066368	223	564
2004/06/04	1549.03	1580.56	1534.99	1542.08	60533144.00	45686915072	401	425
2004/06/11	1538.46	1538.49	1456.31	1472.06	55522032.00	39105376256	504	299
2004/06/18	1471.43	1491.68	1411.03	1427.30	54176860.00	36789198848	258	556
2004/06/25	1421.81	1456.13	1399.39	1401.11	47436700.00	34668580864	67	783
2004/07/02	1396.36	1447.61	1376.21	1441.18	53326316.00	34685870080	318	511
2004/07/09	1440.17	1466.78	1426.93	1430.65	43666368.00	28578932736	195	662
2004/07/16	1426.25	1458.38	1378.91	1456.13	62502764.00	39690149888	890	11
2004/07/23	1456.77	1465.84	1387.26	1407.39	59817624.00	39372103680	561	290
2004/07/30	1401.84	1409.11	1366.50	1386.20	49195508.00	30294851584	105	777
2004/08/06	1381.87	1424.55	1363.68	1390.46	53051772.00	33703354368	326	522
2004/08/13	1388.08	1404.72	1357.06	1368.45	40682960.00	24872062976	464	373
2004/08/20	1366.51	1371.23	1327.76	1341.73	41130512.00	24499130368	505	362
2004/08/27	1339.93	1347.15	1314.60	1320.61	37026808.00	20697655296	187	685
2004/09/03	1318.31	1360.75	1303.18	1327.11	43054556.00	22791892992	368	485
2004/09/10	1326.45	1326.87	1270.93	1287.08	36174136.00	18200592384	467	377
2004/09/17	1285.31	1415.64	1259.43	1414.70	108528056.00	60132777984	922	3
2004/09/24	1423.97	1496.21	1408.61	1435.56	182803744.00	111547875328	90	818
2004/09/30	1452.50	1466.40	1390.68	1396.70	63843304.00	39070986240	108	800
2004/10/08	1395.66	1423.20	1373.92	1422.92	14713404.00	9385252864	867	54
2004/10/15	1424.22	1437.56	1312.55	1330.51	89920832.00	58418499584	316	553
2004/10/22	1332.52	1361.81	1294.04	1329.35	72666304.00	45146906624	592	300
2004/10/29	1337.25	1356.63	1289.87	1320.53	97368400.00	59196096512	138	770
2004/11/05	1317.65	1338.26	1290.98	1305.12	63215052.00	37352415232	458	406
2004/11/12	1303.52	1379.86	1292.90	1352.21	84730944.00	49064591360	467	397
2004/11/19	1354.47	1380.06	1350.52	1379.96	69906640.00	41124745216	658	225
2004/11/26	1381.56	1387.34	1348.40	1356.72	80154872.00	43957231616	709	178
2004/12/03	1354.56	1354.56	1324.55	1337.18	59831416.00	33268316160	688	200
2004/12/10	1337.80	1352.45	1316.64	1317.71	58666240.00	31832483840	57	858
2004/12/17	1312.60	1317.81	1288.23	1290.49	49275516.00	25316171776	183	688
2004/12/24	1286.06	1308.58	1271.03	1285.03	47164392.00	24907909120	509	347
2004/12/31	1285.41	1292.31	1264.15	1266.49	44434488.00	22968377344	188	708
2005/01/07	1260.78	1260.78	1234.23	1244.74	35540200.00	18756454400	596	284
2005/01/14	1243.56	1268.85	1236.08	1245.62	42452120.00	22562600960	154	748
2005/01/21	1235.56	1237.90	1189.21	1234.47	59378216.00	29792899072	780	139
2005/01/28	1258.02	1265.93	1208.85	1213.67	59207236.00	30732599296	139	762
2005/02/04	1210.75	1274.11	1187.26	1269.00	79174320.00	40534843392	838	79
2005/02/18	1276.01	1291.46	1258.56	1258.96	38423240.00	19868727296	710	179
2005/02/25	1259.52	1328.53	1259.50	1312.43	129589048.00	58738761728	450	436
2005/03/04	1311.43	1316.72	1276.88	1287.71	85334752.00	42225528832	210	691
2005/03/11	1288.40	1326.06	1278.15	1289.93	96754528.00	49243906048	536	342
2005/03/18	1288.98	1304.11	1223.61	1227.40	88715592.00	45132492800	134	781
2005/03/25	1226.14	1232.81	1187.58	1205.63	70965800.00	33591476224	321	554
2005/04/01	1204.85	1237.80	1162.03	1223.56	80123968.00	32419651584	926	10
2005/04/08	1212.11	1249.20	1183.90	1248.52	101775232.00	48525811712	821	73
2005/04/15	1248.15	1254.31	1213.20	1216.96	98953832.00	46112882688	157	762
2005/04/22	1212.39	1212.39	1163.40	1169.18	73057672.00	32680536064	293	587
2005/04/29	1166.34	1172.71	1135.73	1159.14	88490208.00	37616640000	189	689
2005/05/13	1160.62	1165.39	1093.28	1107.62	77064192.00	31027202048	660	220
2005/05/20	1105.39	1108.84	1082.13	1099.26	61775196.00	25114193920	251	605
2005/05/27	1095.30	1095.30	1050.05	1051.93	62382008.00	23217729536	277	558
2005/06/03	1049.72	1070.50	1000.52	1013.63	64741232.00	23080876032	402	451
2005/06/10	1010.38	1146.41	998.22	1108.28	175217504.00	64713629696	123	790
2005/06/17	1105.96	1119.67	1064.02	1085.61	100787088.00	40490868736	322	548
2005/06/24	1087.84	1115.86	1073.41	1101.88	90787792.00	33943914496	517	273
2005/07/01	1108.46	1129.95	1053.63	1055.59	94580848.00	35929067520	60	840
2005/07/08	1050.24	1050.24	1015.39	1017.98	59884576.00	22513856512	79	833
2005/07/15	1026.79	1049.88	1004.08	1026.11	84171960.00	29360119808	130	779
2005/07/22	1023.38	1054.63	1004.65	1046.31	85492336.00	28511756288	864	47
2005/07/29	1045.26	1097.63	1040.59	1083.03	130914888.00	45132410880	309	556
2005/08/05	1082.79	1129.06	1081.11	1128.74	144316288.00	46915928064	882	21
2005/08/12	1131.80	1192.04	1130.58	1167.91	193795760.00	74321092608	251	647
2005/08/19	1167.03	1201.75	1132.86	1150.18	218196848.00	81245945856	348	542
2005/08/26	1148.97	1174.53	1139.23	1171.86	140813328.00	51031822336	483	403
2005/09/02	1171.99	1188.91	1140.09	1188.84	140542080.00	55706738688	590	287
2005/09/09	1189.06	1204.45	1168.58	1189.62	155921376.00	64904957952	216	666
2005/09/16	1189.74	1218.93	1181.43	1212.93	134720512.00	57800126464	345	482
2005/09/23	1213.48	1223.56	1147.18	1151.98	150912064.00	62789488640	199	656
2005/09/30	1150.93	1158.68	1129.05	1155.61	86766088.00	37817847808	312	529
2005/10/14	1153.67	1165.66	1133.89	1139.54	91846408.00	37537132544	200	641
2005/10/21	1138.37	1150.59	1119.37	1141.31	98646864.00	42927599616	555	255
2005/10/28	1141.33	1143.45	1067.40	1080.86	97945984.00	40976011264	123	726
2005/11/04	1079.04	1111.43	1074.29	1100.04	95083664.00	34461499392	624	201
2005/11/11	1099.52	1117.06	1078.58	1090.18	102303800.00	32182745088	565	245
2005/11/18	1089.55	1122.61	1075.43	1116.99	82949688.00	29506015232	861	16
2005/11/25	1117.77	1122.87	1093.95	1114.91	88230736.00	30738612224	388	398
2005/12/02	1113.81	1119.34	1089.56	1094.28	71886624.00	23602094080	150	692
2005/12/09	1093.10	1114.58	1074.00	1113.47	83357536.00	25032318976	785	68
2005/12/16	1115.75	1134.85	1106.74	1127.50	83665776.00	31094423552	622	153
2005/12/23	1127.83	1144.93	1123.50	1144.87	78057704.00	27797194752	722	75
2005/12/30	1145.77	1173.06	1145.33	1161.05	107742000.00	43137814528	150	653
2006/01/06	1163.87	1215.53	1161.90	1209.42	106185648.00	43868094464	655	158
2006/01/13	1210.31	1231.22	1203.65	1221.45	159976928.00	68894253056	387	417
2006/01/20	1221.11	1258.68	1198.83	1255.30	156736720.00	65488158720	346	478
2006/01/25	1254.77	1262.08	1244.27	1258.04	95592152.00	43575603200	307	497
2006/02/10	1263.00	1297.40	1263.00	1282.65	188221776.00	78279319552	642	164
2006/02/17	1283.77	1300.99	1265.14	1267.40	149649424.00	67215925248	235	587
2006/02/24	1268.10	1297.93	1256.80	1296.86	145325152.00	59001966592	595	203
2006/03/03	1297.68	1308.18	1275.62	1293.29	143859280.00	63816536064	347	420
2006/03/10	1292.74	1296.84	1238.15	1245.65	103280848.00	44245401600	465	288
2006/03/17	1245.30	1277.18	1245.30	1269.46	94635600.00	41875259392	277	511
2006/03/24	1269.58	1308.05	1264.41	1294.70	130971280.00	57940295680	178	613
2006/03/31	1296.06	1313.12	1283.68	1298.29	154884352.00	66890055680	445	296
2006/04/07	1298.68	1348.52	1298.68	1342.96	209228848.00	100243111936	523	245
2006/04/14	1344.23	1366.52	1328.43	1359.53	232892976.00	100084948992	762	40
2006/04/21	1360.64	1419.89	1353.39	1416.79	229982368.00	108444663808	503	259
2006/04/28	1423.40	1444.71	1386.12	1440.22	242224448.00	127102738432	445	300
2006/05/12	1446.99	1603.21	1446.99	1602.83	351952800.00	185947226112	721	58
2006/05/19	1616.25	1678.59	1582.96	1659.54	421675488.00	225845215232	691	91
2006/05/26	1656.75	1674.22	1562.38	1613.89	316576960.00	162823634944	691	60
2006/06/02	1622.10	1695.58	1609.00	1669.39	326731264.00	177776132096	405	388
2006/06/09	1669.23	1692.81	1540.93	1551.38	330417248.00	161848950784	143	682
2006/06/16	1540.21	1574.47	1512.52	1574.46	171792320.00	88615960576	769	41
2006/06/23	1559.98	1617.71	1544.93	1605.71	191994384.00	102962569216	617	176
2006/06/30	1607.78	1690.95	1607.78	1672.21	226227520.00	121668026368	276	483
2006/07/07	1677.31	1757.47	1670.01	1730.18	278863584.00	153033261056	347	462
2006/07/14	1730.68	1753.27	1633.89	1665.20	256662976.00	142885961728	543	251
2006/07/21	1662.04	1684.67	1636.25	1665.31	166576832.00	92135620608	541	258
2006/07/28	1648.74	1701.61	1632.68	1662.03	173353440.00	93927424000	229	603
2006/08/04	1659.53	1659.53	1567.25	1570.15	149967888.00	78818467840	71	786
2006/08/11	1561.80	1610.76	1541.41	1605.92	129418736.00	62722306048	457	347
2006/08/18	1605.20	1616.45	1564.39	1598.01	129319240.00	63936729088	246	526
2006/08/25	1565.45	1630.04	1558.10	1623.03	138195328.00	71506542592	381	400
2006/09/01	1627.12	1667.53	1624.28	1636.68	205994208.00	104739594240	113	698
2006/09/08	1635.33	1683.89	1635.12	1667.98	174889680.00	89453289472	403	359
2006/09/15	1668.16	1722.66	1653.01	1721.04	207376288.00	102036488192	683	121
2006/09/22	1727.91	1746.61	1719.16	1725.36	226241984.00	114733613056	234	584
2006/09/29	1722.74	1755.68	1704.77	1752.42	189686848.00	101250129920	610	175
2006/10/13	1768.14	1793.14	1763.11	1784.65	255465776.00	138377330688	477	303
2006/10/20	1787.70	1801.33	1758.31	1790.36	218832800.00	113209974784	208	586
2006/10/27	1789.64	1842.73	1753.49	1807.17	280490240.00	133026529280	171	666
2006/11/03	1804.36	1873.66	1788.28	1866.36	275314272.00	130082209792	479	312
2006/11/10	1853.18	1920.18	1846.01	1883.34	277483456.00	141838303232	89	763
2006/11/17	1878.70	1976.04	1841.81	1971.79	278548128.00	140721520640	641	167
2006/11/24	1977.52	2071.23	1977.52	2050.81	328643072.00	176088023040	619	194
2006/12/01	2042.18	2112.57	1992.53	2102.04	358432256.00	196278206464	386	429
2006/12/08	2103.81	2206.51	2090.39	2093.62	508862976.00	277604728832	77	755
2006/12/15	2085.05	2275.49	2084.26	2273.89	345170208.00	193303740416	534	239
2006/12/22	2277.28	2386.82	2277.28	2343.65	445469728.00	257349124096	284	511
2006/12/29	2350.12	2698.89	2350.12	2675.47	431758304.00	247380213760	637	151
2007/01/05	2728.17	2847.61	2617.01	2641.33	251980320.00	154074234880	680	136
2007/01/12	2621.06	2841.74	2620.62	2668.11	601166016.00	394859282432	184	652
2007/01/19	2660.07	2870.41	2658.87	2832.20	609399936.00	420820713472	791	48
2007/01/26	2857.88	2994.28	2720.82	2882.55	677055680.00	487165788160	382	445
2007/02/02	2897.25	2980.51	2666.86	2673.21	562390016.00	397746733056	207	635
2007/02/09	2658.07	2751.15	2541.52	2730.37	452965152.00	333190791168	403	436
2007/02/16	2729.83	3036.34	2728.78	2998.47	518761472.00	380975644672	519	334
2007/03/02	2999.08	3049.77	2732.87	2831.52	658908864.00	497233952768	655	184
2007/03/09	2827.66	2962.41	2723.06	2937.90	501462880.00	386306801664	360	489
2007/03/16	2945.91	2979.70	2868.80	2930.48	582026112.00	459242864640	218	637
2007/03/23	2864.25	3099.81	2852.85	3074.28	577676928.00	483010281472	523	319
2007/03/30	3083.92	3273.72	3052.07	3183.98	690046720.00	598362423296	608	226
2007/04/06	3196.58	3334.22	3196.58	3323.58	615100288.00	550192545792	575	261
2007/04/13	3333.41	3563.85	3333.26	3518.26	765659712.00	763942010880	334	516
2007/04/20	3523.21	3623.86	3358.92	3584.20	794971072.00	832956989440	841	7
2007/04/27	3615.78	3802.91	3615.78	3759.86	777689024.00	867525001216	337	503
2007/04/30	3784.27	3851.35	3759.48	3841.27	161432000.00	185962004480	504	317
2007/05/11	3937.92	4072.12	3875.37	4021.66	724213696.00	851516981248	349	470
2007/05/18	3970.65	4081.41	3845.22	4030.25	745264768.00	924464054272	389	406
2007/05/25	3902.34	4208.37	3892.97	4179.77	906671296.00	1134636040192	539	268
2007/06/01	4221.56	4335.96	3858.04	4000.74	950673408.00	1245906993152	107	748
2007/06/08	3981.81	3987.26	3404.13	3913.12	758305088.00	857559007232	599	239
2007/06/15	3942.00	4193.43	3910.00	4132.85	777811264.00	942623031296	334	512
2007/06/22	4195.39	4311.99	4024.48	4091.43	721705600.00	882745016320	95	766
2007/06/29	4102.77	4131.12	3779.81	3820.70	533222272.00	621611974656	114	709
2007/07/06	3800.23	3916.47	3563.54	3781.35	388122528.00	413417340928	844	26
2007/07/13	3809.66	3935.51	3782.73	3914.39	344533888.00	382111842304	312	548
2007/07/20	3920.64	4062.12	3767.22	4058.85	315222272.00	367114125312	861	8
2007/07/27	4091.24	4371.50	4091.24	4345.35	563514240.00	691980009472	612	245
2007/08/03	4348.60	4562.68	4284.87	4560.77	600559552.00	789587034112	543	301
2007/08/10	4600.10	4769.62	4564.31	4749.37	579804544.00	792079040512	197	646
2007/08/17	4768.60	4916.31	4646.43	4656.56	509297312.00	683151982592	293	545
2007/08/24	4773.83	5125.35	4758.39	5107.66	551513344.00	782056030208	418	413
2007/08/31	5144.81	5235.16	5058.43	5218.83	565755072.00	816808984576	535	297
2007/09/07	5257.77	5412.31	5223.66	5277.18	607108032.00	877950992384	175	663
2007/09/14	5208.31	5395.04	5025.33	5312.18	518358816.00	765001990144	559	276
2007/09/21	5309.06	5489.06	5307.77	5454.66	502150144.00	779089084416	710	119
2007/09/28	5469.83	5560.41	5306.81	5552.29	402616128.00	624054697984	774	54
2007/10/12	5683.31	5959.35	5620.00	5903.25	517463552.00	881107992576	181	671
2007/10/19	5934.77	6124.04	5766.85	5818.04	428827456.00	724338016256	321	511
2007/10/26	5742.79	5906.70	5462.00	5589.62	326642400.00	512582287360	405	428
2007/11/02	5641.98	6005.12	5617.98	5777.79	330053600.00	509011722240	208	626
2007/11/09	5748.16	5787.22	5217.62	5315.54	277528768.00	479317950464	334	492
2007/11/16	5181.16	5453.74	5032.56	5316.27	262307552.00	401127276544	400	407
2007/11/23	5325.29	5344.93	4896.99	5032.12	219163136.00	323512303616	699	130
2007/11/30	5102.52	5124.89	4778.73	4871.77	213455424.00	318196219904	197	637
2007/12/07	4838.56	5096.79	4798.00	5091.75	261198672.00	346682785792	756	79
2007/12/14	5010.83	5209.70	4860.16	5007.91	354331424.00	513593311232	744	90
2007/12/21	5007.29	5112.39	4812.16	5101.77	309021440.00	444109717504	714	105
2007/12/28	5132.91	5336.50	5104.64	5261.56	427636512.00	668829024256	302	528
2008/01/04	5265.00	5372.46	5201.89	5361.56	270818432.00	449003028480	387	454
2008/01/11	5357.45	5500.06	5332.60	5484.68	481900576.00	816289021952	454	402
2008/01/18	5507.58	5522.77	5039.79	5180.50	443119488.00	748844023808	522	320
2008/01/25	5188.79	5200.93	4510.50	4761.68	455257472.00	704185958400	413	428
2008/02/01	4720.56	4720.56	4195.75	4320.77	299716384.00	453581537280	90	770
2008/02/05	4415.02	4672.21	4415.02	4599.70	127035928.00	202602151936	408	450
2008/02/15	4525.02	4576.98	4431.46	4497.12	121831232.00	186047594496	247	609
2008/02/22	4546.75	4695.79	4333.02	4370.27	329542528.00	520799617024	173	679
2008/02/29	4370.18	4391.33	4123.31	4348.54	276439936.00	416930856960	672	165
2008/03/07	4323.70	4472.14	4210.96	4300.52	397467456.00	600176525312	144	714
2008/03/14	4265.60	4272.98	3891.70	3962.66	299353280.00	426270588928	343	507
2008/03/21	3941.26	3941.26	3516.33	3796.57	339138240.00	444080619520	618	215
2008/03/28	3830.34	3840.47	3357.22	3580.13	308227008.00	404105854976	765	75
2008/04/03	3465.89	3555.82	3271.29	3446.24	258816848.00	292762746880	697	157
2008/04/11	3418.51	3656.96	3344.87	3492.88	335641472.00	377197461504	688	158
2008/04/18	3419.04	3427.87	3078.16	3094.65	268044240.00	296277704704	52	785
2008/04/25	3305.14	3658.55	2990.78	3557.74	535408128.00	598800203776	465	349
2008/04/30	3497.37	3705.09	3453.27	3693.10	294121664.00	365049282560	832	20
2008/05/09	3739.79	3786.02	3523.02	3613.49	512506720.00	667167031296	354	489
2008/05/16	3548.61	3706.72	3508.32	3624.23	448303296.00	563811581952	209	603
2008/05/23	3615.59	3632.00	3355.08	3473.09	349048896.00	423179681792	271	580
2008/05/30	3442.29	3486.33	3333.95	3433.35	271798752.00	323367829504	482	338
2008/06/06	3426.18	3483.61	3312.72	3329.66	248106128.00	286624448512	335	507
2008/06/13	3202.11	3215.50	2865.50	2868.80	217349040.00	216920670208	65	794
2008/06/20	2876.29	2945.41	2695.62	2831.73	323513216.00	294934577152	614	227
2008/06/27	2780.13	2931.30	2723.14	2748.42	322806880.00	290259042304	35	805
2008/07/04	2724.39	2766.80	2566.52	2669.88	274850624.00	263187595264	372	486
2008/07/11	2673.55	2952.03	2673.55	2856.62	457544928.00	444643606528	289	580
2008/07/18	2837.49	2896.32	2656.61	2778.36	332342592.00	305557012480	803	79
2008/07/25	2759.87	2912.70	2745.63	2865.10	363021696.00	340864401408	232	641
2008/08/01	2883.76	2924.43	2721.95	2801.81	290926336.00	266989830144	713	168
2008/08/08	2782.98	2793.25	2595.90	2605.71	233448096.00	206237073408	20	872
2008/08/15	2595.88	2601.50	2370.73	2450.61	215822048.00	162821701632	377	454
2008/08/22	2451.77	2523.46	2284.58	2405.22	310581024.00	210866487296	211	652
2008/08/29	2408.09	2443.99	2310.45	2397.36	221345472.00	156665200640	869	24
2008/09/05	2380.46	2380.46	2199.36	2202.43	209062080.00	140904923136	47	840
2008/09/12	2210.34	2220.54	2064.29	2079.66	201486784.00	127895658496	430	406
2008/09/19	2049.81	2075.09	1802.33	2075.09	254586688.00	150818832384	887	0
2008/09/26	2241.72	2333.27	2116.96	2293.78	565721536.00	390461718528	416	431
2008/10/10	2267.38	2267.38	1963.18	2000.56	312445984.00	209640423424	37	846
2008/10/17	1978.56	2146.73	1901.50	1930.65	303071552.00	186202669056	651	201
2008/10/24	1924.18	1996.65	1825.52	1839.62	275915456.00	167842643968	183	679
2008/10/31	1809.22	1809.22	1664.92	1728.78	306707712.00	167946043392	200	668
2008/11/07	1713.76	1788.25	1678.95	1747.71	261435072.00	140228313088	749	122
2008/11/14	1782.30	1987.26	1782.30	1986.43	571055936.00	320622034944	881	4
2008/11/21	1981.26	2050.87	1883.83	1969.38	759244032.00	445692870656	240	621
2008/11/28	1961.20	2022.48	1856.29	1871.16	474801376.00	277279670272	249	608
2008/12/05	1865.74	2055.20	1838.10	2018.65	685259776.00	412622585856	780	87
2008/12/12	2049.15	2100.80	1932.27	1954.22	752559552.00	474754154496	75	801
2008/12/19	1977.03	2038.66	1907.81	2018.46	506483456.00	314322780160	517	308
2008/12/26	2016.45	2016.45	1832.35	1851.52	421273824.00	252780789760	299	536
2008/12/31	1846.30	1862.93	1814.75	1820.81	185818912.00	108474425344	182	669
2009/01/09	1849.02	1948.23	1844.09	1904.86	457301376.00	284252766208	825	52
2009/01/16	1897.70	1984.72	1861.81	1954.43	542299456.00	356219289600	537	292
2009/01/23	1971.00	2018.51	1956.10	1990.65	497997696.00	334197424128	294	589
2009/02/06	2008.13	2185.08	1987.13	2181.23	756603392.00	514394390528	892	1
2009/02/13	2211.31	2323.12	2191.87	2320.79	1029829440.00	765070999552	861	28
2009/02/20	2338.75	2402.80	2190.47	2261.48	923102976.00	699931033600	844	44
2009/02/27	2249.28	2313.59	2064.90	2082.85	854707648.00	654236057600	78	807
2009/03/06	2066.22	2241.76	2037.02	2193.00	721678592.00	540001632256	316	558
2009/03/13	2205.74	2232.66	2086.01	2128.85	537427840.00	403071369216	262	614
2009/03/20	2122.39	2294.11	2108.61	2281.08	711930752.00	560914169856	294	578
2009/03/27	2286.24	2392.76	2274.88	2374.42	882149824.00	736768032768	511	340
2009/04/03	2377.96	2456.81	2299.14	2419.77	894581568.00	758471000064	224	652
2009/04/10	2422.10	2449.53	2331.87	2444.22	596256832.00	514565013504	853	14
2009/04/17	2468.08	2549.31	2464.06	2503.92	963007488.00	857029017600	239	628
2009/04/24	2500.16	2579.21	2422.78	2448.59	823742976.00	695176986624	242	610
2009/04/30	2443.42	2491.07	2372.34	2477.56	513273536.00	443540144128	626	220
2009/05/08	2486.67	2634.06	2486.22	2625.63	888512064.00	783949103104	448	388
2009/05/15	2646.28	2670.21	2558.96	2645.26	747114304.00	658772000768	495	331
2009/05/22	2632.56	2688.11	2578.59	2597.60	703364160.00	641715273728	467	346
2009/05/27	2555.34	2635.31	2538.62	2632.92	360610048.00	334193000448	437	417
2009/06/05	2668.39	2791.64	2668.39	2753.88	852381440.00	811587993600	348	507
2009/06/12	2753.34	2828.73	2721.85	2743.76	737208768.00	673125040128	144	732
2009/06/19	2743.03	2886.50	2727.73	2880.49	681450240.00	633455968256	429	418
2009/06/26	2900.57	2946.88	2841.89	2928.21	724297472.00	683735973888	452	372
2009/07/03	2930.31	3088.86	2918.38	3088.36	773382528.00	792931991552	523	335
2009/07/10	3091.47	3140.04	3011.21	3113.92	926911616.00	925309992960	466	393
2009/07/17	3098.96	3221.07	3076.30	3189.74	932850048.00	973763969024	524	334
2009/07/24	3203.88	3398.05	3192.89	3372.60	1005462272.00	1091313008640	294	583
2009/07/31	3377.72	3454.02	3174.21	3412.06	1176093696.00	1224881995776	856	29
2009/08/07	3429.68	3478.01	3244.10	3260.68	1043487296.00	1130333077504	453	417
2009/08/14	3287.76	3307.88	3039.31	3046.97	717435520.00	718125006848	72	811
2009/08/21	2994.87	3020.26	2761.39	2960.77	721096320.00	637666000896	850	31
2009/08/28	2982.18	3004.89	2823.63	2860.68	754912320.00	722518999040	115	759
2009/09/04	2817.62	2875.98	2639.76	2861.61	659257664.00	595656245248	729	130
2009/09/11	2877.62	2999.33	2831.85	2989.79	706960256.00	703587942400	783	83
2009/09/18	2990.92	3068.03	2940.83	2962.66	846842432.00	845083967488	97	778
2009/09/25	2937.92	2982.89	2783.11	2838.84	631451648.00	592401399808	278	568
2009/09/30	2844.37	2857.95	2712.30	2779.42	243318784.00	217929613312	663	188
2009/10/09	2840.12	2912.55	2834.62	2911.72	97067216.00	93167968256	890	0
2009/10/16	2927.02	3014.26	2886.96	2976.62	557113856.00	545281671168	409	459
2009/10/23	2974.63	3123.46	2962.30	3107.84	715621696.00	739737993216	750	134
2009/10/30	3114.29	3123.36	2952.01	2995.84	636788352.00	620075024384	723	151
2009/11/06	2933.81	3183.57	2923.52	3164.03	821630976.00	825385943040	508	354
2009/11/13	3162.13	3211.10	3127.50	3187.63	758593088.00	784367026176	597	270
2009/11/20	3206.41	3332.53	3206.41	3308.34	946701568.00	999830061056	475	404
2009/11/27	3312.97	3361.37	3080.87	3096.26	1070837440.00	1139007946752	154	730
2009/12/04	3114.29	3319.12	3114.29	3317.04	942482688.00	1001927016448	198	686
2009/12/11	3313.06	3334.01	3225.56	3247.31	648912448.00	691042975744	345	517
2009/12/18	3246.95	3315.03	3108.03	3113.87	605101888.00	628885028864	55	831
2009/12/25	3108.06	3156.53	3039.85	3141.35	484762496.00	505403342848	473	370
2009/12/31	3148.86	3282.21	3148.86	3277.12	501959584.00	524406030336	664	186
2010/01/08	3289.75	3295.86	3149.01	3195.99	659683776.00	732641034240	656	217
2010/01/15	3301.61	3306.75	3165.48	3224.14	789244864.00	868283973632	545	320
2010/01/22	3213.62	3268.80	3062.62	3128.58	752276096.00	830769987584	162	737
2010/01/29	3103.32	3136.99	2963.88	2989.29	473077184.00	476038758400	503	356
2010/02/05	2981.37	3015.12	2890.02	2939.39	532492608.00	545974878208	158	736
2010/02/12	2936.45	3018.85	2922.17	3018.12	323025408.00	340114374656	808	80
2010/02/26	3016.70	3067.52	2938.75	3051.93	503975744.00	542968381440	366	495
2010/03/05	3057.00	3102.38	3011.08	3031.06	592762496.00	643087007744	542	324
2010/03/12	3036.40	3085.99	3011.97	3013.40	441461376.00	479535955968	120	771
2010/03/19	3010.72	3069.65	2963.42	3067.75	435229568.00	461474463744	688	174
2010/03/26	3069.65	3083.34	3009.89	3059.71	506826496.00	539918991360	794	92
2010/04/02	3076.04	3159.59	3071.68	3157.95	650190912.00	707240919040	497	371
2010/04/09	3170.61	3177.96	3110.25	3145.34	487437504.00	547128999936	746	139
2010/04/16	3151.87	3181.65	3101.48	3130.30	635652672.00	737328955392	309	538
2010/04/23	3096.78	3096.78	2941.35	2983.53	657064512.00	716425003008	311	554
2010/04/30	2988.07	2996.82	2820.93	2870.61	527588928.00	570460012544	220	671
2010/05/07	2821.35	2862.55	2665.81	2688.37	417006368.00	414621892608	196	680
2010/05/14	2690.85	2751.07	2604.18	2696.62	514172384.00	460315230208	437	428
2010/05/21	2663.87	2663.87	2481.97	2583.52	482197760.00	408459051008	736	125
2010/05/28	2596.31	2686.54	2583.55	2655.77	518921664.00	493835517952	407	438
2010/06/04	2647.87	2665.38	2521.05	2553.59	420790464.00	371819347968	591	264
2010/06/11	2508.32	2590.97	2491.63	2569.93	433308576.00	396649037824	371	489
2010/06/18	2588.96	2595.50	2505.32	2513.22	146922176.00	134491611136	61	812
2010/06/25	2517.29	2598.35	2504.31	2552.81	362646592.00	312196005888	149	720
2010/07/02	2550.63	2561.48	2319.73	2382.89	357631584.00	275734003712	442	451
2010/07/09	2358.75	2485.60	2335.57	2470.91	376920256.00	283395522560	710	150
2010/07/16	2468.54	2501.02	2389.07	2424.27	453507552.00	343372464128	577	279
2010/07/23	2399.58	2579.52	2392.27	2572.02	606502400.00	493814218752	334	541
2010/07/30	2576.37	2656.39	2556.46	2637.50	613403264.00	521013657600	338	526
2010/08/06	2635.80	2681.78	2589.98	2658.38	674107520.00	592269017088	843	44
2010/08/13	2656.36	2676.09	2564.83	2606.70	584865600.00	532245446656	827	59
2010/08/20	2603.79	2701.92	2596.77	2642.30	699927104.00	641226964992	111	778
2010/08/27	2637.82	2667.16	2588.63	2610.74	510460192.00	463065776128	502	354
2010/09/03	2622.26	2662.87	2604.48	2655.38	663690624.00	672153993216	485	396
2010/09/10	2667.18	2704.92	2628.82	2663.20	674958720.00	705113948160	519	344
2010/09/17	2665.64	2703.78	2583.33	2598.67	618158848.00	643472818176	403	451
2010/09/21	2601.48	2607.34	2573.62	2591.55	151445296.00	156121481216	479	388
2010/09/30	2600.54	2655.99	2597.12	2655.64	385546528.00	418519384064	804	95
2010/10/08	2681.25	2747.80	2677.99	2738.74	154842784.00	167621001216	858	41
2010/10/15	2755.02	2971.15	2755.02	2971.15	1144970112.00	1231278964736	511	368
2010/10/22	2985.46	3041.14	2931.90	2975.04	1111370240.00	1162901979136	482	392
2010/10/29	2979.70	3073.37	2955.48	2978.83	967213568.00	1122419081216	493	383
2010/11/05	2986.87	3142.58	2986.87	3129.49	1095826688.00	1302804955136	693	192
2010/11/12	3140.38	3186.72	2975.15	2985.42	1149248640.00	1341697949696	37	858
2010/11/19	2984.87	3016.12	2806.63	2888.56	816212288.00	861016031232	775	106
2010/11/26	2861.60	2904.97	2791.58	2871.68	702065920.00	766396006400	301	594
2010/12/03	2861.13	2881.15	2758.91	2842.42	584933120.00	649459007488	340	547
2010/12/10	2850.37	2884.53	2792.52	2841.04	501488576.00	539277066240	786	108
2010/12/17	2850.32	2939.05	2847.64	2893.74	574073216.00	659914096640	459	414
2010/12/24	2901.47	2917.18	2804.55	2835.14	567513600.00	614396723200	185	689
2010/12/31	2842.80	2876.81	2721.47	2808.07	463668032.00	491082186752	875	33
2011/01/07	2825.32	2868.00	2807.87	2838.80	461838560.00	531342032896	453	423
2011/01/14	2832.62	2847.35	2770.33	2791.34	448695680.00	471950458880	144	761
2011/01/21	2772.45	2780.93	2667.28	2715.29	474967648.00	461224378368	708	194
2011/01/28	2716.52	2759.43	2661.43	2752.75	453020032.00	452792057856	662	213
2011/02/01	2751.52	2805.04	2748.53	2798.96	177052960.00	196934959104	444	449
2011/02/11	2778.70	2835.40	2760.16	2827.32	319339552.00	349713006592	623	255
2011/02/18	2828.57	2939.28	2828.57	2899.79	744039680.00	838277988352	273	605
2011/02/25	2886.54	2944.40	2839.18	2878.56	650665984.00	737205026816	425	455
2011/03/04	2880.16	2944.45	2861.81	2942.30	714194240.00	808193032192	814	95
2011/03/11	2952.72	3012.04	2927.67	2933.79	712918528.00	861005021184	282	615
2011/03/18	2923.98	2939.64	2850.93	2906.87	693129408.00	804056989696	647	241
2011/03/25	2913.90	2985.08	2884.75	2977.81	603890624.00	689318002688	627	259
2011/04/01	2985.35	3005.78	2914.37	2967.40	716303616.00	808610037760	772	130
2011/04/08	2964.21	3031.09	2963.88	3030.02	414422144.00	476552003584	649	213
2011/04/15	3037.90	3062.53	2994.46	3050.52	737173120.00	793063981056	418	449
2011/04/22	3040.53	3067.45	2992.66	3010.51	685274176.00	755531972608	325	544
2011/04/29	3003.03	3003.61	2871.01	2911.51	574757056.00	576807567360	778	118
2011/05/06	2911.51	2933.46	2834.45	2863.87	434161184.00	432058269696	526	353
2011/05/13	2868.23	2897.13	2832.25	2871.03	483025792.00	515279093760	686	208
2011/05/20	2864.37	2884.13	2821.20	2858.45	436391872.00	471121887232	346	498
2011/05/27	2853.28	2853.28	2708.54	2709.93	451244800.00	471013064704	124	767
2011/06/03	2704.48	2744.92	2676.53	2728.02	403205024.00	399091499008	859	62
2011/06/10	2720.97	2754.12	2672.32	2705.13	320680192.00	344946966528	498	395
2011/06/17	2687.64	2735.55	2641.38	2642.81	385662464.00	404778483712	165	744
2011/06/24	2635.83	2759.71	2610.99	2746.21	423477632.00	428214190080	892	31
2011/07/01	2746.78	2778.65	2727.25	2759.36	503912512.00	527706128384	552	335
2011/07/08	2770.93	2825.12	2770.93	2797.77	584637312.00	637393043456	400	499
2011/07/15	2789.45	2821.34	2752.17	2820.16	507141696.00	559018016768	565	329
2011/07/22	2821.36	2826.96	2763.41	2770.79	436852544.00	517646581760	561	330
2011/07/29	2759.62	2759.62	2677.12	2701.73	418478048.00	466657869824	250	637
2011/08/05	2697.57	2712.88	2605.13	2626.41	330419456.00	374565535744	103	812
2011/08/12	2599.29	2614.18	2437.67	2593.16	507164160.00	529458003968	698	201
2011/08/19	2598.13	2636.36	2513.75	2534.36	385608960.00	403305725952	216	693
2011/08/26	2534.57	2616.63	2507.78	2612.18	370009536.00	385499267072	437	439
2011/09/02	2595.47	2615.13	2517.62	2528.28	320504032.00	336035414016	142	768
2011/09/09	2510.10	2528.41	2459.54	2497.75	270445440.00	282076053504	374	507
2011/09/16	2467.73	2499.48	2439.37	2482.34	207987424.00	212059127808	396	474
2011/09/23	2469.60	2517.66	2400.13	2433.15	323700096.00	327582580736	279	627
2011/09/30	2416.23	2441.73	2348.22	2359.22	276424512.00	273077977088	421	471
2011/10/14	2363.08	2439.63	2318.62	2431.37	345762944.00	327606665216	252	646
2011/10/21	2434.49	2452.99	2313.78	2317.28	310190016.00	281810075648	229	675
2011/10/28	2322.02	2483.76	2307.14	2473.40	461651776.00	424469856256	717	181
2011/11/04	2470.25	2536.78	2433.72	2528.29	516983168.00	505205751808	506	398
2011/11/11	2518.89	2536.17	2472.76	2481.08	388997184.00	384418152448	382	489
2011/11/18	2498.66	2534.06	2411.04	2416.56	392434752.00	391887355904	932	0
2011/11/25	2416.73	2419.24	2370.70	2380.22	249678144.00	247901356032	940	0
2011/12/02	2383.88	2423.56	2319.43	2360.65	336317856.00	328219656192	947	0
2011/12/09	2363.11	2363.12	2302.63	2315.27	231164432.00	219138965504	942	0
2011/12/16	2312.14	2315.81	2170.75	2224.84	256317968.00	224604667904	867	67
2011/12/23	2208.07	2239.86	2149.41	2204.78	272864256.00	233909780480	751	162
2011/12/30	2193.65	2213.45	2134.02	2199.41	235652320.00	192499171328	865	46
2012/01/06	2212.00	2217.52	2132.62	2163.39	158572032.00	126702755840	622	270
2012/01/13	2164.74	2295.22	2148.45	2244.58	413831360.00	355419455488	55	876
2012/01/20	2230.42	2322.88	2196.12	2319.12	366025120.00	327740030976	762	153
2012/02/03	2324.49	2336.27	2263.34	2330.39	303121408.00	272132636672	820	92
2012/02/10	2334.25	2368.98	2278.82	2351.98	424709824.00	378163560448	569	299
2012/02/17	2332.05	2374.28	2325.03	2357.17	425231008.00	380523315200	304	595
2012/02/24	2383.68	2439.98	2345.05	2439.62	534401344.00	492957597696	834	89
2012/03/02	2447.40	2478.37	2418.33	2460.68	550283840.00	511116050432	913	21
2012/03/09	2464.85	2469.84	2388.52	2439.46	508599168.00	493831684096	779	111
2012/03/16	2438.55	2476.22	2366.02	2404.74	614359936.00	596138590208	874	44
2012/03/23	2401.22	2412.34	2342.12	2349.54	451955008.00	443591786496	104	825
2012/03/30	2349.09	2363.77	2242.35	2262.79	336226368.00	321423081472	437	437
2012/04/06	2258.03	2309.63	2251.38	2306.55	152237984.00	143465693184	590	279
2012/04/13	2300.05	2369.70	2258.85	2359.15	398698560.00	365417463808	197	713
2012/04/20	2346.31	2407.29	2333.34	2406.86	488418176.00	431079620608	674	182
2012/04/27	2403.52	2415.75	2350.39	2396.32	594360704.00	528816504832	250	631
2012/05/04	2421.08	2453.73	2407.79	2452.01	332459360.00	328539373568	593	292
2012/05/11	2441.76	2451.95	2393.37	2394.98	468150304.00	472756486144	264	604
2012/05/18	2408.26	2411.27	2338.24	2344.52	421742528.00	401295671296	143	749
2012/05/25	2343.58	2378.08	2327.40	2333.55	389062784.00	375179313152	198	691
2012/06/01	2325.32	2393.28	2309.07	2373.43	456841760.00	435389530112	349	543
2012/06/08	2346.98	2348.20	2276.71	2281.45	342946592.00	332967444480	312	553
2012/06/15	2282.88	2319.71	2278.15	2306.85	342915616.00	326206062592	480	400
2012/06/21	2313.53	2325.05	2253.79	2260.87	233826496.00	223443976192	147	780
2012/06/29	2253.51	2253.51	2188.72	2225.42	279382944.00	253575462912	761	142
2012/07/06	2234.32	2244.83	2185.52	2223.58	314698752.00	296301920256	860	88
2012/07/13	2210.71	2216.70	2152.66	2185.89	332400512.00	311693934592	256	663
2012/07/20	2187.88	2197.79	2138.79	2168.63	332909504.00	296948170752	258	662
2012/07/27	2154.16	2158.95	2120.62	2128.76	263625248.00	227333750784	390	524
2012/08/03	2128.15	2137.74	2100.25	2132.80	266091952.00	215821123584	894	55
2012/08/10	2129.14	2176.80	2127.26	2168.81	360660352.00	311625121792	340	578
2012/08/17	2164.04	2164.04	2100.79	2114.88	283096928.00	246890774528	529	372
2012/08/24	2102.23	2124.18	2089.02	2092.10	284566656.00	239692414976	104	847
2012/08/31	2085.37	2085.37	2032.54	2047.52	275054464.00	217617268736	709	221
2012/09/07	2044.81	2145.00	2029.05	2127.76	371771904.00	294237667328	960	14
2012/09/14	2128.07	2140.16	2107.22	2123.85	438414656.00	361801252864	533	362
2012/09/21	2120.62	2121.58	2018.26	2026.68	310202816.00	251298562048	372	526
2012/09/28	2015.77	2089.62	1999.48	2086.16	312398432.00	247577083904	921	45
2012/10/12	2084.85	2127.31	2063.09	2104.92	361367456.00	281024135168	444	457
2012/10/19	2105.02	2137.68	2085.11	2128.30	326465600.00	252938797056	327	582
2012/10/26	2118.52	2138.03	2058.06	2066.21	369687200.00	261214699520	101	861
2012/11/02	2061.85	2119.22	2053.09	2117.05	333175232.00	243481051136	635	262
2012/11/09	2113.33	2123.33	2062.41	2069.07	323080736.00	242425364480	416	471
2012/11/16	2069.21	2079.57	2001.72	2014.72	266013680.00	196476682240	311	622
2012/11/23	2013.25	2034.88	1995.17	2027.38	238318992.00	181128101888	584	298
2012/11/30	2023.34	2027.27	1959.33	1980.12	258346048.00	177611243520	862	95
2012/12/07	1977.25	2065.74	1949.46	2061.79	440621024.00	312169594880	966	5
2012/12/14	2067.32	2152.50	2059.47	2150.62	520459328.00	376401690624	968	2
2012/12/21	2152.10	2190.39	2142.95	2153.31	567490304.00	450046656512	334	573
2012/12/28	2150.64	2234.87	2146.86	2233.25	588604416.00	472362483712	790	143
2013/01/04	2236.46	2296.11	2236.46	2276.99	267501344.00	220169601024	323	623
2013/01/11	2271.65	2295.48	2234.95	2243.00	608220608.00	505912066048	100	862
2013/01/18	2236.29	2332.78	2235.11	2317.07	708446912.00	606342217728	873	71
2013/01/25	2321.49	2362.93	2287.30	2291.30	655964224.00	549214027776	385	521
2013/02/01	2295.35	2421.14	2295.35	2419.02	700642688.00	608449396736	622	286
2013/02/08	2425.91	2443.03	2394.22	2432.39	663964928.00	592513597440	778	161
2013/02/22	2441.90	2444.80	2308.76	2314.15	590970176.00	521417916416	348	574
2013/03/01	2320.62	2369.64	2289.88	2359.51	551094208.00	499271860224	548	369
2013/03/08	2332.08	2352.02	2259.25	2318.61	672770816.00	599657021440	291	631
2013/03/15	2314.67	2333.29	2250.01	2278.39	489521024.00	423042711552	449	469
2013/03/22	2267.29	2332.00	2232.02	2328.28	532314368.00	461709869056	468	443
2013/03/29	2334.73	2344.88	2228.81	2236.62	511035904.00	443890073600	464	432
2013/04/03	2229.46	2253.41	2217.25	2225.30	248921360.00	213395570688	280	646
2013/04/12	2196.24	2242.48	2180.66	2206.78	390252672.00	336221011968	208	715
2013/04/19	2199.90	2250.11	2165.78	2244.63	401216192.00	342375727104	934	22
2013/04/26	2236.39	2245.12	2173.86	2177.90	456753472.00	393174482944	157	771
2013/05/03	2170.78	2222.81	2161.13	2205.50	156921408.00	138193305600	908	45
2013/05/10	2212.49	2255.21	2212.49	2246.83	457959552.00	414502780928	709	215
2013/05/17	2247.67	2288.09	2205.87	2282.87	477589472.00	435014270976	797	134
2013/05/24	2286.33	2314.17	2270.25	2288.53	617144768.00	560232792064	761	138
2013/05/31	2286.65	2334.33	2281.47	2300.59	585284352.00	538834960384	231	697
2013/06/07	2300.21	2313.42	2205.07	2210.89	446778688.00	411488354304	130	812
2013/06/14	2190.10	2190.10	2126.22	2162.04	172228576.00	148462288896	805	110
2013/06/21	2165.99	2169.36	2042.88	2073.10	378276224.00	334708015104	265	653
2013/06/28	2068.86	2068.86	1849.65	1979.21	555100544.00	435380453376	534	379
2013/07/05	1965.99	2022.14	1957.56	2007.20	449672672.00	371198099456	709	207
2013/07/12	1983.21	2092.87	1946.37	2039.49	519618144.00	426240540672	188	751
2013/07/19	2046.12	2076.65	1990.25	1992.65	498168672.00	422988283904	107	843
2013/07/26	1977.73	2051.53	1970.64	2010.85	471441152.00	407849467904	310	602
2013/08/02	1997.84	2047.08	1965.36	2029.42	410913088.00	347720712192	455	422
2013/08/09	2031.72	2069.56	2025.23	2052.23	478261216.00	408218894336	558	332
2013/08/16	2058.41	2198.85	2055.72	2068.45	619735680.00	516572053504	198	727
2013/08/23	2055.12	2098.98	2029.36	2057.46	495629248.00	414070046720	270	646
2013/08/30	2061.41	2114.38	2056.12	2098.37	711010496.00	573303619584	448	474
2013/09/06	2104.09	2143.24	2078.46	2139.99	699856896.00	574892081152	609	313
2013/09/13	2151.35	2270.27	2151.35	2236.22	1082682496.00	873293938688	710	231
2013/09/18	2244.46	2248.47	2172.04	2191.85	424538432.00	367374172160	689	225
2013/09/27	2199.36	2223.07	2149.59	2160.03	699619840.00	632071258112	522	372
2013/09/30	2167.73	2176.30	2165.15	2174.65	92810080.00	88982757376	738	179
2013/10/11	2171.89	2228.87	2161.49	2228.14	564249984.00	511805259776	833	121
2013/10/18	2232.22	2242.98	2183.25	2193.78	704837440.00	632287068160	521	388
2013/10/25	2198.11	2230.28	2122.67	2132.96	649107840.00	574394597376	152	786
2013/11/01	2135.87	2163.65	2093.20	2149.56	548318976.00	455381483520	450	448
2013/11/08	2156.09	2166.16	2103.51	2106.12	433474784.00	371319144448	169	780
2013/11/15	2103.30	2153.21	2078.99	2135.83	447076032.00	386715746304	905	47
2013/11/22	2147.37	2211.07	2143.77	2196.37	652658816.00	586463707136	274	631
2013/11/29	2186.06	2234.38	2176.17	2220.50	565543744.00	500926906368	484	400
2013/12/06	2203.12	2260.87	2172.62	2237.11	670830656.00	586302816256	352	551
2013/12/13	2241.79	2250.50	2183.84	2196.07	482999616.00	423018921984	475	424
2013/12/20	2197.23	2201.70	2082.85	2084.79	404038784.00	342460301312	179	765
2013/12/27	2089.54	2111.81	2068.54	2101.25	358835456.00	311431135232	874	67
2014/01/03	2108.87	2120.27	2075.89	2083.13	307542144.00	268788793344	165	776
2014/01/10	2078.67	2078.67	2008.01	2013.30	376195904.00	319125684224	191	728
2014/01/17	2014.98	2034.71	2000.40	2004.95	344409056.00	289914060800	127	814
2014/01/24	2001.89	2060.99	1984.81	2054.38	392167552.00	342872883200	766	146
2014/01/30	2044.27	2051.58	2026.99	2033.08	297825088.00	273624449024	253	665
2014/02/07	2022.31	2044.73	2014.70	2044.50	73598752.00	67829923840	706	195
2014/02/14	2049.98	2122.83	2049.98	2115.85	650926976.00	570570506240	842	88
2014/02/21	2124.87	2177.98	2098.33	2113.68	709089920.00	614271942656	251	682
2014/02/28	2099.72	2099.72	2014.38	2056.30	617602688.00	539703836672	681	240
2014/03/07	2052.08	2079.49	2030.95	2057.90	564119424.00	479613812736	320	611
2014/03/14	2042.35	2042.63	1974.38	2004.34	498516864.00	399101362176	454	446
2014/03/21	2009.88	2052.47	1986.06	2047.62	533019104.00	433140531200	889	61
2014/03/28	2050.83	2079.55	2035.24	2041.71	622964800.00	480100024320	266	646
2014/04/04	2043.05	2066.01	2024.18	2058.83	472109120.00	359876526080	783	133
2014/04/11	2054.53	2146.66	2052.89	2130.54	527269408.00	436812283904	372	538
2014/04/18	2127.40	2134.42	2081.18	2097.75	477022656.00	399639576576	486	384
2014/04/25	2085.98	2103.08	2035.56	2036.52	444858048.00	368842244096	125	788
2014/04/30	2033.34	2035.99	1997.64	2026.36	240545120.00	182995320832	626	263
2014/05/09	2022.18	2038.70	2001.30	2011.13	382992640.00	292234395648	280	599
2014/05/16	2022.93	2061.06	2012.68	2026.50	427175424.00	329693364224	478	368
2014/05/23	2023.01	2041.96	1991.06	2034.56	326702912.00	261905956864	724	147
2014/05/30	2042.03	2057.08	2029.34	2039.21	375589568.00	316189343744	439	408
2014/06/06	2039.20	2049.58	2012.91	2029.96	277968192.00	228264378368	255	629
2014/06/13	2024.93	2073.60	2023.20	2070.71	397742368.00	335576760320	726	153
2014/06/20	2070.70	2087.32	2010.53	2026.67	431067136.00	349202513920	703	172
2014/06/27	2026.23	2043.98	2018.36	2036.51	387787200.00	318691639296	645	214
2014/07/04	2038.61	2066.63	2038.53	2059.37	532613312.00	432594812928	320	541
2014/07/11	2058.12	2064.42	2033.00	2046.96	508559872.00	431241625600	733	164
2014/07/18	2047.74	2075.49	2044.90	2059.07	587869440.00	462897283072	525	346
2014/07/25	2057.77	2127.22	2049.17	2126.61	662514752.00	521200336896	749	149
2014/08/01	2135.25	2218.79	2135.25	2185.30	977538944.00	773585960960	185	725
2014/08/08	2190.04	2226.84	2180.60	2194.41	837610880.00	668961734656	598	278
2014/08/15	2199.42	2230.99	2198.31	2226.73	803573056.00	676095197184	784	131
2014/08/22	2229.80	2248.93	2211.62	2240.81	835176768.00	717798965248	604	288
2014/08/29	2241.10	2241.55	2193.26	2217.20	675944384.00	574974197760	785	126
2014/09/05	2220.12	2327.56	2217.67	2326.42	946442368.00	840931737600	576	309
2014/09/12	2328.42	2343.59	2302.77	2331.95	802512704.00	695698587648	780	128
2014/09/19	2330.18	2347.93	2282.79	2329.45	1092386432.00	871038648320	653	231
2014/09/26	2323.55	2365.14	2284.37	2347.72	955659904.00	806410452992	514	377
2014/09/30	2353.71	2365.49	2346.58	2363.87	394029696.00	338064310272	550	348
2014/10/10	2368.58	2391.35	2354.29	2374.54	664988480.00	572857581568	264	656
2014/10/17	2366.42	2389.66	2312.83	2341.17	1061037824.00	900590927872	235	703
2014/10/24	2346.05	2361.64	2296.65	2302.28	776410624.00	682058317824	526	373
2014/10/31	2293.57	2423.60	2279.84	2420.17	1194850048.00	973121650688	467	445
2014/11/07	2425.22	2454.41	2401.75	2418.16	1384618240.00	1079361863680	250	682
2014/11/14	2436.62	2508.62	2428.18	2478.82	1481110784.00	1242466615296	369	556
2014/11/21	2506.86	2508.77	2437.48	2486.79	980721152.00	889603424256	728	171
2014/11/28	2505.53	2683.17	2495.52	2682.83	1844884480.00	1669893455872	360	556
2014/12/05	2691.72	2978.03	2665.68	2937.64	2619833600.00	2476546195456	170	768
2014/12/12	2907.82	3091.32	2807.67	2938.16	2764569600.00	2822040977408	573	354
2014/12/19	2921.45	3117.53	2890.89	3108.60	2353696000.00	2466646851584	339	609
2014/12/26	3129.27	3189.87	2934.90	3157.60	2331588352.00	2290608766976	618	309
2014/12/31	3212.56	3239.36	3126.93	3234.67	1313835264.00	1425487429632	706	235
2015/01/09	3258.62	3404.83	3253.87	3285.40	2206305024.00	2376453586944	195	744
2015/01/16	3258.21	3400.32	3191.58	3376.50	1415404160.00	1629930782720	662	258
2015/01/23	3189.73	3406.79	3095.07	3351.76	1888767744.00	2128793436160	308	634
2015/01/30	3347.26	3390.22	3210.31	3210.36	1526956800.00	1698980823040	241	714
2015/02/06	3148.13	3251.21	3052.93	3075.90	1301040896.00	1455130804224	150	815
2015/02/13	3063.51	3237.15	3049.11	3203.83	1028648320.00	1199376433152	849	106
2015/02/17	3206.13	3255.73	3195.87	3246.90	452130048.00	529290756096	621	335
2015/02/27	3256.48	3324.55	3202.18	3310.30	833775680.00	934510395392	591	355
2015/03/06	3332.72	3336.76	3221.66	3241.18	1625709056.00	1900566937600	454	519
2015/03/13	3224.31	3391.26	3198.37	3372.90	1576003840.00	1798690308096	767	202
2015/03/20	3391.15	3632.34	3377.09	3617.32	2519297536.00	2962244763648	710	251
2015/03/27	3640.10	3715.87	3600.70	3691.10	2595096320.00	3190772727808	649	313
2015/04/03	3710.61	3864.39	3710.61	3863.92	2526169600.00	3273519005696	714	251
2015/04/10	3899.41	4040.35	3891.73	4034.31	2257993472.00	3070798331904	895	79
2015/04/17	4072.72	4317.22	4031.24	4287.29	3066452736.00	3997153886208	614	345
2015/04/24	4301.35	4444.41	4188.56	4393.69	3467808256.00	4866822897664	376	611
2015/04/30	4441.93	4572.39	4398.64	4441.66	2485327104.00	3563165319168	427	553
2015/05/08	4441.34	4488.87	4099.04	4205.92	2340759808.00	3339498029056	943	33
2015/05/15	4231.27	4415.63	4187.82	4308.69	2409891584.00	3625313107968	347	635
2015/05/22	4277.89	4658.27	4260.51	4657.60	2451486720.00	3830706601984	745	232
2015/05/29	4660.08	4986.50	4431.56	4611.74	3462746624.00	5537358413824	522	455
2015/06/05	4633.10	5051.63	4615.23	5023.10	3275784192.00	5227951947776	706	263
2015/06/12	5045.69	5178.19	4997.48	5166.35	3371516416.00	5501999382528	670	299
2015/06/19	5174.42	5176.79	4476.50	4478.36	2685837056.00	4261982240768	31	948
2015/06/26	4471.61	4720.70	4139.53	4192.87	2154545152.00	3161895469056	26	974
2015/07/03	4289.77	4317.05	3629.56	3686.92	3115911168.00	4067927785472	46	934
2015/07/10	3975.21	3975.21	3373.54	3877.80	3453593600.00	3773486333952	726	7
2015/07/17	3918.99	4035.43	3688.44	3957.35	2889331456.00	3475967574016	709	258
2015/07/24	3948.42	4184.45	3912.80	4070.91	2755138048.00	3600058155008	228	755
2015/07/31	3985.57	4051.16	3537.36	3663.73	2362584576.00	3040297615360	300	674
2015/08/07	3614.99	3782.35	3549.50	3744.20	1708125184.00	2196878262272	954	31
2015/08/14	3786.03	4000.68	3775.85	3965.33	2376977664.00	3188114063360	545	425
2015/08/21	3947.84	4006.34	3490.54	3507.74	2239582720.00	2900119519232	41	937
2015/08/28	3373.48	3388.36	2850.71	3232.35	1997141760.00	2058263855104	944	11
2015/09/02	3203.56	3207.86	3019.09	3160.17	1268034048.00	1274742571008	234	711
2015/09/11	3149.38	3256.74	3011.12	3200.23	1425031168.00	1531942141952	653	297
2015/09/18	3221.17	3229.48	2983.54	3097.92	1400128384.00	1455309455360	780	176
2015/09/25	3072.09	3213.48	3060.86	3092.35	1200157824.00	1302768254976	113	860
2015/09/30	3085.57	3103.07	3021.16	3052.78	466592640.00	492678184960	635	296
2015/10/09	3156.07	3192.72	3133.13	3183.15	469127488.00	515209428992	808	138
2015/10/16	3193.54	3393.02	3188.41	3391.35	1690269952.00	1922638020608	774	159
2015/10/23	3401.63	3447.26	3265.44	3412.43	1826653440.00	2156110544896	859	83
2015/10/30	3448.65	3457.52	3332.62	3382.56	1466528128.00	1826261041152	379	570
2015/11/06	3337.58	3596.38	3302.18	3590.03	1745349376.00	2178441019392	931	27
2015/11/13	3588.50	3673.76	3564.81	3580.84	2001324544.00	2615562469376	238	727
2015/11/20	3522.46	3678.27	3519.42	3630.50	1516060928.00	2025634398208	619	352
2015/11/27	3630.87	3668.38	3412.43	3436.30	1498881920.00	2013268410368	43	956
2015/12/04	3433.86	3591.73	3327.81	3524.99	1390927872.00	1745569316864	331	668
2015/12/11	3529.81	3543.95	3410.92	3434.58	1011705152.00	1370814283776	349	650
2015/12/18	3403.51	3614.70	3399.28	3578.96	1166892672.00	1567602507776	408	599
2015/12/25	3568.58	3684.57	3565.75	3627.91	1285466112.00	1769147203584	731	279
2015/12/31	3635.77	3641.59	3515.52	3539.18	817388416.00	1141800435712	197	816
2016/01/08	3536.59	3538.69	3056.88	3186.41	1047197056.00	1258738679808	757	276
2016/01/15	3131.85	3166.22	2867.55	2900.97	1085212800.00	1143508697088	75	969
2016/01/22	2847.54	3016.28	2844.70	2916.56	937971264.00	1004554485760	923	113
2016/01/29	2934.08	2955.78	2638.30	2737.60	937390528.00	931422535680	1019	32
2016/02/05	2730.98	2793.30	2655.62	2763.49	774427520.00	779295653888	272	763
2016/02/19	2684.96	2893.21	2682.09	2860.02	924730688.00	963454369792	518	490
2016/02/26	2888.60	2933.96	2715.87	2767.21	1106722048.00	1139919552512	634	387
2016/03/04	2754.81	2880.37	2638.96	2874.15	1265553280.00	1211098595328	213	820
2016/03/11	2886.64	2911.84	2772.55	2810.31	900531904.00	876408602624	479	524
2016/03/18	2830.08	2971.55	2819.79	2955.15	1058318208.00	1105291378688	1010	33
2016/03/25	2978.46	3028.32	2952.11	2979.43	1251835904.00	1423790178304	790	229
2016/04/01	2988.01	3023.41	2905.25	3009.53	1022317376.00	1138100535296	387	613
2016/04/08	3000.94	3062.36	2960.46	2984.96	897816512.00	982868164608	264	750
2016/04/15	3006.91	3097.16	3001.32	3078.12	1110591104.00	1250026323968	430	580
2016/04/22	3058.46	3058.46	2905.05	2959.24	949600384.00	1055993495552	738	262
2016/04/29	2949.97	2976.02	2916.37	2938.32	622409344.00	708334911488	412	579
2016/05/06	2940.39	3004.42	2913.04	2913.25	685738624.00	782054195200	46	1002
2016/05/13	2896.16	2896.16	2781.24	2827.11	687660544.00	727794778112	357	645
2016/05/20	2816.78	2860.32	2781.42	2825.48	598806400.00	664187764736	860	162
2016/05/27	2826.31	2848.07	2780.76	2821.05	560062784.00	629778087936	462	522
2016/06/03	2814.65	2945.52	2794.66	2938.68	841704320.00	968371470336	578	428
2016/06/08	2940.99	2945.94	2908.37	2927.16	418027648.00	513409712128	305	720
2016/06/17	2897.27	2911.16	2811.78	2885.11	801037056.00	931668492288	760	283
2016/06/24	2887.64	2919.30	2807.60	2854.29	758500608.00	896869466112	161	895
2016/07/01	2840.56	2944.99	2840.28	2932.48	819495232.00	984806391808	437	570
2016/07/08	2924.29	3024.11	2922.52	2988.09	1061260992.00	1249936015360	318	709
2016/07/15	2993.75	3069.05	2984.42	3054.30	1090545152.00	1251703783424	407	625
2016/07/22	3047.64	3058.32	3007.46	3012.82	796878400.00	963143139328	197	852
2016/07/29	3008.09	3057.42	2939.23	2979.34	921728512.00	1065533440000	292	753
2016/08/05	2971.95	2991.68	2931.96	2976.70	679808384.00	765831806976	332	702
2016/08/12	2972.62	3051.05	2959.05	3050.67	820453632.00	903498170368	985	98
2016/08/19	3056.48	3140.44	3053.87	3108.10	1213491712.00	1348961828864	473	570
2016/08/26	3107.38	3112.74	3041.51	3070.31	816161152.00	932354195456	638	386
2016/09/02	3068.46	3088.70	3050.49	3067.35	731941440.00	846947680256	450	583
2016/09/09	3070.71	3105.68	3053.19	3078.85	811405312.00	909464305664	235	831
2016/09/14	3037.51	3040.95	2995.42	3002.85	474813088.00	522786832384	341	725
2016/09/23	3005.32	3054.44	3005.32	3033.90	618770880.00	713373646848	373	688
2016/09/30	3028.24	3028.24	2969.13	3004.70	585204928.00	647590445056	685	329
2016/10/12	3020.46	3066.10	3014.62	3058.50	469818176.00	519292387328	431	634
