'399987'	中证酒	日线
日期	开盘	最高	最低	收盘
2015/05/19	2436.24	2501.33	2433.85	2500.41
2015/05/20	2501.62	2568.00	2501.50	2526.40
2015/05/21	2529.81	2593.19	2529.42	2592.91
2015/05/22	2617.65	2666.04	2604.99	2665.81
2015/05/25	2651.29	2732.41	2648.86	2730.43
2015/05/26	2738.48	2810.41	2709.86	2810.09
2015/05/27	2811.00	2828.15	2759.44	2806.23
2015/05/28	2802.78	2859.37	2645.28	2647.67
2015/05/29	2645.92	2720.64	2563.73	2671.66
2015/06/01	2684.91	2807.80	2676.80	2807.61
2015/06/02	2808.95	2880.75	2778.96	2879.77
2015/06/03	2886.24	2902.23	2812.40	2876.08
2015/06/04	2875.78	2887.90	2679.49	2865.07
2015/06/05	2887.61	2950.49	2851.49	2923.70
2015/06/08	2927.07	2997.56	2886.42	2985.05
2015/06/09	2974.35	2995.11	2916.60	2943.78
2015/06/10	2927.31	3062.53	2905.99	3022.64
2015/06/11	3016.03	3060.11	2998.19	3057.22
2015/06/12	3070.55	3192.26	3070.55	3150.94
2015/06/15	3157.28	3242.07	3129.94	3143.73
2015/06/16	3113.12	3122.82	2976.71	3007.99
2015/06/17	2994.21	3065.72	2894.81	3061.60
2015/06/18	3039.52	3073.41	2944.26	2944.39
2015/06/19	2879.15	2923.62	2734.92	2737.33
2015/06/23	2742.48	2871.07	2642.53	2865.77
2015/06/24	2885.70	2997.49	2878.77	2992.80
2015/06/25	3008.81	3010.33	2863.06	2902.63
2015/06/26	2811.94	2853.24	2640.26	2689.11
2015/06/29	2770.96	2800.00	2527.00	2672.17
2015/06/30	2630.54	2792.57	2515.37	2784.90
2015/07/01	2728.98	2866.39	2640.02	2646.81
2015/07/02	2626.20	2626.20	2428.19	2453.36
2015/07/03	2358.19	2480.27	2248.05	2279.13
2015/07/06	2459.68	2459.68	2150.77	2247.38
2015/07/07	2169.30	2195.11	2092.19	2133.56
2015/07/08	1968.73	2049.20	1954.87	2014.04
2015/07/09	1996.72	2180.08	1996.72	2177.35
2015/07/10	2230.75	2360.12	2221.77	2338.24
2015/07/13	2377.16	2492.11	2343.67	2459.43
2015/07/14	2431.65	2504.16	2365.95	2387.43
2015/07/15	2342.57	2360.85	2212.41	2237.14
2015/07/16	2213.60	2330.81	2176.02	2279.29
2015/07/17	2289.42	2401.39	2288.50	2379.54
2015/07/20	2373.66	2423.00	2334.45	2364.56
2015/07/21	2339.84	2395.05	2316.64	2378.91
2015/07/22	2378.01	2416.44	2347.64	2389.23
2015/07/23	2393.65	2460.30	2373.20	2455.21
2015/07/24	2449.99	2501.29	2403.60	2415.86
2015/07/27	2363.57	2406.90	2188.46	2188.52
2015/07/28	2110.41	2225.78	2075.61	2192.48
2015/07/29	2206.19	2271.36	2164.99	2270.07
2015/07/30	2266.06	2308.38	2219.77	2225.38
2015/07/31	2206.30	2266.00	2206.30	2252.29
2015/08/03	2225.27	2260.84	2204.33	2260.46
2015/08/04	2259.03	2337.86	2244.41	2336.33
2015/08/05	2319.78	2333.57	2272.10	2283.81
2015/08/06	2248.26	2284.99	2240.06	2258.09
2015/08/07	2271.14	2310.85	2270.99	2299.17
2015/08/10	2311.57	2396.03	2307.54	2383.26
2015/08/11	2378.22	2403.73	2366.13	2377.70
2015/08/12	2353.44	2393.10	2347.54	2347.96
2015/08/13	2346.85	2375.68	2314.42	2375.36
2015/08/14	2388.95	2415.76	2373.15	2389.78
2015/08/17	2377.40	2416.47	2354.48	2412.15
2015/08/18	2420.22	2426.99	2251.07	2255.35
2015/08/19	2210.11	2317.93	2186.26	2312.70
2015/08/20	2294.14	2315.98	2241.32	2241.46
2015/08/21	2200.22	2215.51	2115.87	2121.91
2015/08/24	2048.96	2051.02	1937.24	1938.73
2015/08/25	1817.86	1931.12	1816.47	1840.07
2015/08/26	1852.06	1923.64	1798.84	1830.15
2015/08/27	1859.87	1914.00	1832.71	1913.64
2015/08/28	1928.11	1986.68	1903.71	1978.80
2015/08/31	1951.61	1952.87	1905.47	1941.65
2015/09/01	1917.14	1917.14	1842.42	1894.85
2015/09/02	1832.64	1908.31	1830.79	1904.17
2015/09/07	1897.62	1945.53	1860.09	1870.92
2015/09/08	1859.60	1920.73	1833.66	1916.63
2015/09/09	1920.59	1968.86	1917.71	1965.84
2015/09/10	1939.00	1960.62	1930.64	1934.35
2015/09/11	1927.76	1945.33	1911.88	1933.02
2015/09/14	1934.70	1944.52	1844.34	1865.11
2015/09/15	1836.99	1861.43	1797.45	1812.20
2015/09/16	1812.86	1925.52	1805.27	1907.16
2015/09/17	1889.95	1929.54	1868.27	1868.88
2015/09/18	1877.89	1888.20	1859.02	1874.61
2015/09/21	1858.46	1912.07	1852.73	1909.06
2015/09/22	1912.50	1934.92	1907.02	1925.26
2015/09/23	1897.86	1910.13	1878.11	1883.42
2015/09/24	1889.53	1904.76	1883.22	1902.19
2015/09/25	1903.57	1916.48	1863.93	1876.29
2015/09/28	1874.32	1885.40	1849.69	1884.95
2015/09/29	1861.77	1888.14	1858.62	1872.08
2015/09/30	1873.82	1889.76	1873.82	1881.06
2015/10/08	1935.63	1953.48	1932.44	1934.28
2015/10/09	1935.26	1953.72	1927.35	1948.62
2015/10/12	1954.98	2018.48	1953.26	2008.35
2015/10/13	1997.63	2022.01	1992.91	2019.27
2015/10/14	2014.95	2019.22	2001.91	2005.09
2015/10/15	2000.76	2040.74	2000.76	2040.48
2015/10/16	2048.12	2053.70	2023.45	2052.06
2015/10/19	2058.72	2065.96	2035.61	2047.25
2015/10/20	2043.36	2060.92	2033.48	2060.89
2015/10/21	2059.33	2065.35	1970.94	1980.55
2015/10/22	1981.73	2015.77	1975.02	2015.42
2015/10/23	2022.87	2087.93	2022.87	2075.85
2015/10/26	2088.07	2106.17	2066.00	2100.40
2015/10/27	2092.97	2106.09	2045.07	2104.66
2015/10/28	2094.08	2110.77	2075.62	2079.60
2015/10/29	2086.94	2121.19	2084.34	2109.40
2015/10/30	2105.60	2137.73	2095.36	2118.01
2015/11/02	2093.00	2134.24	2078.12	2093.43
2015/11/03	2097.96	2111.57	2081.02	2091.29
2015/11/04	2096.15	2179.65	2096.15	2177.81
2015/11/05	2175.03	2214.81	2171.07	2192.87
2015/11/06	2189.36	2217.42	2185.99	2216.24
2015/11/09	2217.07	2237.77	2191.86	2224.65
2015/11/10	2208.24	2229.92	2192.02	2219.62
2015/11/11	2216.40	2222.16	2199.12	2220.78
2015/11/12	2218.42	2221.88	2188.45	2201.62
2015/11/13	2182.46	2195.64	2158.36	2163.09
2015/11/16	2137.78	2185.57	2135.80	2185.23
2015/11/17	2204.27	2225.05	2189.74	2203.35
2015/11/18	2203.68	2209.68	2185.74	2191.55
2015/11/19	2190.46	2213.41	2188.18	2213.41
2015/11/20	2212.93	2215.54	2194.80	2210.90
2015/11/23	2214.96	2227.24	2199.96	2205.39
2015/11/24	2200.41	2203.01	2171.17	2199.46
2015/11/25	2199.20	2224.16	2194.30	2224.06
2015/11/26	2226.58	2230.45	2207.25	2210.56
2015/11/27	2205.87	2206.42	2092.45	2105.65
2015/11/30	2112.37	2120.99	2042.29	2111.72
2015/12/01	2113.50	2150.09	2102.00	2149.53
2015/12/02	2145.12	2206.38	2136.07	2204.38
2015/12/03	2194.85	2220.31	2188.53	2219.69
2015/12/04	2207.43	2208.37	2181.54	2196.25
2015/12/07	2199.23	2211.79	2184.53	2204.79
2015/12/08	2194.62	2194.62	2142.08	2144.81
2015/12/09	2139.49	2164.11	2137.39	2148.78
2015/12/10	2148.29	2163.73	2127.43	2132.40
2015/12/11	2128.48	2130.96	2109.78	2129.58
2015/12/14	2110.20	2170.98	2108.68	2168.27
2015/12/15	2168.39	2188.97	2167.56	2186.05
2015/12/16	2188.32	2194.06	2175.35	2181.78
2015/12/17	2192.64	2226.99	2192.64	2226.41
2015/12/18	2226.74	2255.75	2216.82	2253.26
2015/12/21	2246.00	2376.29	2242.96	2361.09
2015/12/22	2360.75	2363.24	2320.33	2345.55
2015/12/23	2344.39	2361.05	2315.65	2320.75
2015/12/24	2317.04	2331.06	2301.59	2323.21
2015/12/25	2327.43	2332.50	2299.43	2312.15
2015/12/28	2321.21	2331.79	2259.74	2259.89
2015/12/29	2257.86	2294.48	2252.71	2293.97
2015/12/30	2295.78	2310.26	2281.92	2298.64
2015/12/31	2301.66	2319.59	2289.50	2302.35
2016/01/04	2296.70	2296.70	2135.60	2136.70
2016/01/05	2075.53	2165.44	2074.32	2142.28
2016/01/06	2143.52	2187.14	2129.79	2187.12
2016/01/07	2152.48	2152.59	2026.93	2032.68
2016/01/08	2077.09	2099.38	1998.03	2063.03
2016/01/11	2031.33	2045.91	1948.26	1948.26
2016/01/12	1957.50	1973.96	1924.37	1941.18
2016/01/13	1952.93	1985.87	1914.51	1915.55
2016/01/14	1875.32	1966.28	1868.76	1959.21
2016/01/15	1952.48	1964.64	1891.12	1901.56
2016/01/18	1861.75	1922.63	1860.90	1904.05
2016/01/19	1892.67	1962.06	1888.23	1960.57
2016/01/20	1942.41	1958.11	1903.21	1922.28
2016/01/21	1897.94	1941.98	1860.96	1862.00
2016/01/22	1883.65	1890.70	1840.38	1878.13
2016/01/25	1890.04	1914.64	1883.99	1900.59
2016/01/26	1888.65	1907.14	1795.74	1804.74
2016/01/27	1809.22	1815.75	1724.74	1790.42
2016/01/28	1781.53	1795.44	1731.39	1737.38
2016/01/29	1735.31	1807.88	1735.31	1795.66
2016/02/01	1790.57	1805.03	1765.10	1782.64
2016/02/02	1785.44	1825.92	1785.39	1819.74
2016/02/03	1801.64	1818.07	1786.35	1817.06
2016/02/04	1824.07	1845.66	1822.83	1833.01
2016/02/05	1834.51	1837.51	1805.26	1806.21
2016/02/15	1755.77	1783.96	1752.29	1775.94
2016/02/16	1781.90	1834.67	1781.90	1833.28
2016/02/17	1827.33	1840.74	1814.84	1840.67
2016/02/18	1849.17	1854.26	1829.19	1831.77
2016/02/19	1827.07	1837.62	1815.21	1830.77
2016/02/22	1848.22	1875.06	1843.77	1875.06
2016/02/23	1874.32	1918.01	1872.02	1907.91
2016/02/24	1896.78	1916.07	1886.26	1916.07
2016/02/25	1912.29	1912.29	1777.46	1787.22
2016/02/26	1796.40	1826.93	1777.00	1809.45
2016/02/29	1810.78	1818.01	1717.87	1735.79
2016/03/01	1740.60	1778.87	1727.33	1769.95
2016/03/02	1769.75	1856.61	1769.75	1852.43
2016/03/03	1852.88	1904.37	1847.35	1871.30
2016/03/04	1865.20	1890.49	1842.69	1884.93
2016/03/07	1889.42	1927.46	1889.42	1911.46
2016/03/08	1905.67	1905.67	1846.15	1897.01
2016/03/09	1865.78	1887.12	1852.76	1866.72
2016/03/10	1867.99	1904.87	1867.05	1873.86
2016/03/11	1859.94	1886.84	1842.06	1867.12
2016/03/14	1881.91	1919.33	1881.91	1894.29
2016/03/15	1887.69	1905.09	1874.39	1894.77
2016/03/16	1892.71	1900.70	1863.59	1882.29
2016/03/17	1888.40	1924.50	1880.16	1912.64
2016/03/18	1918.54	1953.95	1910.66	1945.13
2016/03/21	1951.41	1977.25	1945.49	1977.18
2016/03/22	1969.73	1996.67	1960.92	1978.03
2016/03/23	1970.63	1982.21	1958.60	1978.93
2016/03/24	1966.98	2009.33	1957.61	1983.50
2016/03/25	1980.57	2018.23	1980.57	2005.99
2016/03/28	2011.48	2079.13	2011.48	2042.68
2016/03/29	2040.86	2044.37	1984.64	2001.52
2016/03/30	2012.98	2041.88	2008.90	2041.81
2016/03/31	2045.37	2050.99	2031.20	2041.26
2016/04/01	2037.11	2043.91	2009.71	2027.32
2016/04/05	2023.10	2060.29	2021.57	2057.24
2016/04/06	2053.55	2095.00	2051.94	2094.60
2016/04/07	2096.09	2097.28	2048.54	2049.14
2016/04/08	2033.26	2047.26	2002.01	2019.75
2016/04/11	2030.77	2055.09	2030.77	2034.02
2016/04/12	2030.97	2035.06	2007.86	2028.84
2016/04/13	2030.65	2065.32	2030.65	2043.10
2016/04/14	2051.83	2062.45	2042.26	2062.34
2016/04/15	2060.68	2066.01	2051.65	2060.92
2016/04/18	2049.13	2049.13	2024.30	2031.94
2016/04/19	2038.79	2044.68	2018.50	2034.10
2016/04/20	2036.38	2037.56	1945.62	1969.31
2016/04/21	1968.63	1990.25	1964.93	1971.30
2016/04/22	1964.85	1998.36	1960.98	1998.24
2016/04/25	1994.30	2009.90	1986.00	2006.23
2016/04/26	2005.26	2022.27	2003.77	2021.02
2016/04/27	2022.58	2034.87	2018.70	2025.68
2016/04/28	2027.85	2029.22	2001.14	2021.55
2016/04/29	2030.26	2067.63	2029.13	2056.58
2016/05/03	2056.69	2167.27	2048.72	2166.57
2016/05/04	2164.55	2180.84	2141.22	2146.92
2016/05/05	2143.63	2156.48	2133.49	2152.42
2016/05/06	2151.75	2155.07	2076.78	2076.79
2016/05/09	2065.66	2079.91	2050.08	2063.91
2016/05/10	2057.12	2104.05	2046.80	2087.14
2016/05/11	2093.20	2181.85	2092.29	2138.93
2016/05/12	2106.93	2119.72	2060.95	2118.38
2016/05/13	2109.78	2163.00	2090.93	2104.69
2016/05/16	2094.30	2131.50	2065.15	2131.29
2016/05/17	2148.50	2148.61	2105.45	2105.84
2016/05/18	2088.72	2105.60	2041.64	2067.18
2016/05/19	2068.34	2090.19	2056.62	2063.57
2016/05/20	2051.94	2084.18	2044.71	2083.77
2016/05/23	2080.53	2105.60	2079.15	2105.49
2016/05/24	2102.11	2102.11	2064.15	2071.55
2016/05/25	2083.69	2087.76	2049.78	2061.77
2016/05/26	2060.24	2068.70	2019.29	2054.22
2016/05/27	2052.55	2078.54	2050.26	2066.60
2016/05/30	2057.66	2073.62	2037.16	2061.38
2016/05/31	2062.39	2135.11	2062.39	2133.72
2016/06/01	2134.87	2147.67	2129.48	2136.58
2016/06/02	2137.20	2164.12	2136.71	2164.12
2016/06/03	2160.68	2251.18	2159.11	2227.38
2016/06/06	2225.64	2226.63	2197.71	2215.11
2016/06/07	2214.80	2233.75	2209.64	2233.32
2016/06/08	2228.85	2228.85	2185.96	2196.54
2016/06/13	2171.68	2207.35	2127.60	2127.78
2016/06/14	2121.49	2174.77	2120.81	2173.88
2016/06/15	2151.01	2237.94	2145.88	2226.62
2016/06/16	2219.53	2255.53	2210.51	2232.25
2016/06/17	2231.11	2288.10	2231.11	2265.58
2016/06/20	2257.78	2259.81	2219.77	2251.42
2016/06/21	2258.59	2263.69	2213.18	2222.86
2016/06/22	2211.89	2246.89	2211.89	2246.64
2016/06/23	2244.71	2254.94	2214.53	2232.43
2016/06/24	2226.41	2242.07	2153.88	2203.48
2016/06/27	2194.54	2269.37	2194.54	2268.69
2016/06/28	2259.17	2276.94	2251.52	2276.84
2016/06/29	2279.56	2284.11	2253.10	2264.85
2016/06/30	2269.23	2319.30	2269.23	2283.70
2016/07/01	2275.41	2288.66	2259.74	2267.03
2016/07/04	2259.62	2299.44	2257.17	2294.40
2016/07/05	2296.39	2325.56	2295.58	2317.50
2016/07/06	2311.65	2443.08	2307.79	2441.34
2016/07/07	2427.08	2441.63	2394.60	2404.27
2016/07/08	2395.72	2412.80	2381.36	2405.08
2016/07/11	2403.48	2535.26	2403.46	2466.81
2016/07/12	2457.57	2527.80	2457.37	2496.56
2016/07/13	2488.33	2488.67	2441.50	2460.06
2016/07/14	2455.08	2479.20	2430.90	2449.41
2016/07/15	2448.02	2462.57	2430.03	2457.73
2016/07/18	2446.94	2459.28	2430.21	2436.82
2016/07/19	2435.62	2435.90	2363.45	2384.81
2016/07/20	2385.85	2396.74	2375.94	2380.80
2016/07/21	2381.83	2417.16	2381.83	2397.00
2016/07/22	2392.42	2393.86	2356.97	2359.28
2016/07/25	2350.54	2385.23	2350.50	2366.12
2016/07/26	2364.63	2422.35	2359.57	2422.04
2016/07/27	2418.84	2422.47	2305.14	2357.77
2016/07/28	2343.38	2398.19	2338.58	2374.33
2016/07/29	2374.19	2406.44	2362.53	2369.77
2016/08/01	2353.79	2353.79	2278.00	2294.04
2016/08/02	2281.90	2298.73	2268.61	2296.65
2016/08/03	2290.79	2305.81	2281.92	2299.29
2016/08/04	2296.76	2306.88	2282.39	2303.53
2016/08/05	2302.01	2313.29	2292.77	2295.87
2016/08/08	2290.97	2325.02	2276.25	2325.02
2016/08/09	2318.79	2371.79	2316.75	2365.06
2016/08/10	2357.53	2371.03	2353.23	2360.00
2016/08/11	2356.61	2385.75	2351.11	2351.25
2016/08/12	2340.22	2354.37	2318.36	2354.32
2016/08/15	2352.97	2410.78	2348.49	2400.65
2016/08/16	2406.91	2415.61	2370.74	2374.54
2016/08/17	2376.78	2397.40	2365.43	2384.85
2016/08/18	2381.33	2388.36	2367.20	2375.05
2016/08/19	2371.32	2380.55	2359.39	2367.31
2016/08/22	2364.35	2375.55	2352.97	2353.74
2016/08/23	2349.32	2362.80	2329.66	2344.49
2016/08/24	2342.68	2348.73	2329.88	2336.32
2016/08/25	2326.15	2326.15	2295.33	2315.59
2016/08/26	2317.85	2333.24	2310.41	2314.21
2016/08/29	2316.38	2323.58	2306.55	2312.32
2016/08/30	2313.85	2323.55	2306.76	2312.40
2016/08/31	2318.47	2330.90	2316.82	2330.63
2016/09/01	2331.98	2333.28	2310.47	2311.41
2016/09/02	2303.78	2310.07	2287.11	2292.53
2016/09/05	2295.93	2314.15	2292.25	2305.08
2016/09/06	2303.64	2329.63	2286.09	2329.40
2016/09/07	2327.60	2327.60	2308.83	2313.42
2016/09/08	2311.88	2315.89	2301.34	2310.63
2016/09/09	2313.29	2317.07	2288.32	2289.28
2016/09/12	2254.15	2260.93	2214.91	2215.55
2016/09/13	2225.87	2232.11	2214.40	2231.75
2016/09/14	2222.99	2241.64	2212.01	2231.98
2016/09/19	2232.07	2254.80	2231.90	2254.66
2016/09/20	2254.05	2255.93	2245.20	2248.60
2016/09/21	2250.18	2253.95	2242.76	2247.81
2016/09/22	2255.78	2280.91	2254.64	2275.54
2016/09/23	2275.56	2280.08	2268.49	2274.90
2016/09/26	2268.98	2269.64	2219.75	2220.77
2016/09/27	2218.37	2235.10	2213.44	2235.08
2016/09/28	2242.96	2242.96	2225.98	2230.40
2016/09/29	2229.76	2257.82	2229.76	2248.34
2016/09/30	2243.39	2292.36	2242.05	2276.17
2016/10/10	2286.02	2315.84	2284.83	2315.40
2016/10/11	2313.13	2326.84	2311.42	2326.64
2016/10/12	2318.86	2329.74	2312.98	2326.64
2016/10/13	2326.83	2336.29	2320.39	2322.72
2016/10/14	2318.17	2329.34	2315.30	2324.88
2016/10/17	2327.48	2339.44	2307.17	2313.07
2016/10/18	2313.63	2353.72	2313.30	2353.25
2016/10/19	2353.97	2366.13	2347.94	2365.80
2016/10/20	2362.45	2369.33	2349.45	2350.54
2016/10/21	2350.80	2351.80	2319.84	2338.76
2016/10/24	2336.43	2357.88	2335.46	2353.55
2016/10/25	2352.86	2397.00	2351.79	2396.61
2016/10/26	2391.41	2475.16	2389.81	2429.17
2016/10/27	2421.65	2427.86	2404.85	2422.79
2016/10/28	2418.51	2438.93	2413.34	2420.69
2016/10/31	2415.33	2423.65	2395.53	2416.53
2016/11/01	2415.38	2448.64	2409.12	2448.62
2016/11/02	2440.67	2440.67	2414.67	2414.80
2016/11/03	2406.03	2436.32	2404.38	2427.09
2016/11/04	2422.66	2432.19	2392.37	2401.48
2016/11/07	2397.10	2405.54	2383.08	2398.09
2016/11/08	2404.47	2437.28	2402.45	2424.97
2016/11/09	2425.15	2426.98	2377.44	2410.70
2016/11/10	2426.55	2435.60	2424.89	2433.18
2016/11/11	2432.53	2432.77	2413.72	2424.54
2016/11/14	2425.57	2429.64	2402.33	2415.34
2016/11/15	2412.93	2441.01	2410.54	2439.88
2016/11/16	2436.16	2436.16	2421.87	2423.91
2016/11/17	2419.41	2423.93	2405.89	2411.20
2016/11/18	2410.21	2412.35	2394.46	2396.53
2016/11/21	2398.05	2409.64	2392.14	2397.75
2016/11/22	2398.91	2404.60	2395.29	2404.39
2016/11/23	2410.56	2426.70	2407.53	2426.38
2016/11/24	2426.77	2438.51	2413.30	2434.10
2016/11/25	2432.72	2442.98	2408.07	2441.08
2016/11/28	2452.93	2464.87	2436.01	2440.04
2016/11/29	2437.65	2495.67	2434.14	2463.46
2016/11/30	2454.58	2456.96	2423.28	2428.33
2016/12/01	2431.35	2449.11	2419.52	2432.86
2016/12/02	2437.56	2447.99	2412.56	2414.86
2016/12/05	2390.72	2425.10	2389.01	2394.36
2016/12/06	2396.30	2427.30	2396.30	2423.66
2016/12/07	2431.38	2434.23	2408.42	2430.29
2016/12/08	2429.80	2488.85	2425.79	2458.48
2016/12/09	2451.99	2469.58	2447.56	2452.19
2016/12/12	2456.33	2468.24	2356.49	2358.46
2016/12/13	2352.85	2423.88	2349.06	2422.32
2016/12/14	2417.03	2433.58	2403.35	2407.06
2016/12/15	2403.56	2420.64	2379.66	2401.73
2016/12/16	2395.71	2408.74	2388.98	2404.02
2016/12/19	2397.52	2431.53	2397.52	2412.78
2016/12/20	2407.54	2409.03	2385.57	2390.39
2016/12/21	2390.75	2406.44	2390.75	2405.90
2016/12/22	2401.11	2402.83	2381.28	2386.45
2016/12/23	2379.42	2382.37	2343.34	2345.36
2016/12/26	2328.56	2351.76	2307.22	2350.91
2016/12/27	2350.21	2365.41	2345.88	2354.08
2016/12/28	2353.68	2358.42	2338.92	2344.88
2016/12/29	2342.35	2356.77	2333.07	2347.81
2016/12/30	2352.17	2389.19	2352.07	2385.96
2017/01/03	2388.47	2405.13	2386.13	2402.42
2017/01/04	2401.58	2464.70	2397.81	2464.40
2017/01/05	2459.13	2469.66	2449.37	2454.51
2017/01/06	2445.60	2470.23	2443.19	2445.01
2017/01/09	2436.15	2452.07	2435.28	2447.48
2017/01/10	2448.96	2468.64	2445.81	2451.29
2017/01/11	2447.15	2447.69	2412.13	2415.81
2017/01/12	2418.39	2421.65	2393.26	2397.83
2017/01/13	2395.93	2399.40	2366.31	2370.30
2017/01/16	2364.08	2365.58	2280.53	2332.02
2017/01/17	2320.80	2360.06	2318.83	2359.71
2017/01/18	2357.03	2394.68	2354.33	2386.30
2017/01/19	2385.59	2386.38	2365.08	2368.97
2017/01/20	2367.55	2388.72	2367.48	2386.90
2017/01/23	2389.10	2421.83	2387.40	2398.22
2017/01/24	2398.09	2406.21	2387.36	2399.43
2017/01/25	2395.82	2405.89	2385.14	2402.28
2017/01/26	2406.45	2410.56	2397.10	2399.51
2017/02/03	2402.96	2406.49	2384.45	2386.96
2017/02/06	2387.64	2405.50	2385.19	2404.12
2017/02/07	2404.32	2407.98	2387.41	2402.14
2017/02/08	2398.13	2417.30	2393.31	2416.68
2017/02/09	2418.17	2455.09	2417.69	2453.39
2017/02/10	2455.97	2479.00	2454.00	2460.37
2017/02/13	2464.48	2546.27	2460.56	2520.34
2017/02/14	2517.35	2537.32	2507.90	2532.93
2017/02/15	2533.27	2550.23	2502.12	2506.70
2017/02/16	2504.55	2511.33	2497.12	2510.85
2017/02/17	2518.53	2558.12	2516.69	2534.02
2017/02/20	2533.76	2622.43	2533.76	2618.55
2017/02/21	2618.14	2623.22	2598.53	2614.95
2017/02/22	2617.28	2665.42	2617.28	2654.16
2017/02/23	2645.23	2692.72	2617.97	2631.24
2017/02/24	2624.62	2629.40	2609.04	2628.95
2017/02/27	2618.96	2621.42	2563.45	2566.32
2017/02/28	2567.04	2585.63	2562.40	2578.67
2017/03/01	2577.35	2621.31	2577.35	2597.23
2017/03/02	2597.68	2609.19	2582.40	2596.79
2017/03/03	2587.18	2619.03	2584.64	2606.68
2017/03/06	2603.84	2623.12	2594.46	2621.97
2017/03/07	2619.23	2673.46	2616.85	2673.28
2017/03/08	2669.36	2669.82	2646.95	2657.40
2017/03/09	2655.69	2657.09	2622.80	2642.34
2017/03/10	2637.89	2682.90	2634.51	2647.87
2017/03/13	2643.19	2690.75	2639.87	2690.59
2017/03/14	2690.26	2701.40	2655.98	2666.62
2017/03/15	2659.53	2680.31	2658.55	2671.13
2017/03/16	2680.77	2694.51	2658.63	2669.64
2017/03/17	2664.75	2701.15	2660.70	2667.11
2017/03/20	2667.88	2683.96	2658.72	2681.22
2017/03/21	2685.59	2766.50	2683.79	2766.18
2017/03/22	2742.75	2773.88	2723.91	2767.95
2017/03/23	2760.28	2762.20	2712.68	2746.23
2017/03/24	2750.11	2775.04	2733.07	2741.29
2017/03/27	2734.85	2734.85	2685.97	2698.53
2017/03/28	2698.63	2702.89	2676.00	2689.30
2017/03/29	2684.88	2706.84	2682.15	2688.20
2017/03/30	2686.28	2693.65	2636.18	2654.06
2017/03/31	2651.74	2665.62	2644.34	2657.68
2017/04/05	2657.32	2702.31	2657.32	2683.93
2017/04/06	2680.24	2686.91	2659.72	2682.63
2017/04/07	2679.42	2679.54	2658.75	2664.97
2017/04/10	2662.08	2662.08	2598.18	2599.84
2017/04/11	2592.99	2611.41	2551.21	2597.16
2017/04/12	2593.40	2632.73	2580.37	2621.41
2017/04/13	2617.39	2664.16	2614.55	2654.72
2017/04/14	2654.15	2656.10	2615.25	2622.39
2017/04/17	2610.56	2644.31	2602.74	2627.00
2017/04/18	2626.50	2688.00	2624.85	2673.70
2017/04/19	2673.69	2695.52	2641.39	2663.60
2017/04/20	2664.56	2765.88	2663.49	2738.56
2017/04/21	2734.14	2744.95	2687.88	2695.72
2017/04/24	2676.27	2676.73	2603.53	2626.99
2017/04/25	2638.14	2704.86	2638.14	2691.54
2017/04/26	2691.68	2742.91	2660.44	2670.85
2017/04/27	2655.61	2676.87	2623.51	2675.56
2017/04/28	2669.30	2673.41	2580.16	2609.67
2017/05/02	2584.03	2594.21	2563.67	2583.11
2017/05/03	2580.39	2619.66	2580.39	2599.74
2017/05/04	2595.30	2610.88	2583.13	2591.97
2017/05/05	2589.99	2597.13	2569.71	2570.53
2017/05/08	2564.86	2565.13	2515.31	2515.31
2017/05/09	2508.39	2535.90	2486.53	2535.52
2017/05/10	2536.30	2565.18	2510.98	2512.10
2017/05/11	2503.92	2524.14	2481.60	2517.81
2017/05/12	2514.25	2522.07	2492.50	2519.02
2017/05/15	2518.54	2563.28	2517.66	2550.98
2017/05/16	2548.25	2618.50	2540.05	2617.75
2017/05/17	2613.99	2616.18	2583.56	2585.03
2017/05/18	2572.53	2599.85	2567.43	2574.86
2017/05/19	2570.75	2596.84	2570.75	2590.79
2017/05/22	2589.17	2603.05	2559.62	2569.12
2017/05/23	2565.45	2620.90	2563.23	2600.78
2017/05/24	2590.48	2590.55	2541.30	2586.67
2017/05/25	2580.47	2598.84	2571.28	2598.06
2017/05/26	2601.52	2611.93	2582.07	2601.93
2017/05/31	2601.38	2612.60	2568.73	2590.94
2017/06/01	2578.82	2598.15	2569.30	2586.06
2017/06/02	2582.39	2586.41	2553.33	2578.00
2017/06/05	2578.67	2582.33	2557.98	2561.70
2017/06/06	2558.00	2601.20	2557.39	2600.89
2017/06/07	2601.74	2677.97	2600.72	2677.75
2017/06/08	2676.43	2721.02	2672.29	2702.33
2017/06/09	2696.79	2752.98	2696.79	2724.11
2017/06/12	2727.24	2807.48	2723.48	2765.76
2017/06/13	2760.32	2763.66	2724.60	2763.22
2017/06/14	2754.07	2778.60	2730.13	2745.45
2017/06/15	2740.63	2743.89	2705.09	2713.64
2017/06/16	2699.69	2720.38	2677.46	2689.33
2017/06/19	2686.73	2708.10	2681.94	2699.70
2017/06/20	2702.70	2709.86	2685.52	2692.14
2017/06/21	2699.64	2739.78	2677.18	2739.78
2017/06/22	2735.13	2750.07	2711.70	2713.60
2017/06/23	2708.38	2726.18	2687.97	2725.68
2017/06/26	2725.53	2795.97	2725.53	2795.74
2017/06/27	2794.38	2802.62	2776.09	2795.75
2017/06/28	2789.77	2789.77	2749.49	2753.32
2017/06/29	2755.80	2761.43	2743.53	2755.21
2017/06/30	2743.65	2769.98	2736.06	2765.23
2017/07/03	2767.54	2768.29	2712.69	2731.87
2017/07/04	2723.86	2723.86	2689.32	2701.48
2017/07/05	2697.27	2725.54	2695.31	2725.24
2017/07/06	2722.79	2723.94	2685.86	2711.61
2017/07/07	2702.19	2702.19	2677.74	2694.31
2017/07/10	2689.26	2715.25	2676.46	2711.19
2017/07/11	2706.32	2745.80	2704.96	2721.99
2017/07/12	2726.10	2726.10	2685.29	2697.86
2017/07/13	2697.57	2728.06	2697.28	2715.52
2017/07/14	2710.49	2736.74	2701.11	2735.53
2017/07/17	2735.55	2735.64	2626.63	2644.93
2017/07/18	2641.18	2669.73	2619.67	2669.52
2017/07/19	2667.90	2713.89	2666.06	2713.01
2017/07/20	2712.93	2751.52	2708.51	2750.90
2017/07/21	2753.02	2796.26	2743.88	2784.36
2017/07/24	2779.77	2848.44	2779.77	2824.23
2017/07/25	2831.05	2833.90	2799.52	2811.15
2017/07/26	2807.93	2827.46	2758.13	2782.37
2017/07/27	2788.75	2811.53	2780.03	2805.17
2017/07/28	2796.51	2905.14	2790.89	2904.46
2017/07/31	2903.95	2996.93	2903.50	2947.21
2017/08/01	2946.29	2955.52	2915.41	2949.32
2017/08/02	2936.94	2943.85	2901.27	2912.83
2017/08/03	2911.16	2926.83	2877.80	2886.47
2017/08/04	2879.69	2888.64	2853.64	2861.85
2017/08/07	2852.87	2955.64	2848.54	2955.27
2017/08/08	2952.41	2977.00	2932.59	2942.35
2017/08/09	2936.40	3056.95	2927.68	3034.14
2017/08/10	3028.44	3123.65	3020.54	3058.91
2017/08/11	3041.10	3062.48	2966.21	2979.44
2017/08/14	2983.52	3059.77	2983.52	3023.04
2017/08/15	3021.45	3033.26	2999.73	3017.92
2017/08/16	3015.60	3020.06	2997.57	3008.68
2017/08/17	3002.95	3008.89	2968.34	2986.18
2017/08/18	2974.69	2991.58	2962.51	2971.62
2017/08/21	2967.65	2984.19	2942.73	2958.33
2017/08/22	2952.61	2952.61	2875.76	2904.49
2017/08/23	2893.24	2934.70	2892.08	2930.39
2017/08/24	2926.97	2927.52	2877.02	2880.71
2017/08/25	2885.35	2916.19	2881.71	2913.53
2017/08/28	2932.41	2977.50	2932.41	2946.74
2017/08/29	2939.92	2969.42	2928.19	2960.56
2017/08/30	2960.83	2984.57	2950.90	2980.61
2017/08/31	2980.71	2991.82	2936.75	2964.15
2017/09/01	2957.99	2973.00	2949.36	2972.54
2017/09/04	2967.28	2967.28	2932.37	2943.21
2017/09/05	2938.15	2953.35	2934.50	2946.01
2017/09/06	2941.00	2941.00	2922.36	2924.43
2017/09/07	2926.40	2927.67	2892.29	2908.24
2017/09/08	2898.24	2899.40	2865.43	2870.99
2017/09/11	2858.53	2903.01	2840.82	2896.37
2017/09/12	2889.64	2962.98	2886.36	2962.66
2017/09/13	2961.19	3045.86	2960.39	3020.74
2017/09/14	3014.95	3025.65	2993.77	3014.10
2017/09/15	3008.27	3027.47	2989.09	2996.41
2017/09/18	3000.90	3078.66	3000.24	3077.88
2017/09/19	3082.36	3095.26	3039.77	3052.44
2017/09/20	3069.29	3130.56	3065.99	3086.34
2017/09/21	3089.34	3091.65	3056.78	3056.88
2017/09/22	3045.47	3070.68	3040.05	3060.15
2017/09/25	3058.99	3115.26	3058.95	3105.56
2017/09/26	3100.00	3115.41	3072.95	3096.97
2017/09/27	3087.57	3102.92	3070.38	3087.32
2017/09/28	3082.99	3175.46	3082.99	3156.06
2017/09/29	3150.33	3195.88	3123.77	3136.59
2017/10/09	3162.32	3197.64	3136.40	3158.34
2017/10/10	3161.38	3200.97	3152.67	3200.05
2017/10/11	3195.33	3314.70	3188.92	3289.38
2017/10/12	3281.57	3289.01	3241.42	3262.24
2017/10/13	3262.16	3290.81	3256.33	3273.72
2017/10/16	3266.06	3276.06	3192.89	3202.10
2017/10/17	3198.25	3222.83	3179.60	3200.00
2017/10/18	3199.38	3242.91	3187.47	3241.99
2017/10/19	3237.74	3327.57	3234.92	3305.71
2017/10/20	3287.06	3287.34	3236.95	3257.41
2017/10/23	3253.39	3281.76	3232.45	3274.75
2017/10/24	3268.69	3283.75	3250.20	3282.39
2017/10/25	3279.07	3281.92	3241.17	3254.92
2017/10/26	3348.96	3390.18	3303.57	3314.23
2017/10/27	3302.04	3417.40	3272.82	3389.49
2017/10/30	3358.30	3375.62	3290.08	3359.27
2017/10/31	3337.78	3373.56	3320.62	3365.69
2017/11/01	3367.55	3422.74	3366.58	3380.48
2017/11/02	3382.65	3427.22	3378.51	3396.87
2017/11/03	3393.89	3441.99	3392.35	3407.00
2017/11/06	3420.41	3511.82	3408.29	3511.38
2017/11/07	3504.13	3568.09	3482.17	3496.82
2017/11/08	3507.95	3529.67	3459.37	3477.46
2017/11/09	3473.02	3486.46	3426.68	3485.92
2017/11/10	3474.54	3573.39	3465.41	3564.73
2017/11/13	3562.38	3565.98	3518.78	3532.49
2017/11/14	3527.35	3528.36	3433.81	3439.76
2017/11/15	3445.09	3493.51	3437.54	3489.06
2017/11/16	3479.91	3580.41	3478.05	3571.78
2017/11/17	3516.96	3533.55	3429.81	3456.34
2017/11/20	3425.26	3425.54	3306.48	3409.95
2017/11/21	3391.73	3474.97	3370.75	3474.78
2017/11/22	3474.52	3508.20	3364.21	3376.64
2017/11/23	3346.98	3346.98	3223.83	3226.35
2017/11/24	3216.61	3244.01	3154.50	3226.39
2017/11/27	3211.80	3231.57	3138.50	3184.14
2017/11/28	3170.14	3250.96	3166.32	3233.30
2017/11/29	3245.75	3247.06	3149.46	3179.95
2017/11/30	3174.31	3200.06	3131.03	3147.89
2017/12/01	3158.03	3181.89	3140.08	3154.93
2017/12/04	3157.32	3265.02	3134.92	3243.96
2017/12/05	3235.34	3291.60	3209.27	3222.78
2017/12/06	3217.19	3255.89	3177.07	3216.00
2017/12/07	3213.09	3218.77	3161.08	3169.27
2017/12/08	3166.02	3226.43	3164.40	3224.11
2017/12/11	3230.78	3319.77	3230.78	3316.10
2017/12/12	3322.66	3339.77	3301.13	3305.60
2017/12/13	3306.74	3396.04	3296.59	3394.07
2017/12/14	3393.16	3410.17	3369.91	3390.26
2017/12/15	3383.06	3422.03	3351.78	3361.55
2017/12/18	3380.38	3444.65	3380.38	3407.63
2017/12/19	3402.37	3467.73	3398.82	3437.14
2017/12/20	3439.80	3510.33	3417.50	3502.45
2017/12/21	3487.94	3526.74	3468.57	3492.45
2017/12/22	3484.36	3494.99	3443.85	3463.28
2017/12/25	3470.49	3509.35	3442.99	3473.01
2017/12/26	3469.84	3480.58	3417.90	3455.04
2017/12/27	3452.63	3458.42	3385.82	3389.87
2017/12/28	3445.92	3516.20	3417.03	3499.44
2017/12/29	3502.85	3529.85	3434.33	3469.68
2018/01/02	3473.70	3484.43	3434.46	3478.16
2018/01/03	3475.68	3494.96	3445.30	3488.23
2018/01/04	3483.80	3576.26	3481.19	3569.04
2018/01/05	3591.39	3604.35	3563.47	3593.94
2018/01/08	3576.09	3612.44	3538.12	3589.98
2018/01/09	3585.12	3702.33	3579.19	3684.89
2018/01/10	3676.46	3739.14	3655.38	3738.90
2018/01/11	3731.73	3732.29	3683.66	3707.07
2018/01/12	3696.69	3753.47	3681.89	3747.96
2018/01/15	3748.86	3804.33	3748.19	3763.87
2018/01/16	3752.12	3898.84	3742.57	3835.03
2018/01/17	3824.20	3838.27	3709.78	3720.02
2018/01/18	3722.68	3810.82	3722.68	3774.26
2018/01/19	3771.90	3771.90	3695.26	3715.58
2018/01/22	3729.86	3827.95	3729.86	3827.48
2018/01/23	3827.57	3832.97	3794.92	3818.69
2018/01/24	3817.01	3817.17	3752.88	3766.20
2018/01/25	3756.58	3766.74	3686.22	3733.02
2018/01/26	3727.93	3761.58	3715.17	3757.08
2018/01/29	3756.89	3757.13	3589.13	3599.81
2018/01/30	3579.13	3605.37	3540.10	3575.02
2018/01/31	3572.11	3645.73	3572.11	3620.99
2018/02/01	3602.70	3602.71	3482.66	3517.71
2018/02/02	3496.15	3515.47	3438.93	3497.71
2018/02/05	3393.19	3400.63	3282.71	3358.32
2018/02/06	3255.39	3351.44	3252.16	3282.89
2018/02/07	3334.76	3354.32	3186.67	3191.67
2018/02/08	3187.88	3289.55	3184.77	3257.47
2018/02/09	3169.13	3194.69	3080.63	3192.83
2018/02/12	3211.70	3316.57	3211.70	3295.07
2018/02/13	3315.16	3354.38	3293.76	3299.89
2018/02/14	3313.27	3338.80	3293.37	3331.86
2018/02/22	3368.22	3435.05	3368.22	3434.41
2018/02/23	3439.39	3457.59	3396.36	3424.28
2018/02/26	3435.23	3445.42	3372.87	3428.03
2018/02/27	3439.34	3440.53	3381.44	3385.25
2018/02/28	3323.88	3352.49	3273.91	3304.86
2018/03/01	3297.12	3360.89	3285.25	3347.65
2018/03/02	3328.67	3346.29	3305.35	3318.73
2018/03/05	3322.32	3339.82	3266.16	3272.07
2018/03/06	3288.17	3302.76	3211.12	3301.45
2018/03/07	3296.81	3358.85	3290.95	3301.98
2018/03/08	3308.34	3365.55	3289.24	3364.77
2018/03/09	3379.37	3416.99	3379.28	3401.46
2018/03/12	3423.17	3432.95	3368.84	3402.91
2018/03/13	3396.70	3400.86	3354.95	3355.18
2018/03/14	3348.56	3395.62	3334.46	3391.36
2018/03/15	3386.92	3467.36	3386.70	3453.12
2018/03/16	3455.74	3469.78	3415.58	3416.46
2018/03/19	3416.51	3444.81	3393.80	3434.94
2018/03/20	3411.99	3411.99	3381.30	3399.96
2018/03/21	3405.38	3422.47	3370.41	3378.35
2018/03/22	3373.69	3384.48	3300.96	3312.08
2018/03/23	3212.62	3266.20	3166.32	3214.27
2018/03/26	3193.51	3238.03	3161.79	3237.93
2018/03/27	3265.05	3284.97	3209.52	3238.27
2018/03/28	3197.20	3206.25	3109.94	3114.91
2018/03/29	3124.01	3219.40	3084.34	3212.58
2018/03/30	3209.51	3240.32	3192.52	3212.09
2018/04/02	3202.56	3253.35	3188.62	3208.09
2018/04/03	3186.44	3257.36	3175.05	3237.76
2018/04/04	3251.67	3374.06	3251.67	3332.79
2018/04/09	3323.91	3360.81	3297.88	3335.62
2018/04/10	3342.64	3370.29	3317.83	3369.57
2018/04/11	3376.99	3411.54	3362.09	3373.03
2018/04/12	3372.98	3391.18	3360.12	3362.50
2018/04/13	3371.32	3396.81	3315.37	3318.83
2018/04/16	3323.26	3355.95	3311.66	3337.05
2018/04/17	3340.03	3354.54	3276.78	3280.85
2018/04/18	3294.63	3305.45	3205.15	3260.86
2018/04/19	3269.73	3338.76	3261.12	3337.37
2018/04/20	3337.44	3374.38	3287.21	3298.18
2018/04/23	3288.54	3313.85	3242.01	3272.16
2018/04/24	3281.07	3379.42	3281.07	3364.25
2018/04/25	3354.22	3364.42	3339.19	3359.46
2018/04/26	3361.24	3363.91	3251.97	3257.05
2018/04/27	3291.72	3318.29	3218.73	3253.68
2018/05/02	3270.90	3329.35	3247.28	3328.17
2018/05/03	3327.32	3409.94	3301.27	3407.96
2018/05/04	3397.12	3443.57	3394.47	3422.57
2018/05/07	3426.73	3628.22	3426.73	3623.55
2018/05/08	3633.57	3671.63	3628.50	3659.29
2018/05/09	3654.19	3666.65	3627.95	3666.45
2018/05/10	3666.35	3742.15	3666.35	3716.22
2018/05/11	3728.08	3765.95	3668.37	3676.01
2018/05/14	3683.60	3749.42	3683.60	3748.67
2018/05/15	3747.49	3785.06	3700.50	3784.14
2018/05/16	3770.94	3838.86	3752.78	3806.18
2018/05/17	3798.39	3802.65	3713.85	3732.84
2018/05/18	3724.08	3763.92	3675.48	3759.03
2018/05/21	3773.25	3797.97	3735.41	3762.14
2018/05/22	3757.84	3792.70	3731.43	3783.86
2018/05/23	3777.26	3785.53	3709.47	3710.69
2018/05/24	3713.99	3732.88	3662.54	3672.25
2018/05/25	3679.94	3755.83	3679.94	3716.40
2018/05/28	3724.95	3905.98	3724.18	3904.47
2018/05/29	3883.43	3965.89	3823.47	3824.00
2018/05/30	3777.75	3919.71	3725.51	3856.97
2018/05/31	3889.99	4010.83	3850.95	3976.01
2018/06/01	3961.16	3981.79	3828.06	3881.44
2018/06/04	3889.49	3990.41	3857.92	3982.77
2018/06/05	3984.72	4064.39	3939.44	4043.01
2018/06/06	4027.40	4068.90	4008.51	4036.49
2018/06/07	4047.88	4048.05	3981.38	4002.41
2018/06/08	3985.20	4025.29	3904.63	3961.09
2018/06/11	3963.48	3988.78	3903.43	3930.91
2018/06/12	3935.71	4089.74	3934.88	4087.47
2018/06/13	4061.66	4088.77	4017.98	4032.35
2018/06/14	4024.29	4048.64	3918.61	3967.79
2018/06/15	3948.92	3956.28	3872.61	3909.52
2018/06/19	3850.49	3860.39	3668.41	3699.15
2018/06/20	3684.70	3823.76	3684.70	3821.59
2018/06/21	3812.79	3878.53	3757.35	3758.47
2018/06/22	3726.48	3778.31	3682.11	3775.53
2018/06/25	3794.10	3898.69	3794.10	3834.16
2018/06/26	3847.03	3915.60	3781.49	3819.39
2018/06/27	3812.48	3837.68	3640.85	3665.64
2018/06/28	3615.89	3627.46	3526.26	3554.40
2018/06/29	3557.85	3676.84	3527.28	3662.55
2018/07/02	3673.27	3766.59	3604.81	3638.42
2018/07/03	3627.54	3649.27	3429.84	3536.93
2018/07/04	3522.75	3570.71	3503.04	3506.66
2018/07/05	3512.62	3593.39	3452.44	3481.40
2018/07/06	3481.62	3518.08	3396.57	3475.50
2018/07/09	3499.40	3587.58	3479.95	3586.73
2018/07/10	3593.11	3627.46	3540.68	3595.15
2018/07/11	3518.09	3575.04	3495.58	3548.08
2018/07/12	3538.27	3670.24	3538.27	3656.52
2018/07/13	3662.10	3756.94	3637.20	3756.54
2018/07/16	3749.85	3786.04	3719.49	3746.90
2018/07/17	3755.97	3756.31	3654.31	3697.71
2018/07/18	3695.56	3714.87	3663.91	3668.32
2018/07/19	3672.49	3685.86	3618.34	3636.06
2018/07/20	3636.74	3649.41	3582.73	3644.22
2018/07/23	3631.93	3631.93	3540.22	3580.57
2018/07/24	3584.91	3705.50	3554.67	3704.62
2018/07/25	3703.84	3704.47	3665.19	3683.19
2018/07/26	3683.60	3703.87	3644.00	3646.62
2018/07/27	3647.13	3711.64	3620.63	3683.87
2018/07/30	3681.26	3685.81	3586.12	3612.67
2018/07/31	3609.83	3649.64	3600.53	3633.62
2018/08/01	3647.60	3654.91	3548.65	3552.23
2018/08/02	3545.62	3545.62	3361.04	3426.74
2018/08/03	3420.11	3420.11	3297.18	3297.87
2018/08/06	3288.32	3315.28	3193.52	3219.01
2018/08/07	3234.25	3302.39	3179.01	3300.74
2018/08/08	3302.14	3302.14	3190.77	3198.68
2018/08/09	3179.81	3292.13	3171.95	3283.66
2018/08/10	3275.35	3333.34	3268.28	3294.25
2018/08/13	3261.91	3261.91	3183.77	3249.40
2018/08/14	3256.68	3305.46	3241.43	3264.03
2018/08/15	3264.98	3265.83	3139.49	3149.52
2018/08/16	3097.10	3159.03	3038.38	3050.59
2018/08/17	3084.70	3104.92	2998.16	3006.35
2018/08/20	2989.62	3004.77	2933.84	3004.77
2018/08/21	2998.26	3115.47	2994.97	3103.76
2018/08/22	3086.39	3104.86	3058.62	3065.76
2018/08/23	3081.21	3107.99	3043.79	3077.96
2018/08/24	3077.98	3077.98	3022.32	3047.89
2018/08/27	3071.91	3180.65	3071.58	3177.73
2018/08/28	3196.63	3200.34	3134.40	3152.82
2018/08/29	3152.72	3156.18	3120.09	3135.80
2018/08/30	3137.87	3177.14	3110.91	3116.81
2018/08/31	3099.46	3099.46	3028.55	3067.30
2018/09/03	3041.49	3064.96	3021.04	3064.96
2018/09/04	3064.20	3088.39	3029.50	3079.17
2018/09/05	3073.38	3073.38	3007.06	3008.29
2018/09/06	2984.88	3021.88	2923.27	2941.04
2018/09/07	2954.14	3016.65	2950.14	2984.92
2018/09/10	2989.14	2991.94	2934.68	2959.68
2018/09/11	2954.75	2984.61	2943.70	2961.85
2018/09/12	2956.98	2958.33	2888.08	2894.82
2018/09/13	2926.98	2939.60	2826.55	2893.59
2018/09/14	2898.29	2978.68	2865.37	2950.25
2018/09/17	2934.83	2984.42	2922.66	2946.21
2018/09/18	2924.72	3033.49	2920.26	3031.11
2018/09/19	3020.42	3143.34	3017.80	3112.92
2018/09/20	3109.13	3128.51	3084.78	3096.33
2018/09/21	3111.76	3203.58	3111.76	3196.52
2018/09/25	3169.90	3207.07	3156.11	3178.64
2018/09/26	3190.39	3316.67	3190.39	3270.65
2018/09/27	3266.58	3278.68	3236.63	3260.97
2018/09/28	3268.70	3283.51	3236.01	3275.62
2018/10/08	3197.94	3203.72	3089.55	3090.52
2018/10/09	3099.65	3126.83	3064.78	3084.01
2018/10/10	3080.40	3084.70	2967.26	2972.87
2018/10/11	2859.23	2958.03	2811.78	2849.04
2018/10/12	2846.54	2929.97	2825.51	2917.75
2018/10/15	2921.05	2932.82	2854.04	2862.66
2018/10/16	2862.64	2905.15	2822.53	2835.47
2018/10/17	2873.29	2885.21	2739.40	2819.65
2018/10/18	2789.76	2803.98	2732.03	2745.19
2018/10/19	2709.67	2857.90	2704.82	2851.86
2018/10/22	2892.05	3030.84	2892.05	3000.13
2018/10/23	2994.17	2994.17	2777.46	2801.65
2018/10/24	2750.32	2781.42	2665.47	2730.24
2018/10/25	2647.53	2685.77	2611.85	2674.79
2018/10/26	2689.41	2704.20	2593.46	2606.50
2018/10/29	2486.26	2486.26	2382.89	2389.61
2018/10/30	2321.94	2406.32	2295.44	2364.65
2018/10/31	2382.22	2464.41	2381.74	2451.29
2018/11/01	2480.52	2574.57	2477.45	2508.13
2018/11/02	2578.16	2647.43	2556.09	2640.89
2018/11/05	2614.47	2614.47	2554.39	2583.66
2018/11/06	2578.82	2578.82	2516.52	2551.35
2018/11/07	2560.12	2589.94	2535.57	2550.29
2018/11/08	2577.87	2591.93	2543.16	2549.96
2018/11/09	2532.28	2550.13	2516.20	2532.80
2018/11/12	2519.19	2537.60	2473.20	2537.60
2018/11/13	2506.19	2626.99	2497.82	2612.52
2018/11/14	2606.86	2606.86	2558.57	2563.37
2018/11/15	2567.69	2586.54	2561.69	2583.31
2018/11/16	2589.95	2607.84	2565.09	2588.08
2018/11/19	2588.07	2643.66	2574.22	2628.74
2018/11/20	2602.46	2609.60	2555.49	2557.70
2018/11/21	2526.89	2593.00	2521.70	2581.52
2018/11/22	2585.82	2590.07	2559.75	2580.24
2018/11/23	2577.99	2579.89	2507.34	2508.93
2018/11/26	2515.73	2528.67	2495.19	2499.68
2018/11/27	2512.16	2514.95	2482.17	2492.36
2018/11/28	2497.88	2533.36	2484.74	2531.53
2018/11/29	2555.01	2590.16	2530.97	2532.60
2018/11/30	2543.54	2607.25	2522.79	2604.58
2018/12/03	2681.28	2746.54	2659.01	2724.36
2018/12/04	2718.86	2737.57	2695.79	2725.31
2018/12/05	2681.78	2769.33	2679.63	2739.35
2018/12/06	2705.85	2721.12	2663.06	2668.72
2018/12/07	2682.70	2707.71	2671.81	2678.75
2018/12/10	2644.70	2681.59	2634.79	2648.50
2018/12/11	2653.60	2677.19	2648.23	2677.10
2018/12/12	2697.48	2716.49	2679.29	2710.70
2018/12/13	2713.22	2778.30	2704.94	2755.25
2018/12/14	2743.46	2753.92	2711.99	2714.88
2018/12/17	2697.24	2711.04	2674.13	2695.48
2018/12/18	2675.19	2697.26	2655.88	2679.68
2018/12/19	2679.03	2713.04	2636.28	2642.23
2018/12/20	2629.84	2644.58	2584.75	2621.29
2018/12/21	2606.67	2610.61	2555.54	2580.89
2018/12/24	2574.56	2613.11	2561.17	2611.55
2018/12/25	2581.17	2605.49	2539.46	2596.92
2018/12/26	2589.43	2607.97	2548.99	2549.21
2018/12/27	2588.61	2592.84	2539.35	2539.35
2018/12/28	2543.50	2583.40	2506.67	2568.85
2019/01/02	2593.29	2612.57	2522.78	2524.29
2019/01/03	2524.65	2526.93	2449.33	2456.45
2019/01/04	2428.01	2525.16	2426.34	2514.62
2019/01/07	2528.82	2543.45	2506.98	2536.97
2019/01/08	2532.59	2541.70	2510.47	2532.45
2019/01/09	2543.87	2609.04	2541.20	2571.27
2019/01/10	2569.36	2571.73	2535.91	2555.70
2019/01/11	2561.46	2598.26	2543.99	2598.03
2019/01/14	2586.08	2591.33	2560.07	2569.36
2019/01/15	2570.83	2743.30	2565.84	2741.39
2019/01/16	2733.06	2733.06	2697.80	2709.56
2019/01/17	2714.14	2737.95	2686.39	2697.99
2019/01/18	2703.63	2782.06	2703.63	2757.33
2019/01/21	2768.40	2849.04	2768.40	2801.04
2019/01/22	2791.61	2791.61	2741.62	2755.03
2019/01/23	2745.00	2782.70	2742.14	2765.99
2019/01/24	2769.29	2796.73	2753.18	2790.45
2019/01/25	2798.31	2814.13	2768.19	2787.79
2019/01/28	2806.73	2874.85	2806.73	2822.10
2019/01/29	2819.71	2845.81	2770.67	2838.19
2019/01/30	2823.32	2851.16	2779.69	2780.08
2019/01/31	2781.89	2829.71	2770.54	2812.68
2019/02/01	2829.02	2859.64	2812.16	2855.21
2019/02/11	2862.93	2992.93	2830.67	2973.07
2019/02/12	2969.09	3008.94	2960.02	2988.55
2019/02/13	2998.63	3026.37	2975.55	3020.35
2019/02/14	3013.04	3108.09	3005.15	3098.26
2019/02/15	3082.92	3084.04	3033.39	3033.80
2019/02/18	3052.74	3160.14	3052.74	3151.96
2019/02/19	3151.71	3174.53	3095.33	3128.05
2019/02/20	3125.86	3156.54	3076.54	3113.25
2019/02/21	3112.57	3127.06	3073.88	3084.11
2019/02/22	3069.86	3112.98	3043.05	3112.98
2019/02/25	3121.82	3229.27	3100.08	3222.19
2019/02/26	3212.14	3213.06	3161.46	3166.15
2019/02/27	3194.01	3320.21	3194.01	3223.58
2019/02/28	3213.79	3282.83	3165.28	3241.81
2019/03/01	3268.34	3358.39	3268.11	3357.40
2019/03/04	3375.02	3468.81	3338.12	3405.95
2019/03/05	3410.26	3443.40	3383.47	3418.20
2019/03/06	3404.46	3406.36	3359.64	3392.83
2019/03/07	3371.79	3371.79	3271.10	3315.30
2019/03/08	3245.47	3291.70	3209.02	3210.99
2019/03/11	3216.55	3340.37	3216.55	3327.36
2019/03/12	3339.26	3351.99	3295.87	3313.24
2019/03/13	3309.89	3355.66	3297.75	3313.53
2019/03/14	3314.47	3389.56	3287.47	3347.42
2019/03/15	3368.13	3482.17	3341.98	3458.12
2019/03/18	3492.37	3732.70	3491.99	3728.63
2019/03/19	3738.44	3776.13	3649.11	3685.83
2019/03/20	3666.07	3796.70	3652.69	3704.62
2019/03/21	3698.55	3708.56	3641.19	3675.67
2019/03/22	3676.61	3751.73	3651.76	3715.07
2019/03/25	3633.29	3671.97	3606.49	3613.74
2019/03/26	3629.64	3673.99	3602.43	3625.10
2019/03/27	3646.42	3778.98	3621.33	3737.34
2019/03/28	3744.51	3821.85	3723.29	3775.14
2019/03/29	3808.72	4004.97	3808.72	3952.61
2019/04/01	3942.90	4047.09	3926.46	4037.78
2019/04/02	4020.91	4021.58	3952.28	3989.82
2019/04/03	3949.66	4050.35	3948.02	3994.34
2019/04/04	3982.83	4127.77	3971.76	4103.15
2019/04/08	4196.23	4240.26	4070.68	4112.63
2019/04/09	4085.99	4154.50	4037.57	4154.50
2019/04/10	4106.30	4233.47	4067.06	4202.65
2019/04/11	4183.50	4183.50	3972.48	3998.08
2019/04/12	3956.52	4025.38	3943.03	4011.76
2019/04/15	4069.11	4108.71	3951.86	3957.48
2019/04/16	3925.69	4030.02	3903.78	4030.02
2019/04/17	4019.34	4094.23	3986.07	4069.14
2019/04/18	4085.07	4163.72	4077.62	4139.99
2019/04/19	4144.90	4145.73	4069.58	4126.06
2019/04/22	4128.18	4202.15	4080.34	4089.89
2019/04/23	4081.68	4183.17	4061.51	4146.98
2019/04/24	4158.57	4199.84	4055.23	4126.35
2019/04/25	4114.49	4138.58	4037.31	4038.53
2019/04/26	4035.90	4121.43	4009.16	4077.49
2019/04/29	4029.45	4170.61	3974.59	4080.64
2019/04/30	4066.95	4180.12	4065.03	4136.39
2019/05/06	3996.36	3996.36	3806.60	3808.60
2019/05/07	3815.42	3951.37	3815.42	3910.25
2019/05/08	3819.14	3994.25	3814.28	3911.21
2019/05/09	3864.79	3885.74	3715.60	3764.93
2019/05/10	3825.75	3975.84	3793.51	3970.06
2019/05/13	3928.56	4037.52	3869.03	4002.08
2019/05/14	3928.16	4024.77	3928.16	3961.13
2019/05/15	4004.86	4202.38	4004.86	4192.29
2019/05/16	4178.06	4282.02	4129.15	4249.54
2019/05/17	4227.21	4272.39	4096.19	4119.87
2019/05/20	4100.66	4103.72	3927.73	4016.05
2019/05/21	4010.92	4104.05	3943.37	4061.32
2019/05/22	4056.53	4075.95	3977.88	4019.74
2019/05/23	3983.81	3987.67	3864.32	3878.05
2019/05/24	3878.31	3968.65	3878.31	3929.03
2019/05/27	3931.41	3972.18	3850.00	3955.29
2019/05/28	3942.96	4025.65	3924.66	3987.41
2019/05/29	3945.48	4042.32	3944.28	4000.46
2019/05/30	3985.86	4023.77	3918.85	3974.74
2019/05/31	3978.71	3984.88	3911.25	3921.42
2019/06/03	3925.76	3973.15	3868.01	3887.34
2019/06/04	3899.10	3901.76	3773.07	3785.23
2019/06/05	3827.59	3834.83	3772.95	3783.30
2019/06/06	3783.23	3785.88	3716.58	3726.36
2019/06/10	3729.41	3825.69	3675.30	3798.85
2019/06/11	3814.05	4017.30	3813.86	4003.65
2019/06/12	3990.14	4008.13	3941.78	3957.08
2019/06/13	3961.83	3965.50	3893.09	3941.65
2019/06/14	3940.13	3995.39	3888.08	3895.13
2019/06/17	3877.43	3923.65	3842.12	3871.09
2019/06/18	3873.55	3892.63	3829.63	3870.77
2019/06/19	3965.81	3980.50	3929.80	3930.02
2019/06/20	3924.54	4113.49	3924.01	4100.34
2019/06/21	4085.36	4158.81	4076.03	4131.81
2019/06/24	4129.17	4265.39	4104.34	4203.73
2019/06/25	4205.64	4236.75	4119.33	4202.90
2019/06/26	4179.99	4211.28	4156.29	4189.46
2019/06/27	4192.98	4366.40	4192.86	4330.79
2019/06/28	4320.76	4367.77	4281.55	4336.01
2019/07/01	4418.37	4547.51	4418.37	4532.77
2019/07/02	4523.11	4590.37	4502.58	4560.69
2019/07/03	4526.31	4631.40	4420.85	4469.03
2019/07/04	4452.20	4470.96	4333.88	4373.64
2019/07/05	4386.73	4508.12	4372.73	4484.79
2019/07/08	4468.40	4468.40	4341.91	4399.50
2019/07/09	4395.04	4511.91	4395.04	4433.54
2019/07/10	4457.28	4482.57	4421.80	4443.97
2019/07/11	4474.15	4491.18	4383.14	4392.95
2019/07/12	4407.94	4469.32	4397.40	4451.56
2019/07/15	4412.61	4428.69	4325.25	4409.76
2019/07/16	4402.58	4427.73	4349.15	4360.30
2019/07/17	4358.36	4378.50	4315.87	4337.87
2019/07/18	4334.57	4350.44	4274.69	4275.08
2019/07/19	4294.01	4346.75	4273.81	4307.63
2019/07/22	4312.71	4336.56	4260.13	4289.59
2019/07/23	4280.06	4280.06	4151.07	4218.57
2019/07/24	4233.20	4252.85	4204.03	4218.10
2019/07/25	4221.33	4261.45	4149.11	4261.45
2019/07/26	4238.98	4293.86	4228.65	4261.39
2019/07/29	4273.71	4312.19	4246.14	4303.11
2019/07/30	4304.08	4330.69	4274.22	4283.52
2019/07/31	4273.88	4302.48	4210.90	4212.88
2019/08/01	4199.77	4211.46	4133.87	4154.38
2019/08/02	4070.45	4127.40	4057.40	4119.46
2019/08/05	4083.66	4115.93	4025.65	4025.65
2019/08/06	3975.59	4077.11	3930.50	4067.62
2019/08/07	4079.56	4093.65	4034.49	4034.49
2019/08/08	4053.86	4133.40	4053.86	4115.82
2019/08/09	4142.36	4151.21	4052.47	4060.35
2019/08/12	4119.18	4171.78	4107.30	4169.38
2019/08/13	4141.71	4168.89	4129.19	4160.32
2019/08/14	4205.84	4282.06	4205.84	4259.10
2019/08/15	4187.44	4247.95	4182.44	4242.93
2019/08/16	4259.15	4370.78	4248.95	4317.65
2019/08/19	4333.41	4377.79	4309.20	4377.79
2019/08/20	4374.97	4438.96	4354.22	4428.26
2019/08/21	4417.57	4435.59	4378.86	4385.68
2019/08/22	4395.04	4466.77	4383.88	4463.26
2019/08/23	4457.20	4492.59	4431.44	4466.80
2019/08/26	4386.13	4426.75	4363.66	4384.58
2019/08/27	4422.59	4513.32	4422.54	4472.22
2019/08/28	4482.30	4551.51	4436.42	4486.29
2019/08/29	4513.06	4543.52	4464.73	4529.09
2019/08/30	4550.74	4702.78	4546.60	4611.72
2019/09/02	4601.92	4646.97	4540.74	4632.55
2019/09/03	4631.80	4653.19	4555.71	4598.10
2019/09/04	4573.81	4596.35	4499.99	4541.91
2019/09/05	4552.67	4595.25	4542.54	4557.94
2019/09/06	4567.20	4568.74	4499.59	4556.49
2019/09/09	4571.20	4586.96	4540.66	4561.64
2019/09/10	4558.22	4568.76	4504.86	4547.26
2019/09/11	4539.02	4539.39	4362.96	4365.98
2019/09/12	4355.61	4450.79	4355.61	4438.17
2019/09/16	4421.62	4443.91	4393.02	4420.91
2019/09/17	4418.87	4465.02	4395.13	4415.50
2019/09/18	4425.54	4579.71	4425.54	4568.58
2019/09/19	4571.44	4598.30	4516.45	4581.47
2019/09/20	4592.90	4644.62	4579.10	4614.40
2019/09/23	4607.44	4607.44	4524.40	4560.34
2019/09/24	4567.14	4692.27	4566.92	4651.06
2019/09/25	4631.36	4688.93	4597.59	4620.73
2019/09/26	4632.26	4669.13	4551.98	4565.23
2019/09/27	4562.60	4594.17	4463.15	4547.79
2019/09/30	4542.85	4570.12	4467.57	4467.57
2019/10/08	4485.99	4600.92	4485.70	4526.62
2019/10/09	4528.92	4528.92	4448.43	4482.52
2019/10/10	4438.34	4489.72	4380.78	4480.96
2019/10/11	4492.94	4545.41	4464.25	4494.98
2019/10/14	4533.65	4541.61	4479.80	4493.88
2019/10/15	4494.71	4583.89	4460.78	4561.15
2019/10/16	4496.74	4500.79	4467.84	4487.75
2019/10/17	4498.76	4509.22	4456.78	4489.77
2019/10/18	4457.42	4472.59	4396.30	4408.95
2019/10/21	4396.45	4432.79	4371.35	4421.81
2019/10/22	4440.87	4452.19	4404.63	4436.11
2019/10/23	4429.92	4462.47	4342.89	4358.41
2019/10/24	4362.01	4368.16	4284.79	4288.49
2019/10/25	4303.74	4366.13	4289.42	4360.03
2019/10/28	4357.27	4472.49	4356.00	4459.09
2019/10/29	4462.97	4519.17	4450.89	4495.11
2019/10/30	4466.47	4467.33	4414.91	4453.62
2019/10/31	4510.00	4523.74	4441.71	4448.85
2019/11/01	4461.96	4526.26	4432.12	4513.68
2019/11/04	4528.67	4596.95	4528.67	4556.35
2019/11/05	4567.16	4598.66	4532.81	4569.79
2019/11/06	4577.69	4585.20	4515.69	4523.04
2019/11/07	4535.76	4561.29	4516.40	4559.97
2019/11/08	4585.61	4636.90	4574.96	4580.83
2019/11/11	4567.51	4583.71	4511.45	4532.10
2019/11/12	4543.20	4565.56	4509.85	4560.68
2019/11/13	4585.09	4624.23	4562.49	4618.17
2019/11/14	4627.62	4696.64	4598.27	4666.25
2019/11/15	4662.55	4678.81	4645.81	4646.09
2019/11/18	4639.32	4641.70	4586.84	4619.85
2019/11/19	4629.32	4658.80	4625.48	4658.65
2019/11/20	4653.07	4706.78	4641.71	4666.92
2019/11/21	4662.77	4682.24	4633.80	4656.19
2019/11/22	4668.26	4672.18	4494.81	4534.89
2019/11/25	4521.06	4535.42	4433.31	4520.84
2019/11/26	4530.83	4579.03	4530.83	4561.63
2019/11/27	4571.10	4599.87	4543.19	4572.28
2019/11/28	4581.81	4604.62	4544.14	4560.75
2019/11/29	4546.21	4546.21	4402.08	4448.57
2019/12/02	4440.92	4475.28	4426.46	4440.29
2019/12/03	4433.05	4439.33	4381.06	4428.24
2019/12/04	4475.57	4496.86	4433.28	4450.21
2019/12/05	4450.80	4461.74	4429.47	4453.17
2019/12/06	4454.93	4547.61	4451.11	4547.54
2019/12/09	4555.40	4565.13	4512.67	4518.82
2019/12/10	4512.42	4528.39	4497.49	4517.21
2019/12/11	4517.49	4521.93	4458.49	4472.67
2019/12/12	4477.56	4481.51	4448.55	4457.18
2019/12/13	4482.80	4541.02	4482.36	4541.02
2019/12/16	4548.79	4548.79	4475.68	4506.13
2019/12/17	4506.56	4545.72	4488.98	4542.14
2019/12/18	4546.59	4591.17	4543.38	4564.76
2019/12/19	4561.93	4563.12	4507.41	4527.94
2019/12/20	4531.23	4533.81	4503.70	4515.15
2019/12/23	4440.38	4513.41	4430.00	4469.64
2019/12/24	4468.32	4501.47	4468.32	4497.22
2019/12/25	4498.95	4498.95	4427.49	4442.99
2019/12/26	4456.26	4484.42	4434.19	4484.26
2019/12/27	4501.88	4572.05	4500.93	4520.70
2019/12/30	4527.16	4687.68	4521.85	4669.72
2019/12/31	4676.98	4683.39	4635.11	4672.58
2020/01/02	4633.89	4673.25	4582.78	4638.72
2020/01/03	4630.35	4638.45	4574.83	4591.44
2020/01/06	4568.92	4589.75	4526.08	4551.62
2020/01/07	4555.03	4606.04	4550.90	4603.95
2020/01/08	4588.08	4622.33	4575.34	4596.83
2020/01/09	4616.29	4713.00	4616.29	4695.10
2020/01/10	4701.11	4824.14	4701.11	4806.26
2020/01/13	4804.62	4907.94	4804.17	4862.58
2020/01/14	4861.77	4862.07	4771.65	4781.40
2020/01/15	4781.07	4861.39	4781.02	4808.67
2020/01/16	4818.52	4835.25	4793.50	4822.13
2020/01/17	4848.41	4877.90	4819.43	4832.64
2020/01/20	4848.32	4851.79	4773.72	4797.60
2020/01/21	4772.72	4772.72	4646.10	4655.05
2020/01/22	4626.63	4688.20	4585.39	4672.72
2020/01/23	4658.66	4660.02	4457.24	4495.11
2020/02/03	4060.28	4079.69	4059.54	4068.13
2020/02/04	3904.19	4071.77	3904.19	4046.71
2020/02/05	4055.25	4120.77	4010.67	4090.23
2020/02/06	4093.68	4138.48	4054.47	4134.17
2020/02/07	4122.41	4181.52	4098.44	4179.76
2020/02/10	4150.99	4233.73	4108.85	4206.08
2020/02/11	4203.92	4331.80	4203.92	4296.42
2020/02/12	4287.49	4313.39	4261.09	4309.50
2020/02/13	4307.41	4356.80	4256.55	4271.13
2020/02/14	4266.23	4287.38	4233.17	4259.05
2020/02/17	4251.50	4305.25	4248.38	4304.40
2020/02/18	4305.43	4305.43	4260.85	4292.88
2020/02/19	4288.25	4373.69	4271.41	4347.78
2020/02/20	4352.48	4503.15	4352.48	4502.67
2020/02/21	4474.21	4501.02	4461.05	4485.02
2020/02/24	4454.88	4454.88	4377.93	4413.38
2020/02/25	4333.10	4399.69	4296.43	4379.52
2020/02/26	4328.73	4413.96	4309.51	4328.07
2020/02/27	4333.40	4417.97	4333.40	4381.72
2020/02/28	4276.72	4306.09	4180.14	4193.93
2020/03/02	4182.48	4320.52	4182.48	4302.40
2020/03/03	4338.81	4375.01	4324.71	4339.32
2020/03/04	4326.02	4378.90	4309.30	4377.86
2020/03/05	4398.02	4637.97	4394.98	4604.72
2020/03/06	4553.40	4640.47	4501.98	4506.29
2020/03/09	4434.40	4434.40	4313.38	4330.24
2020/03/10	4290.94	4474.53	4289.99	4455.30
2020/03/11	4465.91	4520.86	4432.55	4440.16
2020/03/12	4383.10	4383.10	4303.53	4332.63
2020/03/13	4131.54	4303.85	4109.66	4252.18
2020/03/16	4246.63	4247.33	4067.08	4077.65
2020/03/17	4059.42	4133.61	3886.12	3991.44
2020/03/18	4016.03	4076.70	3882.47	3883.36
2020/03/19	3857.82	3874.65	3646.78	3750.01
2020/03/20	3799.65	3887.34	3780.58	3867.64
2020/03/23	3757.68	3801.53	3717.87	3749.11
2020/03/24	3829.06	3929.46	3820.81	3919.50
2020/03/25	4037.44	4059.91	3991.83	4040.53
2020/03/26	4015.00	4116.21	3993.79	4048.95
2020/03/27	4101.38	4191.32	4101.09	4141.76
2020/03/30	4083.73	4133.49	4066.25	4084.90
2020/03/31	4130.95	4179.94	4104.15	4149.01
2020/04/01	4152.50	4184.34	4097.63	4115.34
2020/04/02	4089.52	4161.40	4084.63	4161.40
2020/04/03	4155.06	4204.08	4125.84	4146.53
2020/04/07	4210.22	4277.67	4210.22	4255.61
2020/04/08	4240.91	4260.78	4215.22	4244.31
2020/04/09	4268.85	4298.26	4245.30	4286.95
2020/04/10	4285.86	4419.43	4270.42	4328.62
2020/04/13	4302.54	4361.17	4268.95	4326.26
2020/04/14	4357.93	4384.79	4322.45	4379.64
2020/04/15	4392.80	4420.71	4345.50	4355.05
2020/04/16	4334.51	4346.35	4295.21	4316.07
2020/04/17	4346.88	4417.54	4331.85	4365.58
2020/04/20	4375.43	4394.12	4351.22	4394.12
2020/04/21	4375.73	4375.73	4268.62	4296.78
2020/04/22	4295.31	4423.99	4275.75	4418.47
2020/04/23	4429.44	4502.45	4425.47	4428.57
2020/04/24	4467.22	4537.87	4420.24	4504.50
2020/04/27	4475.78	4485.98	4418.00	4466.34
2020/04/28	4484.54	4626.45	4431.59	4588.26
2020/04/29	4580.89	4618.54	4508.91	4531.35
2020/04/30	4535.04	4575.21	4524.49	4556.81
2020/05/06	4525.87	4606.94	4522.94	4605.02
2020/05/07	4604.41	4680.04	4566.25	4663.34
2020/05/08	4674.28	4757.64	4636.23	4712.21
2020/05/11	4722.46	4791.12	4703.12	4722.13
2020/05/12	4719.56	4753.07	4696.64	4745.32
2020/05/13	4744.73	4903.87	4727.36	4888.15
2020/05/14	4867.52	4918.12	4843.04	4894.77
2020/05/15	4904.84	4913.53	4795.06	4833.02
2020/05/18	4821.91	4998.63	4816.73	4956.52
2020/05/19	4991.15	4996.11	4931.61	4996.11
2020/05/20	4988.87	5010.58	4936.83	4949.84
2020/05/21	4964.53	5039.81	4955.87	4986.69
2020/05/22	4975.70	4975.72	4805.07	4827.30
2020/05/25	4838.52	4925.77	4761.76	4925.77
2020/05/26	4936.38	5003.19	4898.96	4992.05
2020/05/27	4997.92	5018.93	4949.34	4963.64
2020/05/28	4966.93	5080.85	4963.16	5018.48
2020/05/29	5000.53	5097.61	4994.12	5097.61
2020/06/01	5129.28	5270.27	5129.28	5224.24
2020/06/02	5219.98	5243.20	5111.74	5130.28
2020/06/03	5147.27	5153.02	5090.77	5115.74
2020/06/04	5131.76	5264.44	5131.76	5264.08
2020/06/05	5266.24	5334.74	5203.58	5315.93
2020/06/08	5327.43	5398.37	5276.01	5321.93
2020/06/09	5317.21	5375.85	5284.46	5360.61
2020/06/10	5355.71	5386.21	5335.12	5385.14
2020/06/11	5369.51	5389.43	5243.17	5282.88
2020/06/12	5185.75	5340.40	5168.08	5304.03
2020/06/15	5274.27	5290.25	5171.43	5183.62
2020/06/16	5220.42	5308.07	5220.42	5293.11
2020/06/17	5294.14	5294.97	5187.25	5227.75
2020/06/18	5229.15	5258.27	5196.87	5235.09
2020/06/19	5244.23	5406.65	5242.14	5383.99
2020/06/22	5392.31	5396.92	5301.54	5352.11
2020/06/23	5352.72	5552.81	5329.75	5549.40
2020/06/24	5520.43	5568.06	5445.59	5502.53
2020/06/29	5467.28	5542.71	5430.89	5542.71
2020/06/30	5561.75	5687.06	5561.75	5682.62
2020/07/01	5687.45	6036.21	5685.99	5989.90
2020/07/02	5960.94	6212.04	5908.49	6114.45
2020/07/03	6110.83	6113.64	5860.07	6021.57
2020/07/06	6003.81	6171.71	5939.74	6155.81
2020/07/07	6138.77	6468.75	6094.40	6339.33
2020/07/08	6288.54	6393.70	6251.39	6335.07
2020/07/09	6316.38	6420.54	6304.55	6420.54
2020/07/10	6389.97	6655.09	6365.44	6510.49
2020/07/13	6485.15	6826.36	6468.30	6812.79
2020/07/14	6824.36	6936.20	6684.92	6846.51
2020/07/15	6821.49	7118.75	6821.49	7012.54
2020/07/16	6914.57	6914.57	6344.85	6346.75
2020/07/17	6197.00	6493.32	6197.00	6360.40
2020/07/20	6380.68	6424.57	6024.51	6288.81
2020/07/21	6279.16	6533.83	6243.12	6439.08
2020/07/22	6386.23	6638.16	6349.99	6537.95
2020/07/23	6483.33	6612.76	6406.13	6563.17
2020/07/24	6519.93	6533.60	6173.96	6233.60
2020/07/27	6258.29	6366.30	6211.88	6286.76
2020/07/28	6277.19	6517.37	6277.19	6459.15
2020/07/29	6470.70	6509.88	6335.36	6509.50
2020/07/30	6496.31	6630.37	6470.82	6549.45
2020/07/31	6540.01	6618.78	6432.45	6544.02
2020/08/03	6568.70	6603.53	6499.17	6577.77
2020/08/04	6585.73	6643.42	6505.85	6538.74
2020/08/05	6501.91	6561.54	6432.12	6559.49
2020/08/06	6548.61	6555.06	6327.96	6382.34
2020/08/07	6383.41	6424.53	6169.43	6294.83
2020/08/10	6294.06	6329.62	6195.58	6301.59
2020/08/11	6334.77	6459.78	6331.14	6340.27
2020/08/12	6325.27	6341.78	6107.61	6211.50
2020/08/13	6235.84	6313.70	6200.08	6259.53
2020/08/14	6261.65	6488.06	6242.20	6474.05
2020/08/17	6525.81	6698.55	6525.81	6634.95
2020/08/18	6622.26	6791.32	6586.69	6724.86
2020/08/19	6708.96	6855.27	6661.65	6733.12
2020/08/20	6690.79	6690.79	6547.03	6572.65
2020/08/21	6617.57	6760.62	6617.57	6701.76
2020/08/24	6744.98	6865.10	6692.08	6824.78
2020/08/25	6836.29	7136.44	6836.29	7059.35
2020/08/26	7054.18	7194.99	6979.97	7049.65
2020/08/27	7045.39	7161.30	6964.89	7160.11
2020/08/28	7118.42	7515.08	7080.40	7441.82
2020/08/31	7503.16	7665.27	7455.31	7471.44
2020/09/01	7434.69	7473.15	7218.71	7378.21
2020/09/02	7398.14	7464.16	7232.66	7307.45
2020/09/03	7306.50	7562.53	7285.81	7443.20
2020/09/04	7273.55	7280.19	7102.68	7258.95
2020/09/07	7223.26	7312.25	7038.71	7090.52
2020/09/08	7106.25	7150.21	6814.33	6912.46
2020/09/09	6810.45	6852.78	6701.02	6747.80
2020/09/10	6842.01	6988.43	6819.75	6843.64
2020/09/11	6792.00	7067.29	6790.98	7055.14
2020/09/14	7115.28	7188.89	7035.31	7155.40
2020/09/15	7144.20	7178.34	7080.15	7158.24
2020/09/16	7152.17	7221.28	7014.31	7051.67
2020/09/17	6970.48	6985.62	6802.77	6878.42
2020/09/18	6854.03	6970.74	6797.34	6970.74
2020/09/21	6973.20	6973.20	6848.37	6865.81
2020/09/22	6791.35	6901.45	6784.02	6810.18
2020/09/23	6700.07	6818.07	6591.80	6793.11
2020/09/24	6756.72	6825.21	6661.20	6667.44
2020/09/25	6712.63	6748.97	6666.74	6687.88
2020/09/28	6723.02	6830.56	6694.58	6747.66
2020/09/29	6791.75	6800.40	6704.92	6745.90
2020/09/30	6779.76	6873.87	6750.11	6796.44
2020/10/09	6871.58	6929.23	6820.02	6877.31
2020/10/12	6888.98	7223.58	6888.13	7217.70
2020/10/13	7224.94	7381.92	7179.68	7323.93
2020/10/14	7313.18	7423.59	7286.89	7298.17
2020/10/15	7297.39	7340.13	7264.42	7295.40
2020/10/16	7307.02	7359.21	7167.19	7204.41
2020/10/19	7249.28	7282.59	7104.36	7123.02
2020/10/20	7119.81	7357.88	7103.75	7357.78
2020/10/21	7352.55	7433.60	7298.44	7375.35
2020/10/22	7382.37	7541.31	7282.70	7492.93
2020/10/23	7478.89	7552.43	7317.64	7342.46
2020/10/26	7145.29	7283.65	7044.03	7261.58
2020/10/27	7234.93	7382.66	7213.27	7353.46
2020/10/28	7355.71	7658.37	7335.21	7613.41
2020/10/29	7586.36	7906.99	7573.82	7801.19
2020/10/30	7765.32	7778.75	7518.44	7533.71
2020/11/02	7537.61	7686.50	7537.61	7644.30
2020/11/03	7674.87	7763.86	7638.04	7717.31
2020/11/04	7709.69	7757.95	7658.77	7757.95
2020/11/05	7816.98	8007.77	7784.69	7937.73
2020/11/06	7934.33	7934.33	7750.94	7867.22
2020/11/09	7902.25	7996.18	7845.00	7985.57
2020/11/10	7975.19	8296.92	7905.69	8197.96
2020/11/11	8149.73	8450.51	8133.47	8223.50
2020/11/12	8157.80	8441.24	8098.27	8438.01
2020/11/13	8303.94	8306.29	7972.84	8093.46
2020/11/16	8085.79	8421.52	8082.58	8418.30
2020/11/17	8401.30	8530.01	8201.35	8294.45
2020/11/18	8246.80	8277.41	8012.29	8152.46
2020/11/19	8079.86	8282.21	8013.97	8238.53
2020/11/20	8239.33	8486.24	8182.47	8429.19
2020/11/23	8487.15	8647.99	8462.57	8521.33
2020/11/24	8489.69	8599.81	8303.37	8559.61
2020/11/25	8556.35	8556.35	8199.16	8210.68
2020/11/26	8170.55	8300.76	8050.42	8254.66
2020/11/27	8247.82	8312.85	8146.31	8292.30
2020/11/30	8292.18	8292.18	7994.27	8068.58
2020/12/01	8067.03	8140.66	8056.91	8128.96
2020/12/02	8142.70	8181.64	8037.69	8104.19
2020/12/03	8090.20	8210.06	8045.47	8195.10
2020/12/04	8182.65	8574.74	8177.59	8514.06
2020/12/07	8499.92	8687.84	8491.03	8550.94
2020/12/08	8573.15	8761.57	8501.86	8685.87
2020/12/09	8690.69	8762.77	8601.63	8687.97
2020/12/10	8634.62	8923.27	8605.77	8776.80
2020/12/11	8779.08	8922.62	8705.78	8837.37
2020/12/14	8869.47	9081.16	8836.07	9079.92
2020/12/15	9048.02	9108.16	8849.40	9032.85
2020/12/16	9032.26	9285.63	9032.26	9243.29
2020/12/17	9250.61	9507.57	9204.58	9428.73
2020/12/18	9377.30	9623.66	9308.38	9437.07
2020/12/21	9390.17	9593.06	9322.24	9498.13
2020/12/22	9476.26	9817.78	9469.63	9686.09
2020/12/23	9706.30	9981.94	9378.33	9621.92
2020/12/24	9443.85	9567.39	9301.07	9388.63
2020/12/25	9261.32	9445.44	9167.32	9364.03
2020/12/28	9411.64	9814.35	9411.64	9793.80
2020/12/29	9812.48	9841.63	9569.35	9688.53
2020/12/30	9679.54	9976.92	9673.06	9918.18
2020/12/31	9920.55	10100.11	9908.24	10088.41
2021/01/04	10109.11	10550.38	10108.80	10453.22
2021/01/05	10440.24	10987.60	10384.93	10987.60
2021/01/06	11002.86	11280.11	10738.68	11011.34
2021/01/07	10972.72	11129.17	10697.67	11129.17
2021/01/08	11128.19	11242.80	10691.00	10810.84
