'399006'	创业板指	日线
日期	开盘	最高	最低	收盘	成交量	成交额
2010/06/01	986.02	994.79	948.12	973.23	1583073.00	5780310016
2010/06/02	967.61	997.12	952.61	997.12	1202131.00	4455081472
2010/06/03	1002.36	1026.70	997.78	998.39	1729802.00	6635856896
2010/06/04	989.68	1027.68	986.50	1027.68	1571655.00	5512249344
2010/06/07	1005.03	1075.23	1001.70	1069.47	2769355.00	9500139520
2010/06/08	1067.32	1075.50	1050.97	1067.15	2062969.00	6929747968
2010/06/09	1070.85	1102.10	1069.43	1077.82	2541568.00	8994866176
2010/06/10	1077.68	1119.11	1076.28	1117.48	2197405.00	8242731008
2010/06/11	1122.44	1128.23	1118.71	1122.20	2224874.00	8449039360
2010/06/17	1126.13	1129.69	1064.84	1064.84	1764284.00	6757409280
2010/06/18	1052.07	1053.14	993.17	1000.28	1630651.00	5827721216
2010/06/21	991.96	1043.16	976.41	1040.80	1574798.00	5604269568
2010/06/22	1037.04	1057.37	1033.65	1035.00	1427162.00	5067480064
2010/06/23	1026.87	1056.35	1023.74	1047.34	1257359.00	4608672768
2010/06/24	1046.76	1059.75	1041.54	1050.60	1069133.00	3904947968
2010/06/25	1046.21	1046.21	999.16	1016.28	1781242.00	6118334976
2010/06/28	1009.22	1014.41	984.22	987.83	1180048.00	4166415872
2010/06/29	985.57	992.23	912.54	913.31	1742056.00	5950152704
2010/06/30	898.29	921.81	881.36	919.31	1408707.00	4322012672
2010/07/01	914.40	921.21	882.19	882.19	1199398.00	4038564864
2010/07/02	878.95	885.34	832.62	873.12	1436579.00	4569466880
2010/07/05	857.37	870.86	842.73	862.27	1015805.00	3089164288
2010/07/06	859.26	898.45	857.80	893.72	1268273.00	3995397120
2010/07/07	896.53	908.55	890.34	908.55	1154523.00	3646054144
2010/07/08	912.00	914.30	887.03	905.51	1823587.00	5165453824
2010/07/09	903.50	936.53	896.89	932.15	1844848.00	5435749888
2010/07/12	931.54	941.07	924.06	930.17	1473329.00	4566958592
2010/07/13	924.95	936.64	906.30	931.08	1683636.00	5114770944
2010/07/14	929.75	937.93	916.07	922.36	1621515.00	4986494464
2010/07/15	920.05	930.56	892.56	892.56	1381135.00	4298472960
2010/07/16	885.07	895.06	869.02	892.30	1123317.00	3438812672
2010/07/19	881.66	910.18	878.07	908.05	1018964.00	3119461632
2010/07/20	909.54	937.55	909.54	937.02	1477185.00	4738516480
2010/07/21	940.10	959.04	938.16	941.25	1782674.00	6154524160
2010/07/22	938.22	950.21	932.02	950.21	1326603.00	4356669440
2010/07/23	951.84	964.74	948.13	960.59	1721251.00	5339086336
2010/07/26	962.76	966.73	954.76	966.15	1476036.00	4626044928
2010/07/27	963.54	968.04	955.73	957.97	1361821.00	4574086656
2010/07/28	955.19	972.53	954.52	972.53	2057862.00	6808196608
2010/07/29	974.30	982.02	965.61	975.36	2113522.00	6958028288
2010/07/30	971.66	971.66	955.92	968.43	1691713.00	5788241408
2010/08/02	968.45	994.23	968.45	994.23	1962784.00	6585242112
2010/08/03	995.20	996.26	975.65	975.65	1885148.00	6352817664
2010/08/04	971.41	978.01	955.93	978.01	1624911.00	5327478784
2010/08/05	980.27	998.10	978.33	987.35	1915501.00	6503165952
2010/08/06	987.97	1011.39	985.63	1011.39	2360265.00	8526610944
2010/08/09	1013.25	1032.34	1013.25	1032.34	2428508.00	8547738112
2010/08/10	1031.98	1034.33	993.99	993.99	2411715.00	8238702080
2010/08/11	991.28	1006.45	990.94	1004.64	1759141.00	5917192192
2010/08/12	994.05	1007.58	987.98	991.78	2286133.00	8961175552
2010/08/13	992.63	1007.52	986.62	1007.21	1782849.00	6539170816
2010/08/16	1007.50	1031.05	1005.05	1030.22	2091177.00	7340468224
2010/08/17	1031.08	1036.82	1023.08	1033.58	1963471.00	7026580992
2010/08/18	1033.71	1035.61	1018.50	1026.72	1811909.00	6654306816
2010/08/19	1026.98	1033.25	1021.70	1025.53	1750953.00	6269932544
2010/08/20	1021.46	1022.45	993.56	995.94	2404561.00	9468962816
2010/08/23	994.94	1001.18	991.52	995.61	1773928.00	6691922944
2010/08/24	993.58	1007.76	987.22	1004.99	1608155.00	6272781824
2010/08/25	1000.27	1002.33	976.56	976.88	2166638.00	7732030976
2010/08/26	978.60	984.87	973.00	980.63	1700768.00	6245785600
2010/08/27	978.51	1000.86	975.72	999.46	2173481.00	7887761408
2010/08/30	1002.99	1025.15	1002.99	1024.93	2358186.00	8501815296
2010/08/31	1020.75	1029.80	1015.13	1025.57	2175335.00	8054545408
2010/09/01	1025.68	1029.81	987.59	995.59	2400153.00	8763611136
2010/09/02	1001.60	1018.28	996.52	1014.92	2758004.00	11048558592
2010/09/03	1017.64	1045.21	1017.51	1036.70	3186013.00	12468598784
2010/09/06	1039.46	1043.24	1007.43	1010.76	2546963.00	9852694528
2010/09/07	1010.12	1022.62	1007.64	1022.62	1686002.00	6571730432
2010/09/08	1020.23	1027.64	1016.84	1026.33	1801644.00	6577840640
2010/09/09	1029.11	1040.67	1019.69	1021.83	2365284.00	8209269760
2010/09/10	1021.87	1037.51	1016.19	1034.94	2210901.00	7388107264
2010/09/13	1034.39	1045.39	1033.25	1042.48	2010293.00	6899538944
2010/09/14	1044.30	1046.13	1028.77	1031.22	1940842.00	6968657920
2010/09/15	1029.52	1030.02	987.05	990.10	2216464.00	7937956352
2010/09/16	989.49	994.95	964.53	972.60	1717924.00	5902965760
2010/09/17	976.07	981.73	967.56	972.23	1450031.00	5395687424
2010/09/20	972.45	975.26	947.41	949.20	1292682.00	4638370816
2010/09/21	952.07	953.83	930.25	934.46	1107188.00	3685261056
2010/09/27	936.21	951.84	930.87	950.67	1079437.00	3608369920
2010/09/28	949.63	949.89	939.63	942.05	1666173.00	6756897280
2010/09/29	941.27	944.17	924.42	926.76	1230242.00	4512222720
2010/09/30	923.83	942.54	921.36	942.54	1099210.00	3967678464
2010/10/08	946.47	963.18	945.62	959.86	1511188.00	5272913408
2010/10/11	960.91	961.17	941.91	947.11	1852470.00	6479456256
2010/10/12	946.63	959.98	945.01	951.79	1510896.00	5054330368
2010/10/13	951.33	962.74	940.65	962.74	2209486.00	7669941760
2010/10/14	963.29	975.91	956.86	958.50	1994136.00	6996953600
2010/10/15	954.12	957.77	937.12	944.25	1884788.00	6403270144
2010/10/18	941.87	941.87	913.82	932.36	1787336.00	5975260160
2010/10/19	932.83	1005.59	932.32	995.92	3333810.00	11780277248
2010/10/20	986.65	1024.58	986.03	1004.54	3438175.00	11730252800
2010/10/21	1001.68	1001.68	983.66	991.84	2161945.00	7155691520
2010/10/22	991.14	1023.70	991.14	1013.45	2377734.00	8008473600
2010/10/25	1018.08	1043.09	1018.08	1039.05	2729464.00	9349804032
2010/10/26	1041.53	1041.91	1020.94	1036.01	2967924.00	11256502272
2010/10/27	1034.86	1048.56	1028.70	1030.59	2443831.00	8963388416
2010/10/28	1024.70	1038.62	1023.49	1038.62	2269393.00	8471493632
2010/10/29	1042.40	1069.75	1042.40	1064.52	3097405.00	11544181760
2010/11/01	1071.63	1113.62	1071.63	1107.52	3754825.00	14242636800
2010/11/02	1108.09	1108.09	1074.58	1075.15	3292637.00	12447463424
2010/11/03	1063.20	1063.20	1040.55	1040.62	2224596.00	8194693632
2010/11/04	1041.42	1057.71	1037.24	1057.71	1759113.00	6392806912
2010/11/05	1067.87	1072.22	1058.26	1072.22	2237335.00	8252892160
2010/11/08	1077.50	1107.06	1077.50	1107.06	2579173.00	9730492416
2010/11/09	1110.43	1117.52	1102.01	1115.65	2622116.00	9958052864
2010/11/10	1115.74	1147.48	1113.75	1141.58	2974084.00	11130953728
2010/11/11	1137.08	1163.70	1132.36	1132.72	3180996.00	11899691008
2010/11/12	1126.85	1140.63	1080.27	1082.24	3612339.00	16217640960
2010/11/15	1087.81	1148.54	1086.52	1148.54	2981081.00	12781418496
2010/11/16	1154.41	1175.31	1111.50	1126.18	3964587.00	15919421440
2010/11/17	1115.12	1132.86	1080.93	1085.35	2829796.00	10875057152
2010/11/18	1090.14	1102.85	1077.06	1102.85	2238791.00	8470644736
2010/11/19	1106.75	1153.17	1105.59	1153.17	3233615.00	12096800768
2010/11/22	1153.26	1194.20	1151.76	1174.94	4025388.00	15662365696
2010/11/23	1172.06	1183.84	1148.81	1183.50	2898766.00	11296674816
2010/11/24	1176.42	1208.45	1174.68	1208.45	2869099.00	11210070016
2010/11/25	1212.77	1215.74	1177.83	1186.36	2832584.00	11069243392
2010/11/26	1184.80	1200.50	1179.28	1196.02	2350441.00	9326840832
2010/11/29	1195.31	1221.75	1193.41	1220.11	2685259.00	10786042880
2010/11/30	1219.08	1219.12	1146.97	1181.50	3163258.00	12525799424
2010/12/01	1176.61	1182.57	1169.89	1177.18	1612221.00	6449476608
2010/12/02	1187.10	1192.80	1177.81	1177.84	1767132.00	7208343552
2010/12/03	1177.17	1178.67	1148.09	1157.94	1702613.00	6748121600
2010/12/06	1157.72	1159.30	1124.94	1134.38	1562358.00	6184401408
2010/12/07	1132.33	1162.58	1123.76	1161.69	1280461.00	5119899648
2010/12/08	1160.92	1176.42	1158.10	1160.24	1345853.00	5479290880
2010/12/09	1158.82	1160.91	1144.18	1144.53	1806955.00	7859629056
2010/12/10	1139.83	1167.68	1136.33	1166.80	1569302.00	6674188800
2010/12/13	1175.51	1210.75	1175.51	1209.27	2301381.00	9731481600
2010/12/14	1211.46	1219.71	1204.66	1218.52	2047677.00	8569487872
2010/12/15	1217.81	1224.05	1209.29	1211.80	2319264.00	10289328128
2010/12/16	1209.62	1233.62	1209.34	1225.03	2127810.00	8816229376
2010/12/17	1222.93	1233.39	1222.93	1232.98	2059516.00	8599738368
2010/12/20	1235.67	1239.60	1180.53	1212.34	2702386.00	11802206208
2010/12/21	1212.09	1222.30	1204.48	1215.02	1885950.00	7935691264
2010/12/22	1214.77	1215.79	1199.68	1201.65	2109500.00	9215363072
2010/12/23	1198.74	1200.76	1175.86	1176.36	1877144.00	8295889408
2010/12/24	1170.70	1170.70	1140.13	1144.50	1630337.00	7045270528
2010/12/27	1145.70	1154.53	1100.52	1105.30	1567896.00	6535094784
2010/12/28	1098.94	1099.18	1080.40	1091.48	1439567.00	5774803968
2010/12/29	1091.82	1113.31	1091.82	1113.31	1615976.00	6762598912
2010/12/30	1113.56	1122.41	1106.43	1117.21	1409448.00	5905897472
2010/12/31	1117.36	1138.47	1117.36	1137.66	1391124.00	5869734400
2011/01/04	1142.17	1155.52	1140.04	1155.11	1695881.00	7403007488
2011/01/05	1153.91	1159.12	1146.38	1155.35	1683527.00	7341839872
2011/01/06	1153.63	1159.41	1134.09	1134.79	1559130.00	6869232640
2011/01/07	1132.73	1139.78	1119.61	1126.52	1974031.00	9548235776
2011/01/10	1124.34	1124.34	1089.06	1093.77	1591819.00	7219412480
2011/01/11	1089.99	1089.99	1068.40	1078.37	1376432.00	5853696000
2011/01/12	1083.12	1095.52	1071.09	1089.67	1234470.00	5239285760
2011/01/13	1094.83	1097.10	1089.67	1093.86	1776971.00	7317824000
2011/01/14	1092.09	1092.09	1065.75	1067.42	1534370.00	6235601408
2011/01/17	1066.44	1066.99	1025.66	1028.16	1701015.00	6922490368
2011/01/18	1021.84	1029.86	1014.63	1025.72	1018064.00	4027368960
2011/01/19	1025.93	1048.60	1023.15	1048.54	1178339.00	4748988928
2011/01/20	1047.77	1051.52	1020.29	1020.39	1442282.00	5770514432
2011/01/21	1014.72	1033.52	1013.27	1024.51	1254321.00	5075484672
2011/01/24	1024.79	1029.33	994.26	994.97	1315743.00	5500295680
2011/01/25	992.57	992.57	968.32	979.00	1421064.00	5456790528
2011/01/26	978.07	995.79	977.85	995.74	1161021.00	4471075840
2011/01/27	991.06	1015.05	984.79	1013.02	1186128.00	4478251008
2011/01/28	1013.64	1023.63	1011.31	1020.94	998536.00	3845952000
2011/01/31	1021.63	1030.19	1014.40	1029.12	1211559.00	4843982848
2011/02/01	1029.67	1034.14	1026.90	1032.60	1447716.00	5627794432
2011/02/09	1026.45	1037.84	1021.79	1025.15	1287175.00	4788958720
2011/02/10	1026.25	1063.95	1024.71	1063.95	1833971.00	6739881472
2011/02/11	1067.19	1075.59	1065.15	1071.58	1858216.00	7173863424
2011/02/14	1072.31	1087.31	1072.31	1086.56	2085431.00	8396669952
2011/02/15	1086.80	1097.56	1082.27	1087.73	2692484.00	9864464384
2011/02/16	1086.77	1107.24	1083.85	1107.24	2430058.00	9216956416
2011/02/17	1108.63	1116.96	1103.89	1115.33	2407534.00	9368212480
2011/02/18	1114.45	1114.69	1098.59	1100.46	2314420.00	8861476864
2011/02/21	1096.17	1117.67	1094.43	1117.67	2338857.00	9423123456
2011/02/22	1118.61	1122.18	1087.01	1088.27	3202336.00	12449323008
2011/02/23	1088.08	1117.29	1087.86	1114.05	2313215.00	9947057152
2011/02/24	1112.43	1112.72	1094.62	1101.95	2238640.00	9413685248
2011/02/25	1098.11	1098.73	1085.80	1095.10	1966280.00	7877872640
2011/02/28	1096.34	1099.78	1087.59	1099.78	1903787.00	7613563904
2011/03/01	1100.81	1102.55	1091.98	1098.00	2101515.00	8041563136
2011/03/02	1094.97	1096.09	1077.65	1088.90	1797660.00	6938441216
2011/03/03	1088.89	1091.89	1062.37	1064.31	1799709.00	6877460992
2011/03/04	1063.43	1071.86	1056.56	1071.86	1471275.00	5426590208
2011/03/07	1073.93	1078.11	1069.93	1078.11	1770029.00	6658859520
2011/03/08	1079.53	1085.31	1074.10	1084.82	2526987.00	8812150784
2011/03/09	1084.70	1087.30	1075.46	1087.30	2453239.00	8904006656
2011/03/10	1088.34	1103.54	1087.57	1093.90	2564247.00	9837759488
2011/03/11	1090.21	1113.01	1088.65	1101.76	2755355.00	10764426240
2011/03/14	1099.32	1107.54	1095.90	1107.54	2543075.00	9295616000
2011/03/15	1108.20	1108.20	1078.23	1094.95	2786250.00	10290754560
2011/03/16	1094.12	1102.67	1094.12	1102.22	2621255.00	9973230592
2011/03/17	1096.22	1096.22	1074.87	1078.37	2579187.00	9618102272
2011/03/18	1081.60	1088.31	1079.56	1083.60	1714087.00	6422766592
2011/03/21	1083.15	1084.55	1068.32	1070.60	1675008.00	6448694272
2011/03/22	1072.39	1074.08	1057.86	1067.29	1846559.00	6761189888
2011/03/23	1066.17	1076.56	1064.59	1076.56	1762141.00	6575953920
2011/03/24	1078.02	1081.59	1074.04	1077.99	1872127.00	6819943424
2011/03/25	1077.34	1078.02	1069.38	1072.34	1977720.00	7106483200
2011/03/28	1072.89	1074.41	1051.02	1052.11	2287753.00	8190142976
2011/03/29	1050.29	1050.29	1017.88	1019.04	2763171.00	9805267968
2011/03/30	1017.17	1019.17	1004.38	1006.37	1944159.00	6412176384
2011/03/31	1006.72	1019.32	1005.37	1008.30	1590417.00	5135415296
2011/04/01	1006.04	1015.08	1002.86	1015.08	1294020.00	4125940224
2011/04/06	1011.68	1011.82	992.31	994.26	1541655.00	4960951296
2011/04/07	993.38	1004.41	992.43	1004.41	1773952.00	5465478144
2011/04/08	1004.14	1019.14	1002.38	1019.14	1569268.00	4954630656
2011/04/11	1021.31	1022.56	1002.43	1002.80	1710575.00	5550287872
2011/04/12	1000.77	1007.25	997.75	1000.17	1354872.00	4373985792
2011/04/13	999.53	1020.75	998.52	1020.75	1508996.00	5016655872
2011/04/14	1021.10	1021.46	1013.99	1016.62	1412611.00	4647286784
2011/04/15	1015.97	1016.15	1002.64	1010.06	1777146.00	5334863872
2011/04/18	1008.48	1010.66	1000.18	1003.26	1524246.00	4609672704
2011/04/19	1000.88	1000.88	986.90	994.30	1759370.00	5369582080
2011/04/20	993.94	1009.50	991.88	1008.18	1687703.00	5324734464
2011/04/21	1007.98	1017.70	1006.91	1010.56	2388192.00	7231817728
2011/04/22	1008.17	1008.30	1000.92	1004.65	1893596.00	5644620800
2011/04/25	1001.08	1001.08	974.99	975.18	1990287.00	5888716800
2011/04/26	970.96	973.56	954.98	958.29	1969918.00	5652329472
2011/04/27	956.77	961.64	936.99	942.54	1827125.00	5145598976
2011/04/28	941.20	944.70	903.03	904.15	1934849.00	5251374080
2011/04/29	901.16	912.72	897.20	912.72	1317671.00	3479072256
2011/05/03	911.79	923.06	907.28	922.07	1226499.00	3188961536
2011/05/04	919.67	919.67	901.92	903.99	1270602.00	3320308480
2011/05/05	901.48	919.60	900.35	914.59	1473809.00	3827691008
2011/05/06	910.14	920.77	904.74	918.28	1334006.00	3522256128
2011/05/09	920.12	935.90	920.12	931.77	1557072.00	3716391936
2011/05/10	932.88	933.24	925.04	931.21	1267214.00	3183772928
2011/05/11	931.51	933.28	923.26	929.95	1596040.00	4410316288
2011/05/12	927.15	927.15	909.14	909.26	1646753.00	4266441472
2011/05/13	909.25	912.61	897.80	909.77	1544289.00	3926926080
2011/05/16	911.34	916.02	906.08	906.34	1332884.00	3472837120
2011/05/17	903.98	904.48	890.36	895.15	1624413.00	3917310208
2011/05/18	891.99	894.89	888.18	890.79	1744464.00	4078169088
2011/05/19	891.48	895.54	883.87	884.89	1448972.00	3346404352
2011/05/20	884.06	884.33	873.87	875.43	1416626.00	3351488256
2011/05/23	873.31	873.59	840.65	840.90	2047423.00	4393330176
2011/05/24	836.79	876.60	828.50	870.94	2782845.00	5944870912
2011/05/25	867.68	867.68	842.12	842.35	2176376.00	4720996352
2011/05/26	843.62	852.98	830.64	830.92	1741446.00	3719252480
2011/05/27	830.61	835.87	819.87	822.94	1849515.00	3744635392
2011/05/30	819.87	844.97	816.39	834.32	2335783.00	4571868672
2011/05/31	836.35	846.32	828.66	846.32	2499466.00	5157702144
2011/06/01	846.48	852.66	843.29	851.17	2358779.00	4868533248
2011/06/02	841.52	841.52	823.10	833.74	2095703.00	4407384576
2011/06/03	833.44	849.73	832.53	847.55	1958065.00	4140481792
2011/06/07	845.25	848.22	842.46	847.71	1598940.00	3329774336
2011/06/08	846.67	846.93	836.99	844.98	2043436.00	4330929664
2011/06/09	843.58	843.58	828.02	828.02	2017612.00	4139096576
2011/06/10	825.55	826.54	811.09	824.03	1785817.00	3664235008
2011/06/13	820.24	833.25	811.39	829.36	1614047.00	3333026304
2011/06/14	829.51	840.69	829.27	838.47	1703028.00	3507106816
2011/06/15	837.54	840.54	826.94	827.53	2073053.00	4080173824
2011/06/16	822.37	822.55	809.93	810.71	1731524.00	3371612672
2011/06/17	809.16	813.21	801.31	802.64	1428628.00	2766364672
2011/06/20	800.62	800.62	787.57	791.76	1477889.00	2876137984
2011/06/21	792.00	796.85	786.33	795.61	1508402.00	2999277056
2011/06/22	797.42	798.24	788.56	791.51	1847725.00	3505316864
2011/06/23	790.70	815.78	783.86	814.44	3043269.00	5943584256
2011/06/24	812.31	835.30	810.58	832.32	3506956.00	6994283520
2011/06/27	832.62	850.39	832.62	843.86	3397416.00	6864339968
2011/06/28	843.98	844.96	836.94	844.18	2329661.00	4672379392
2011/06/29	844.85	850.36	836.38	836.38	2870804.00	5872462848
2011/06/30	834.82	846.88	834.82	845.92	2412281.00	4891355648
2011/07/01	847.54	862.34	847.54	855.27	3052681.00	6170353152
2011/07/04	856.50	876.17	856.50	876.17	3605971.00	7354353152
2011/07/05	877.52	885.78	876.90	883.42	3429034.00	7175435776
2011/07/06	881.60	894.28	877.82	894.28	4005587.00	8639828992
2011/07/07	893.60	911.87	891.73	899.80	4980368.00	10655698944
2011/07/08	899.47	902.05	888.22	894.91	3350704.00	7319717376
2011/07/11	894.07	903.90	889.82	903.31	3138543.00	6624467968
2011/07/12	895.49	898.99	888.58	891.52	4134161.00	8670303232
2011/07/13	890.30	913.09	890.30	913.09	3773358.00	8157268480
2011/07/14	913.49	932.78	913.49	932.78	5124319.00	10920512512
2011/07/15	935.54	951.40	933.49	951.14	6429022.00	13881474048
2011/07/18	952.03	959.27	944.10	946.12	4886468.00	11029387264
2011/07/19	940.42	940.42	924.09	927.30	4242889.00	9703353344
2011/07/20	932.21	937.75	920.22	930.83	3652248.00	8278149120
2011/07/21	930.26	930.89	915.37	915.37	3321787.00	7316009984
2011/07/22	917.63	929.93	917.63	924.00	3272156.00	7457390080
2011/07/25	920.85	920.85	884.10	887.06	4313444.00	9649924096
2011/07/26	884.02	892.54	878.16	892.54	2911907.00	6559334400
2011/07/27	890.03	917.16	883.97	915.55	3884076.00	9233375232
2011/07/28	907.25	920.03	902.50	919.40	3749075.00	9080102912
2011/07/29	919.53	924.84	910.24	913.28	3734791.00	8776327168
2011/08/01	911.94	931.37	910.98	927.38	3717874.00	9110396928
2011/08/02	923.09	932.12	905.01	932.12	4822299.00	11269092352
2011/08/03	922.81	951.59	918.64	945.51	6078198.00	14886599680
2011/08/04	944.83	950.03	935.42	937.48	4490789.00	10914949120
2011/08/05	905.16	926.62	899.32	919.19	4278637.00	10291978240
2011/08/08	908.08	913.32	859.16	877.44	4853829.00	11073540096
2011/08/09	849.00	884.84	835.28	878.76	4248659.00	9836040192
2011/08/10	891.22	901.86	889.86	891.75	4152964.00	10010493952
2011/08/11	873.12	915.49	870.29	915.49	4790986.00	11144850432
2011/08/12	920.29	932.78	920.29	926.30	4554967.00	10580586496
2011/08/15	928.98	946.80	928.98	942.49	4478420.00	10679564288
2011/08/16	942.95	944.87	929.79	933.14	4114517.00	9623865344
2011/08/17	932.01	941.45	926.02	936.16	4004712.00	9578372096
2011/08/18	934.58	935.11	915.26	915.68	3953249.00	9600111616
2011/08/19	895.65	912.42	891.80	912.42	4432501.00	11689863168
2011/08/22	913.61	925.39	907.86	910.61	4341367.00	10879156224
2011/08/23	912.35	936.42	912.35	936.42	5674449.00	13627193344
2011/08/24	940.42	954.23	939.28	940.20	6468434.00	16118827008
2011/08/25	942.64	943.72	927.36	942.94	5311157.00	13266327552
2011/08/26	940.53	954.72	937.97	952.81	5508088.00	14008182784
2011/08/29	951.55	959.67	947.73	954.03	5130036.00	12775062528
2011/08/30	957.29	960.15	933.82	934.19	4772780.00	11878773760
2011/08/31	931.79	936.10	911.82	921.50	3969353.00	9851119616
2011/09/01	921.97	930.19	913.16	917.75	3455754.00	8134801408
2011/09/02	916.07	918.59	902.48	909.85	3296039.00	7913840640
2011/09/05	902.37	902.37	883.46	883.87	3247565.00	7951251456
2011/09/06	876.71	884.61	869.81	874.74	3094362.00	7730619904
2011/09/07	877.87	899.61	877.78	899.61	3146188.00	7500404224
2011/09/08	903.25	909.88	891.52	891.93	3276209.00	7987966976
2011/09/09	889.47	895.84	877.53	881.58	2616606.00	6357588480
2011/09/13	870.04	870.04	858.91	861.92	2287849.00	5421784064
2011/09/14	864.08	877.04	855.34	876.95	2420365.00	5608072704
2011/09/15	877.93	885.71	875.68	875.86	2623923.00	6100113408
2011/09/16	878.56	883.10	873.55	874.88	2803521.00	6380639232
2011/09/19	871.88	871.88	854.64	854.71	2374811.00	5182461440
2011/09/20	850.97	861.18	846.03	856.81	2097516.00	4637952512
2011/09/21	856.80	881.56	854.29	881.03	3279914.00	7099938304
2011/09/22	876.25	879.10	852.92	852.92	3121393.00	6610733568
2011/09/23	840.18	848.27	833.77	843.48	2640321.00	5394921984
2011/09/26	842.00	848.82	826.83	829.35	2248383.00	4639541760
2011/09/27	833.64	839.19	822.84	830.88	2753487.00	5987873280
2011/09/28	834.03	838.33	814.34	817.52	2458248.00	5408457728
2011/09/29	813.26	813.26	791.05	791.89	2625983.00	5528186880
2011/09/30	792.76	796.48	781.79	791.13	1950389.00	4006547968
2011/10/10	792.97	796.86	786.84	790.04	1621991.00	3545656576
2011/10/11	806.70	812.45	778.05	786.15	2572308.00	5427048448
2011/10/12	783.43	817.02	773.93	816.14	3644532.00	7659131904
2011/10/13	816.53	835.63	814.63	833.02	4197492.00	9038530560
2011/10/14	830.48	833.03	819.98	830.20	3330833.00	7250855424
2011/10/17	832.86	839.26	826.81	832.29	3697721.00	8256077312
2011/10/18	826.53	828.18	806.00	806.60	3930548.00	8528039936
2011/10/19	807.21	813.95	798.80	804.44	3006662.00	6554715136
2011/10/20	801.03	801.03	771.15	778.95	3368182.00	7086763520
2011/10/21	777.03	779.46	760.16	763.30	2590864.00	5280393728
2011/10/24	761.43	772.96	741.33	772.41	3335606.00	6612616192
2011/10/25	770.84	799.10	769.29	797.86	4508874.00	9285783552
2011/10/26	794.29	820.81	791.00	811.13	6050439.00	12740890624
2011/10/27	810.72	821.29	807.12	810.92	5078367.00	10636171264
2011/10/28	820.42	833.73	813.93	833.42	5755198.00	12072394752
2011/10/31	834.30	852.80	831.50	852.80	6252855.00	13378504704
2011/11/01	843.80	855.35	840.06	853.36	6301051.00	13351871488
2011/11/02	837.07	881.05	833.90	881.05	8516045.00	18532100096
2011/11/03	885.87	898.31	877.66	877.66	9918096.00	21954496512
2011/11/04	881.62	887.67	876.44	882.25	6660408.00	14420357120
2011/11/07	880.15	889.34	876.54	878.76	5225319.00	11184477184
2011/11/08	878.45	879.90	861.38	862.36	5445643.00	11385943040
2011/11/09	866.91	891.12	860.75	891.12	6883980.00	14462601216
2011/11/10	881.69	911.73	878.99	895.27	10350637.00	21271803904
2011/11/11	893.72	901.80	885.59	891.19	7667414.00	15299229696
2011/11/14	899.11	917.27	899.11	915.98	8111971.00	17301794816
2011/11/15	916.62	922.81	912.81	920.97	7390361.00	16086624256
2011/11/16	921.30	922.07	888.88	893.51	7071703.00	15581016064
2011/11/17	893.79	911.90	890.82	898.34	6529090.00	15537257472
2011/11/18	892.63	892.75	868.26	869.19	6104312.00	13975896064
2011/11/21	866.98	868.31	849.56	863.13	4658928.00	10562271232
2011/11/22	856.20	868.48	852.04	868.43	4089330.00	9250623488
2011/11/23	868.78	874.30	863.06	864.81	4401077.00	10233348096
2011/11/24	856.67	874.92	852.00	868.14	4339727.00	9901306880
2011/11/25	866.99	874.48	860.63	863.50	4199906.00	9380876288
2011/11/28	864.38	871.28	858.46	866.84	3976936.00	8814186496
2011/11/29	872.20	880.31	866.74	880.31	4643474.00	10228453376
2011/11/30	878.68	878.68	824.95	838.11	5836484.00	12361840640
2011/12/01	861.55	872.34	852.87	852.87	5721672.00	12628591616
2011/12/02	849.18	849.18	825.08	829.18	4038192.00	8618166272
2011/12/05	825.60	826.09	790.30	792.50	3444620.00	7250952192
2011/12/06	788.44	801.93	783.28	798.10	3163314.00	6739986432
2011/12/07	797.18	806.42	794.37	802.63	3027376.00	6383926272
2011/12/08	799.49	819.97	788.62	809.43	4313035.00	9152577536
2011/12/09	802.13	812.17	796.19	798.84	3100104.00	6681687552
2011/12/12	798.81	803.74	789.79	790.79	2535366.00	5396682752
2011/12/13	787.08	787.08	765.04	768.92	3434003.00	6930548736
2011/12/14	766.18	773.77	754.32	755.76	3208381.00	6600592384
2011/12/15	751.55	756.81	743.27	746.56	3484289.00	6640247808
2011/12/16	745.52	778.78	745.52	778.78	4329477.00	8408399872
2011/12/19	774.65	793.44	767.07	793.44	5077001.00	9994733568
2011/12/20	791.82	799.66	780.92	781.42	4050591.00	8198645248
2011/12/21	786.98	791.23	760.92	761.34	3864116.00	7721842688
2011/12/22	754.48	767.32	727.74	757.90	4661591.00	8933609472
2011/12/23	754.89	770.38	750.96	761.44	3634598.00	6986410496
2011/12/26	760.67	769.92	751.61	753.05	2920371.00	5633032192
2011/12/27	749.61	749.92	725.11	727.17	3309758.00	6339851264
2011/12/28	721.84	721.84	700.11	717.55	3184213.00	5817504256
2011/12/29	714.58	722.20	710.65	716.55	2826756.00	5237685248
2011/12/30	718.03	730.53	718.03	729.50	3107814.00	5922430464
2012/01/04	734.74	737.91	707.11	707.11	3199979.00	6255422464
2012/01/05	700.32	701.04	665.41	666.91	4016076.00	7183916544
2012/01/06	662.65	672.13	645.80	669.02	3237513.00	5678513664
2012/01/09	667.86	692.42	657.18	692.42	4139809.00	7281459712
2012/01/10	691.65	718.29	690.50	716.45	5745642.00	10204141568
2012/01/11	715.04	728.66	710.53	717.94	4991163.00	9200832512
2012/01/12	715.82	724.08	708.68	709.89	3943702.00	7527130624
2012/01/13	709.05	709.63	665.26	666.08	4993608.00	9195455488
2012/01/16	657.80	657.80	633.31	633.91	3313455.00	5707095040
2012/01/17	630.78	664.70	623.64	662.69	4536489.00	7714785280
2012/01/18	662.94	665.60	621.67	624.91	4788498.00	8235362304
2012/01/19	621.65	637.02	612.28	632.80	4378062.00	7181059072
2012/01/20	634.83	648.14	634.57	646.38	3794610.00	6148722176
2012/01/30	649.42	660.06	644.88	651.25	3696327.00	6254369280
2012/01/31	649.37	650.49	637.43	648.68	3122930.00	5195524096
2012/02/01	647.49	663.27	644.58	650.78	3643957.00	6381267968
2012/02/02	652.06	665.40	652.06	665.40	3948430.00	6593330176
2012/02/03	665.35	681.89	663.01	680.05	5084726.00	8515800064
2012/02/06	681.04	689.96	680.70	686.51	4913461.00	8371000832
2012/02/07	683.88	683.88	669.54	673.68	4022295.00	6922642432
2012/02/08	673.07	692.30	669.63	692.30	4690440.00	7866153984
2012/02/09	692.36	705.70	690.68	697.79	5973568.00	10602221568
2012/02/10	696.53	703.09	693.75	698.85	4682200.00	8154155008
2012/02/13	694.24	718.67	690.53	714.96	5579600.00	10169381888
2012/02/14	714.75	717.77	707.97	712.30	4136396.00	7509932544
2012/02/15	711.62	724.75	707.14	724.75	5543245.00	9792724992
2012/02/16	723.43	731.45	714.40	721.83	6034967.00	10910654464
2012/02/17	722.62	726.94	709.23	717.80	4661936.00	8426792960
2012/02/20	726.88	731.41	720.97	721.10	5648109.00	10548619264
2012/02/21	719.29	736.88	713.65	736.88	6682663.00	12894850048
2012/02/22	737.78	759.56	737.78	759.56	8969181.00	17076253696
2012/02/23	760.67	765.42	748.62	756.90	8406383.00	16461539328
2012/02/24	756.16	764.74	755.19	762.29	7390735.00	14471959552
2012/02/27	763.96	771.30	760.24	760.37	8006043.00	15972548608
2012/02/28	757.45	758.17	737.37	747.77	7978856.00	15831913472
2012/02/29	747.22	748.09	734.24	735.34	5904584.00	11878243328
2012/03/01	734.25	748.80	733.78	743.15	5005155.00	9873184768
2012/03/02	743.85	757.67	743.85	757.67	5487446.00	10541741056
2012/03/05	759.65	766.75	758.83	759.37	6271369.00	12583515136
2012/03/06	758.08	758.72	743.61	750.84	6023767.00	12092241920
2012/03/07	743.05	759.45	740.61	749.27	5943515.00	11618574336
2012/03/08	751.98	764.00	751.98	761.70	5558078.00	10954819584
2012/03/09	764.48	777.69	763.72	777.69	6901048.00	13933155328
2012/03/12	779.51	786.05	778.51	786.05	6946632.00	14504782848
2012/03/13	785.53	792.38	782.94	792.38	7151396.00	14471235584
2012/03/14	795.12	799.83	750.13	756.46	10995380.00	22280605696
2012/03/15	754.53	759.53	735.09	746.44	7483183.00	15366282240
2012/03/16	748.05	765.56	745.35	765.56	6549302.00	13206207488
2012/03/19	764.95	779.56	763.36	779.56	6515828.00	13428958208
2012/03/20	777.39	777.39	755.40	755.58	6107046.00	12632652800
2012/03/21	758.89	761.34	737.99	751.79	6039931.00	12464781312
2012/03/22	750.45	756.35	744.89	750.85	4550955.00	9307823104
2012/03/23	748.87	750.69	735.15	737.89	4480951.00	8913025024
2012/03/26	735.16	742.26	731.31	737.21	3642017.00	7504210944
2012/03/27	739.44	745.83	733.84	735.73	4024034.00	8327455232
2012/03/28	732.68	732.68	697.51	698.49	5442515.00	10343209984
2012/03/29	692.37	695.96	676.99	683.96	4575497.00	8796279808
2012/03/30	682.28	686.50	673.49	678.52	4235670.00	7524522496
2012/04/05	677.76	698.30	676.51	697.75	4398591.00	8139042816
2012/04/06	697.86	705.38	695.65	701.90	4392632.00	8123333120
2012/04/09	699.87	701.59	689.72	689.72	3567381.00	6617421312
2012/04/10	686.48	697.17	672.99	697.17	4428713.00	8335929344
2012/04/11	689.85	701.93	685.75	698.49	3932710.00	7289342464
2012/04/12	699.42	713.25	697.74	713.12	4848404.00	8742504448
2012/04/13	715.04	723.89	714.24	718.96	5012434.00	9048128512
2012/04/16	714.85	719.88	712.02	716.23	3810806.00	7020923904
2012/04/17	716.53	718.46	708.40	709.14	3916592.00	7205047296
2012/04/18	710.14	724.03	710.10	723.46	4872801.00	8658680832
2012/04/19	723.83	728.46	721.59	725.12	4816491.00	8671576064
2012/04/20	724.13	728.72	720.83	728.72	4664623.00	8563810816
2012/04/23	724.90	724.90	689.44	690.43	7329877.00	12184521728
2012/04/24	680.61	689.88	663.92	681.53	5847302.00	9768644608
2012/04/25	679.75	684.48	674.55	682.52	4409875.00	7488756736
2012/04/26	683.02	685.82	673.94	678.44	3854188.00	6393999872
2012/04/27	677.55	689.10	676.07	685.13	4055113.00	6645783552
2012/05/02	692.35	696.42	686.18	693.61	4355691.00	7297612800
2012/05/03	693.40	699.41	690.76	699.31	4122606.00	7163295744
2012/05/04	699.88	713.84	699.88	713.19	5389720.00	9559414784
2012/05/07	710.98	733.05	709.87	733.05	6120061.00	11365815296
2012/05/08	733.83	738.52	730.55	731.72	6619395.00	12256109568
2012/05/09	727.60	727.70	718.72	719.35	5805832.00	10722110464
2012/05/10	718.24	730.78	718.24	727.29	5157954.00	9364610048
2012/05/11	726.56	730.83	720.93	721.08	6002106.00	10597363712
2012/05/14	725.52	729.67	717.94	719.87	6024591.00	10781065216
2012/05/15	714.58	720.21	709.63	720.12	5181662.00	8551771136
2012/05/16	718.71	722.21	709.88	709.96	4539304.00	7995872256
2012/05/17	709.50	718.44	703.93	716.17	4652232.00	7831743488
2012/05/18	711.69	717.27	705.25	706.22	5671257.00	9506850816
2012/05/21	705.86	709.68	698.81	704.80	4603324.00	7718877184
2012/05/22	706.92	714.91	706.92	714.66	4144233.00	7065822208
2012/05/23	715.03	717.20	705.20	713.02	5134553.00	8355796480
2012/05/24	711.69	718.02	710.07	712.58	5074632.00	7938728448
2012/05/25	713.04	714.90	700.62	702.72	4753242.00	7405138432
2012/05/28	699.64	707.49	686.07	706.47	4642532.00	6957912576
2012/05/29	705.79	721.73	704.20	720.45	5517465.00	8614719488
2012/05/30	720.57	731.28	719.14	727.19	6051260.00	9449503744
2012/05/31	724.46	740.49	721.71	734.45	6704539.00	10470688768
2012/06/01	733.62	739.93	730.00	734.26	6364929.00	10281749504
2012/06/04	721.68	734.26	717.04	717.10	6180151.00	9890638848
2012/06/05	718.11	721.57	713.58	715.93	4196363.00	6980781056
2012/06/06	717.13	722.36	711.19	715.24	3899402.00	6135925760
2012/06/07	721.56	725.29	709.17	711.43	4404545.00	7129425920
2012/06/08	716.42	721.36	710.27	713.92	5113299.00	8438783488
2012/06/11	714.12	734.50	714.12	734.50	6469825.00	10564122624
2012/06/12	731.04	739.02	729.71	735.29	6473938.00	10540730368
2012/06/13	735.60	746.51	735.60	746.51	7171411.00	11393901568
2012/06/14	745.76	750.28	739.91	740.97	7100317.00	11173150720
2012/06/15	742.38	747.30	733.33	742.27	6901456.00	10690936832
2012/06/18	744.05	753.77	744.05	752.98	7963397.00	12661071872
2012/06/19	751.27	752.77	746.09	747.49	8450025.00	13676340224
2012/06/20	747.64	751.90	746.03	748.39	8516857.00	13382776832
2012/06/21	746.61	746.61	732.17	739.05	7793460.00	12077737984
2012/06/25	736.18	736.18	720.47	720.60	6650404.00	10246995968
2012/06/26	716.30	719.33	703.03	715.92	6050190.00	9346811904
2012/06/27	715.52	728.54	715.38	718.93	6893909.00	11153943552
2012/06/28	719.09	723.07	710.90	711.14	7400715.00	11543258112
2012/06/29	708.11	726.68	705.86	726.68	7104600.00	10943670272
2012/07/02	730.77	744.96	730.76	741.19	7743385.00	12662425600
2012/07/03	742.20	751.36	739.92	743.90	9347557.00	15016559616
2012/07/04	744.70	747.84	736.90	739.62	7965050.00	12651427840
2012/07/05	738.49	738.49	721.36	724.31	7451569.00	12658470912
2012/07/06	727.69	737.69	712.44	737.29	8229852.00	13946959872
2012/07/09	733.66	737.79	721.60	722.28	7618162.00	12513336320
2012/07/10	719.89	721.81	710.73	713.53	7035974.00	11258737664
2012/07/11	710.89	719.30	706.72	719.30	5668274.00	9289328640
2012/07/12	718.62	735.70	717.20	734.32	7327214.00	12010072064
2012/07/13	731.49	736.46	722.65	725.79	7484220.00	11769919488
2012/07/16	722.82	722.82	691.23	691.39	8277827.00	12381725696
2012/07/17	687.74	697.00	686.11	697.00	5490463.00	8135860224
2012/07/18	695.92	702.17	684.30	702.14	6205299.00	9330485248
2012/07/19	701.23	714.92	698.48	709.17	7086094.00	10606734336
2012/07/20	707.83	714.15	704.87	706.25	5726629.00	8561980416
2012/07/23	703.20	708.21	697.69	704.57	5174113.00	7928103936
2012/07/24	700.58	712.10	698.39	706.40	5225362.00	7916527104
2012/07/25	704.70	715.97	703.35	708.30	6079427.00	9581913088
2012/07/26	707.77	717.76	704.97	706.73	5454038.00	9334444032
2012/07/27	707.97	711.57	698.18	703.58	5414012.00	9297519616
2012/07/30	703.70	707.63	685.84	688.47	5253858.00	8081165824
2012/07/31	686.54	687.69	672.28	676.96	4853301.00	7268193280
2012/08/01	677.53	694.54	676.34	689.49	4694356.00	7264239616
2012/08/02	688.33	694.83	684.20	690.98	4952914.00	8007464448
2012/08/03	691.79	711.93	690.26	711.93	6116857.00	9951737856
2012/08/06	708.26	731.39	706.83	730.42	7449598.00	12166356992
2012/08/07	729.63	737.58	729.44	736.01	7168251.00	12394076160
2012/08/08	734.88	734.88	723.98	730.07	5817704.00	9512717312
2012/08/09	729.50	743.23	727.70	743.20	7047415.00	11361191936
2012/08/10	743.29	744.84	736.55	743.07	6130295.00	9977133056
2012/08/13	742.38	742.38	726.93	727.64	6153185.00	9743976448
2012/08/14	726.84	736.45	714.65	736.35	6321177.00	9961432064
2012/08/15	734.87	736.28	728.49	729.73	5061584.00	8380069376
2012/08/16	728.66	730.13	720.72	723.53	4190765.00	6519146496
2012/08/17	721.33	723.20	714.02	721.05	4587319.00	7575892992
2012/08/20	718.14	732.67	713.15	730.87	5226300.00	7873937408
2012/08/21	730.29	752.78	729.99	748.94	8531240.00	12839668736
2012/08/22	749.00	756.53	743.61	746.85	8927210.00	13830394880
2012/08/23	745.47	751.71	741.38	750.56	8967547.00	13400264704
2012/08/24	747.73	750.36	733.31	733.31	7938355.00	11822665728
2012/08/27	731.67	731.67	721.20	722.57	6616475.00	9809827840
2012/08/28	720.83	733.13	717.53	727.62	6369417.00	9864506368
2012/08/29	726.70	736.74	722.82	726.94	7768386.00	11864800256
2012/08/30	727.21	729.05	692.14	704.04	9026271.00	13884424192
2012/08/31	701.37	710.02	698.62	706.63	5713335.00	8490188288
2012/09/03	703.81	725.17	701.70	723.87	6550695.00	10114035712
2012/09/04	724.70	732.36	721.52	722.72	7726658.00	11831119872
2012/09/05	721.07	732.77	719.34	730.62	7974380.00	11487502336
2012/09/06	732.46	739.74	731.24	739.74	8159590.00	11740803072
2012/09/07	744.65	764.45	744.24	759.46	13543457.00	19814877184
2012/09/10	759.69	765.31	756.03	762.31	11740557.00	17374341120
2012/09/11	761.55	762.51	756.77	761.73	10596146.00	15177981952
2012/09/12	763.04	766.52	754.32	762.51	9339447.00	13624413184
2012/09/13	761.78	764.36	749.89	749.89	9173258.00	13205104640
2012/09/14	753.60	756.20	738.95	744.46	8116033.00	11716487168
2012/09/17	742.69	742.69	724.15	724.15	6607894.00	9249355776
2012/09/18	722.38	730.36	720.45	723.61	5238138.00	7477218304
2012/09/19	724.89	730.30	723.64	728.25	5185624.00	7229563392
2012/09/20	727.96	727.96	704.91	706.69	7233442.00	10191954944
2012/09/21	703.42	706.52	689.53	691.14	5853244.00	8191398912
2012/09/24	685.99	695.19	678.35	690.34	4778873.00	6574084608
2012/09/25	688.21	693.76	680.65	682.34	4456482.00	6326870016
2012/09/26	680.47	682.67	660.12	661.49	4785551.00	6489859072
2012/09/27	662.78	680.48	662.78	676.96	5945532.00	8161646592
2012/09/28	674.19	691.06	671.61	689.64	5422737.00	7332236288
2012/10/08	690.35	693.64	686.27	690.77	4349179.00	6159034368
2012/10/09	691.39	712.78	691.39	712.70	7160979.00	9896808448
2012/10/10	712.15	722.52	709.92	721.85	7759452.00	10888650752
2012/10/11	720.39	724.70	711.63	711.80	7193188.00	10103312384
2012/10/12	711.83	721.26	700.97	708.87	5987717.00	8358519808
2012/10/15	706.23	707.13	694.12	701.96	6047798.00	8292546048
2012/10/16	700.94	711.87	698.97	705.39	5172678.00	7118676480
2012/10/17	706.09	711.41	701.64	709.09	4990477.00	6479670784
2012/10/18	709.29	721.68	709.29	720.52	6401506.00	8488528384
2012/10/19	720.85	722.61	715.92	719.45	5538692.00	7311275008
2012/10/22	716.53	724.29	714.70	724.28	4823413.00	6624270336
2012/10/23	723.83	725.38	710.55	711.26	5466438.00	7625218048
2012/10/24	707.31	713.96	704.41	707.75	4503437.00	6164856832
2012/10/25	707.88	710.98	696.45	697.44	5334304.00	6885202944
2012/10/26	695.89	697.46	680.91	685.33	5193825.00	6962721280
2012/10/29	684.34	691.60	682.76	688.12	3560575.00	4970393088
2012/10/30	688.51	694.67	687.79	689.61	3599959.00	4842596352
2012/10/31	689.63	691.65	685.05	691.65	3571402.00	4797871104
2012/11/01	692.06	702.95	692.06	701.78	5259020.00	7205082624
2012/11/02	702.03	703.13	697.06	701.38	4204743.00	5825715200
2012/11/05	700.11	703.46	690.94	692.87	4639898.00	6375226368
2012/11/06	693.36	693.37	679.96	690.50	5455889.00	7189585920
2012/11/07	689.79	692.58	686.61	689.75	4386247.00	5742192128
2012/11/08	684.89	685.45	675.76	675.85	4815109.00	6110953472
2012/11/09	674.59	679.02	671.69	672.67	4163753.00	5322676224
2012/11/12	674.76	681.30	671.63	676.60	4382155.00	5874603520
2012/11/13	676.26	676.38	666.34	667.33	4886383.00	6803796480
2012/11/14	666.40	667.78	657.58	665.19	4510091.00	6310714880
2012/11/15	662.90	667.87	657.35	659.21	4555696.00	6158165504
2012/11/16	659.38	660.11	653.02	656.20	4490723.00	5846866944
2012/11/19	654.78	657.38	647.87	656.94	4604529.00	5909833728
2012/11/20	657.40	661.24	656.08	656.61	5259807.00	6688990208
2012/11/21	656.44	661.89	646.64	660.03	5876733.00	7191150592
2012/11/22	659.13	659.20	650.39	651.83	4934022.00	6072165376
2012/11/23	652.94	656.36	650.27	651.43	5051590.00	6264629760
2012/11/26	651.06	651.06	638.38	638.88	4251120.00	5362885120
2012/11/27	635.26	635.26	615.59	616.28	5938245.00	7055560704
2012/11/28	611.91	611.91	605.69	607.67	4225699.00	4823148544
2012/11/29	607.17	611.89	601.18	603.17	4185996.00	4654642688
2012/11/30	602.95	608.54	601.05	606.77	3821376.00	4240512000
2012/12/03	605.60	607.25	593.20	593.66	4334761.00	4661748224
2012/12/04	592.40	601.50	585.44	600.80	4819209.00	5175262720
2012/12/05	599.45	627.85	597.76	624.82	7126108.00	8027332608
2012/12/06	625.16	630.22	619.49	624.32	5574226.00	6030374912
2012/12/07	624.15	638.17	622.22	637.49	7409448.00	8041907712
2012/12/10	638.24	647.54	636.17	646.32	9109238.00	9947908096
2012/12/11	645.25	646.79	640.69	641.17	7556457.00	8235948544
2012/12/12	639.91	640.93	631.14	639.51	7066769.00	8221286912
2012/12/13	638.09	641.17	631.19	632.18	6302316.00	7262010880
2012/12/14	631.45	656.59	631.22	656.22	10223857.00	11846292480
2012/12/17	656.75	658.39	646.27	649.61	8774594.00	10498177024
2012/12/18	648.56	654.35	643.05	646.05	8205784.00	9741142016
2012/12/19	645.14	654.41	644.97	652.10	7097528.00	8524708864
2012/12/20	652.04	658.31	648.49	658.31	9026823.00	11318269952
2012/12/21	658.54	670.81	655.63	668.09	10835753.00	14339454976
2012/12/24	666.28	679.76	665.88	679.76	9262876.00	13112772608
2012/12/25	679.57	695.91	678.82	694.12	12040809.00	16555552768
2012/12/26	693.29	709.08	691.99	709.08	12975128.00	18161238016
2012/12/27	709.91	712.85	699.37	699.57	12521587.00	17619951616
2012/12/28	698.91	707.67	694.77	707.67	9936140.00	14345195520
2012/12/31	708.24	713.86	703.62	713.86	9208257.00	13917795328
2013/01/04	717.30	718.39	699.17	705.34	10144828.00	15154003968
2013/01/07	704.37	718.11	702.39	718.11	10828472.00	15829220352
2013/01/08	718.43	735.34	716.30	733.14	13556817.00	19833141248
2013/01/09	732.01	740.64	727.91	734.51	13175455.00	18678317056
2013/01/10	734.31	743.55	734.31	741.18	11541677.00	16211091456
2013/01/11	740.90	746.04	730.40	731.59	13876465.00	20569317376
2013/01/14	735.65	761.73	735.18	760.55	14605320.00	22010693632
2013/01/15	763.63	781.42	763.63	778.60	17366908.00	25882937344
2013/01/16	777.04	779.93	762.04	774.49	13673648.00	20057542656
2013/01/17	773.79	775.82	767.49	768.31	10598854.00	15815666688
2013/01/18	771.31	787.50	771.31	787.39	10860702.00	16637217792
2013/01/21	788.07	793.23	783.42	792.60	10446622.00	16241294336
2013/01/22	792.31	792.55	769.09	775.14	11331764.00	17303310336
2013/01/23	773.74	779.56	765.36	778.48	9171227.00	14057893888
2013/01/24	778.64	784.32	750.36	757.87	11159146.00	16720373760
2013/01/25	757.61	766.78	756.61	762.85	7258003.00	10749982720
2013/01/28	764.09	784.76	764.09	784.76	8328960.00	12456331264
2013/01/29	785.76	795.07	785.76	791.67	9819117.00	15013084160
2013/01/30	791.96	792.77	778.30	783.68	9572741.00	14417985536
2013/01/31	784.11	784.11	771.15	776.01	9124011.00	13519121408
2013/02/01	775.11	785.52	772.94	782.36	8442919.00	12554439680
2013/02/04	783.74	786.56	767.85	771.90	9158984.00	13392113664
2013/02/05	768.41	781.57	765.97	780.98	7394332.00	11308107776
2013/02/06	781.32	794.50	781.32	791.26	7177630.00	10775900160
2013/02/07	792.86	806.31	789.37	805.59	7153997.00	11240184832
2013/02/08	804.96	824.31	804.96	823.03	8513248.00	13504157696
2013/02/18	829.66	835.66	825.95	835.28	10496588.00	15841469440
2013/02/19	834.97	835.41	816.96	819.71	9619500.00	14588089344
2013/02/20	819.03	850.86	819.03	850.86	10784608.00	16691671040
2013/02/21	846.64	853.27	829.60	839.30	12723522.00	18881634304
2013/02/22	837.13	848.16	836.87	838.76	9580222.00	13950876672
2013/02/25	838.88	857.85	838.88	855.69	10134053.00	15521518592
2013/02/26	853.28	865.80	849.94	851.22	11871814.00	19095382016
2013/02/27	852.13	856.12	835.94	846.09	10080143.00	15728187392
2013/02/28	846.34	861.10	844.20	861.10	10356164.00	16057692160
2013/03/01	860.80	885.18	859.83	884.89	13695510.00	21383827456
2013/03/04	880.25	888.79	855.05	863.50	13807495.00	21720938496
2013/03/05	861.23	888.32	857.54	888.10	10776581.00	17242800128
2013/03/06	890.23	905.16	890.23	902.90	13402306.00	21524635648
2013/03/07	902.41	902.41	867.87	877.34	12172461.00	19729743872
2013/03/08	877.73	882.14	861.81	864.70	8671512.00	13639057408
2013/03/11	863.12	872.18	858.04	869.15	6526881.00	10446735360
2013/03/12	869.72	873.47	828.04	839.84	10783893.00	16449540096
2013/03/13	835.46	836.28	821.35	834.05	7152213.00	10652182528
2013/03/14	832.29	845.60	831.57	842.04	6051635.00	9546544128
2013/03/15	841.71	867.87	839.58	853.91	7882427.00	12735345664
2013/03/18	852.15	862.82	850.10	852.12	6612163.00	10568660992
2013/03/19	850.06	854.25	829.19	842.69	6628980.00	10474876928
2013/03/20	842.71	866.27	842.58	866.27	7972105.00	12451496960
2013/03/21	867.90	885.98	866.68	882.73	9362198.00	15108822016
2013/03/22	881.90	884.24	876.92	882.00	7336864.00	11724417024
2013/03/25	882.75	884.85	874.01	881.76	6744977.00	10735075328
2013/03/26	878.56	879.85	862.67	876.36	7059627.00	11288557568
2013/03/27	876.55	885.77	874.25	882.75	6436412.00	10401600512
2013/03/28	877.85	877.85	861.65	867.51	7385805.00	11886967808
2013/03/29	868.09	872.78	860.96	866.46	5532532.00	9101844480
2013/04/01	866.65	879.92	865.98	877.00	5866251.00	9972400128
2013/04/02	875.33	883.15	843.21	845.16	7456575.00	12862232576
2013/04/03	842.36	845.49	827.27	835.14	6106939.00	9845922816
2013/04/08	824.78	853.62	817.35	853.48	6575442.00	10564588544
2013/04/09	854.51	864.12	853.94	861.99	5703842.00	9177423872
2013/04/10	861.27	861.91	843.10	850.53	5556804.00	8865507328
2013/04/11	853.14	855.96	847.39	847.78	4771678.00	7235178496
2013/04/12	847.20	854.22	845.85	846.61	4371018.00	6728069120
2013/04/15	844.11	845.75	834.01	836.34	3993101.00	6128634880
2013/04/16	828.94	846.05	824.84	846.05	4382004.00	6647623168
2013/04/17	845.09	867.51	844.92	867.51	5291209.00	8736038912
2013/04/18	862.70	876.00	860.72	873.48	6084981.00	9963131904
2013/04/19	874.88	895.87	874.88	892.21	8028408.00	13077398528
2013/04/22	890.93	916.02	889.26	916.02	8193787.00	14337880064
2013/04/23	916.42	916.54	892.11	893.79	8480976.00	14524445696
2013/04/24	894.69	925.01	894.69	923.41	8772878.00	15710850048
2013/04/25	924.22	937.56	903.61	903.63	10505929.00	19587078144
2013/04/26	902.00	904.30	886.40	889.38	7160700.00	12785017856
2013/05/02	887.08	914.17	883.79	913.65	5383285.00	10506944512
2013/05/03	916.01	940.28	916.01	939.21	7910952.00	14597169152
2013/05/06	941.09	962.63	941.09	958.02	10341541.00	18598533120
2013/05/07	956.42	964.71	949.84	957.44	9122569.00	15957875712
2013/05/08	960.98	980.08	960.70	980.08	10723616.00	18857281536
2013/05/09	978.94	994.27	978.07	992.16	13408967.00	23758632960
2013/05/10	989.15	996.59	977.43	988.30	12371031.00	21310416896
2013/05/13	989.37	995.25	978.72	995.11	10894688.00	18306514944
2013/05/14	992.62	992.62	971.35	976.33	10262555.00	17409345536
2013/05/15	976.95	1012.67	976.95	1012.66	11464506.00	19375796224
2013/05/16	1010.95	1034.35	999.49	1009.53	16214896.00	27452921856
2013/05/17	1006.47	1029.11	1004.42	1023.40	13263336.00	21290094592
2013/05/20	1025.17	1052.70	1025.17	1051.65	16894820.00	27767123968
2013/05/21	1049.60	1074.89	1045.46	1073.58	17795688.00	29065637888
2013/05/22	1067.44	1067.50	1036.31	1039.81	17050076.00	27248619520
2013/05/23	1035.31	1061.53	1033.12	1042.90	14146082.00	22701936640
2013/05/24	1044.29	1073.78	1044.29	1073.78	15023081.00	24297490432
2013/05/27	1075.83	1091.25	1075.83	1089.72	16132261.00	26457536512
2013/05/28	1089.77	1090.16	1055.64	1059.00	15413444.00	23989071872
2013/05/29	1055.60	1067.03	1053.18	1065.96	11569456.00	17909067776
2013/05/30	1063.00	1078.46	1059.83	1073.87	12702507.00	20346195968
2013/05/31	1074.48	1086.33	1068.07	1073.02	14032823.00	22499551232
2013/06/03	1070.73	1074.82	1050.21	1052.14	12668299.00	21331224576
2013/06/04	1049.10	1049.26	1011.40	1022.46	12745387.00	20321660928
2013/06/05	1021.02	1038.03	1021.02	1032.76	9397943.00	14973290496
2013/06/06	1027.05	1031.36	1020.83	1022.13	9843383.00	15174045696
2013/06/07	1022.56	1039.65	1018.45	1030.14	10557897.00	16621047808
2013/06/13	1019.47	1029.28	986.05	1029.28	9936155.00	16138307584
2013/06/14	1029.93	1069.81	1029.93	1068.15	11803686.00	20003014656
2013/06/17	1074.53	1091.91	1068.61	1073.69	13475017.00	23780831232
2013/06/18	1073.31	1078.53	1053.33	1072.93	11576012.00	19697608704
2013/06/19	1064.74	1070.35	1053.80	1067.63	10743146.00	17854930944
2013/06/20	1060.38	1067.95	1027.84	1029.53	11540617.00	18814150656
2013/06/21	1007.87	1030.13	988.22	1025.50	11389660.00	17502574592
2013/06/24	1023.22	1023.22	961.84	971.45	12623825.00	19105257472
2013/06/25	958.35	991.64	903.67	984.75	15317767.00	23112775680
2013/06/26	984.94	1039.01	984.88	1038.98	16903148.00	26334160896
2013/06/27	1043.66	1063.02	1020.46	1022.50	17666648.00	28082198528
2013/06/28	1012.64	1037.42	1002.19	1011.66	12387924.00	19117445120
2013/07/01	1011.27	1055.84	1005.80	1055.84	12474594.00	19904763904
2013/07/02	1056.91	1086.40	1056.91	1083.25	15790757.00	26463344640
2013/07/03	1079.65	1108.49	1065.51	1104.58	16168071.00	27607484416
2013/07/04	1097.77	1105.79	1085.40	1087.90	14852731.00	24740081664
2013/07/05	1087.69	1091.82	1057.13	1057.27	13408042.00	21923588096
2013/07/08	1035.94	1057.04	1015.67	1030.60	12582243.00	18990876672
2013/07/09	1028.56	1051.51	1026.46	1050.72	10557293.00	16838218752
2013/07/10	1049.21	1069.39	1048.73	1068.86	12160100.00	19681974272
2013/07/11	1066.70	1082.78	1057.44	1080.78	13950763.00	21739335680
2013/07/12	1079.33	1117.69	1077.31	1096.30	15481149.00	25711355904
2013/07/15	1096.19	1139.57	1096.19	1139.57	17356196.00	29363378176
2013/07/16	1141.57	1153.07	1129.74	1143.20	17169448.00	27951022080
2013/07/17	1140.73	1149.47	1118.85	1129.48	17598208.00	28429379584
2013/07/18	1124.79	1138.09	1118.63	1127.97	16214187.00	25474951168
2013/07/19	1125.77	1156.09	1116.01	1116.01	18433528.00	29472653312
2013/07/22	1109.96	1153.77	1107.34	1153.77	15878729.00	25835337728
2013/07/23	1161.08	1179.46	1160.45	1178.59	19928652.00	32615868416
2013/07/24	1181.36	1208.13	1177.59	1203.31	20958972.00	34708639744
2013/07/25	1205.62	1207.23	1148.81	1150.39	20110376.00	33801039872
2013/07/26	1150.25	1166.21	1133.16	1158.35	14411688.00	24185319424
2013/07/29	1155.81	1168.47	1136.40	1136.98	13991334.00	23761197056
2013/07/30	1137.15	1147.02	1095.65	1124.10	13415517.00	22088368128
2013/07/31	1126.10	1143.37	1117.34	1134.02	11352306.00	18354393088
2013/08/01	1135.45	1191.12	1135.45	1190.11	16891922.00	27429804032
2013/08/02	1196.17	1208.33	1187.31	1188.85	19517892.00	31209889792
2013/08/05	1186.73	1202.83	1182.54	1202.83	16244668.00	25389408256
2013/08/06	1202.09	1219.12	1200.69	1211.78	16970664.00	28006707200
2013/08/07	1208.50	1209.37	1173.26	1175.70	16533909.00	27025330176
2013/08/08	1172.09	1195.92	1165.32	1185.96	12980114.00	21070544896
2013/08/09	1185.64	1194.78	1153.45	1172.52	14222932.00	23022673920
2013/08/12	1174.09	1185.37	1146.02	1161.87	14338272.00	23048910848
2013/08/13	1161.49	1180.61	1151.68	1172.33	13353812.00	20796624896
2013/08/14	1175.63	1186.29	1160.02	1180.66	16202466.00	25033854976
2013/08/15	1177.85	1184.40	1165.77	1167.09	15192214.00	23629225984
2013/08/16	1158.96	1178.84	1131.44	1132.09	15946678.00	24698320896
2013/08/19	1126.64	1172.03	1125.59	1171.40	13073910.00	21206249472
2013/08/20	1170.99	1180.99	1164.38	1175.78	15348980.00	24397283328
2013/08/21	1173.61	1185.54	1169.49	1181.34	14205580.00	22532610048
2013/08/22	1180.19	1204.59	1178.41	1197.13	15582737.00	25670359040
2013/08/23	1200.68	1225.89	1188.82	1219.83	18475568.00	32292446208
2013/08/26	1220.98	1241.47	1220.58	1238.17	15475788.00	26959392768
2013/08/27	1238.27	1251.04	1226.38	1250.75	15101603.00	25907140608
2013/08/28	1244.01	1253.40	1228.00	1228.00	16908632.00	29987182592
2013/08/29	1224.61	1236.46	1217.52	1226.30	12459208.00	21806219264
2013/08/30	1221.87	1226.36	1181.89	1185.15	15474750.00	25330362368
2013/09/02	1179.32	1210.53	1178.01	1210.19	9910558.00	17221804032
2013/09/03	1217.77	1234.59	1214.30	1234.59	10850674.00	19774689280
2013/09/04	1233.50	1245.78	1227.32	1236.35	11878652.00	21525065728
2013/09/05	1233.82	1267.53	1233.26	1267.26	13692141.00	25634555904
2013/09/06	1267.84	1288.26	1261.58	1282.75	14537532.00	26119628800
2013/09/09	1282.65	1283.70	1258.13	1275.91	15545329.00	28535408640
2013/09/10	1277.87	1278.04	1254.01	1263.59	14939381.00	26942611456
2013/09/11	1256.66	1256.66	1216.37	1220.71	16208156.00	26570354688
2013/09/12	1215.69	1236.59	1211.60	1220.63	10582306.00	17855041536
2013/09/13	1221.15	1256.04	1210.40	1253.45	11193164.00	20388632576
2013/09/16	1254.47	1297.64	1254.47	1278.80	12435700.00	24339529728
2013/09/17	1279.26	1285.63	1267.71	1269.36	11536022.00	21436207104
2013/09/18	1268.34	1292.33	1262.33	1289.64	11226571.00	20341110784
2013/09/23	1292.76	1326.41	1291.33	1326.09	15010865.00	26553442304
2013/09/24	1325.89	1340.52	1310.33	1328.40	16213363.00	29200130048
2013/09/25	1324.19	1344.39	1320.11	1323.04	14115350.00	26173960192
2013/09/26	1318.52	1332.12	1301.14	1306.34	13170773.00	24308912128
2013/09/27	1305.51	1330.69	1301.48	1323.76	12841526.00	23197800448
2013/09/30	1329.56	1368.66	1329.56	1367.91	11271965.00	22024212480
2013/10/08	1376.37	1389.73	1363.90	1387.66	14307748.00	28890826752
2013/10/09	1385.96	1418.48	1382.10	1415.83	15712792.00	31598168064
2013/10/10	1422.36	1423.97	1377.32	1378.15	17595100.00	35573190656
2013/10/11	1377.98	1386.54	1357.49	1379.90	15418385.00	30153472000
2013/10/14	1374.47	1394.34	1370.72	1393.60	15929058.00	29836699648
2013/10/15	1397.21	1409.50	1378.81	1389.75	17424880.00	32699947008
2013/10/16	1393.01	1393.10	1323.87	1335.10	16294064.00	31582318592
2013/10/17	1339.31	1355.65	1317.75	1322.99	16227186.00	29471256576
2013/10/18	1327.10	1353.97	1327.10	1349.94	13405969.00	24821760000
2013/10/21	1358.88	1403.11	1358.88	1400.97	17347150.00	31820214272
2013/10/22	1401.47	1408.46	1348.69	1350.47	21904618.00	40047497216
2013/10/23	1336.23	1336.23	1293.82	1311.23	17911764.00	31975895040
2013/10/24	1307.11	1319.37	1287.88	1295.93	12197037.00	22412675072
2013/10/25	1298.72	1304.49	1255.59	1269.17	14500064.00	26000588800
2013/10/28	1264.14	1286.00	1262.34	1279.05	12298115.00	21853786112
2013/10/29	1276.27	1292.97	1205.00	1261.68	17475128.00	29907226624
2013/10/30	1256.24	1274.34	1251.01	1273.29	12776898.00	23099461632
2013/10/31	1266.56	1266.56	1232.40	1235.56	11966456.00	21578762240
2013/11/01	1227.69	1233.57	1198.81	1221.96	11666154.00	21308014592
2013/11/04	1217.28	1240.88	1216.85	1222.46	10090941.00	18139619328
2013/11/05	1217.64	1260.37	1208.35	1260.03	12312914.00	21556760576
2013/11/06	1255.47	1277.43	1241.76	1241.79	13869196.00	25085134848
2013/11/07	1234.24	1250.57	1219.31	1224.05	10827570.00	18638213120
2013/11/08	1215.68	1226.32	1204.52	1211.11	10027417.00	17887412224
2013/11/11	1208.26	1223.77	1191.18	1212.69	9151372.00	16533172224
2013/11/12	1213.31	1233.19	1209.54	1228.35	11849087.00	20715919360
2013/11/13	1226.53	1236.39	1210.66	1212.08	11896718.00	20988618752
2013/11/14	1207.45	1251.77	1200.71	1249.67	14711835.00	26829185024
2013/11/15	1248.26	1287.08	1248.07	1269.05	17592110.00	32555859968
2013/11/18	1275.55	1295.21	1275.55	1291.15	17372800.00	30896437248
2013/11/19	1293.06	1312.07	1289.91	1298.17	17254948.00	30573379584
2013/11/20	1299.68	1303.45	1283.66	1299.26	14999286.00	26687565824
2013/11/21	1295.93	1304.74	1288.21	1298.95	15510614.00	28426131456
2013/11/22	1298.47	1300.96	1283.88	1295.07	13785260.00	25550043136
2013/11/25	1290.84	1305.23	1283.66	1293.80	13616777.00	25799727104
2013/11/26	1291.62	1299.67	1280.01	1291.85	14632953.00	28137744384
2013/11/27	1290.19	1336.17	1288.58	1329.48	17314918.00	34545840128
2013/11/28	1333.05	1342.82	1331.45	1336.66	17112566.00	33145298944
2013/11/29	1335.63	1369.12	1335.63	1366.83	20077894.00	39800758272
2013/12/02	1296.70	1317.69	1253.34	1253.93	22464032.00	39743901696
2013/12/03	1223.38	1261.77	1198.06	1255.33	19229992.00	33871620096
2013/12/04	1249.59	1276.06	1240.08	1240.29	17508512.00	30552020992
2013/12/05	1234.50	1236.10	1200.46	1202.07	15902429.00	27278831616
2013/12/06	1196.32	1215.49	1194.75	1206.78	11847877.00	20512667648
2013/12/09	1211.39	1241.77	1211.39	1241.72	12274145.00	22353354752
2013/12/10	1244.57	1249.36	1227.06	1231.92	12573792.00	22076481536
2013/12/11	1230.78	1255.06	1226.58	1244.51	11848543.00	21532585984
2013/12/12	1242.15	1285.27	1238.95	1279.32	13711614.00	26085527552
2013/12/13	1274.17	1286.72	1268.65	1278.14	13409044.00	24546897920
2013/12/16	1279.06	1293.94	1266.94	1279.96	14699192.00	26431791104
2013/12/17	1278.53	1282.17	1248.82	1267.67	13695909.00	23406485504
2013/12/18	1267.77	1267.77	1245.96	1256.00	12548336.00	21614481408
2013/12/19	1253.43	1281.82	1253.43	1256.08	12168729.00	22139764736
2013/12/20	1255.82	1266.03	1246.39	1253.71	10887876.00	19358597120
2013/12/23	1251.41	1253.67	1224.99	1242.81	11405589.00	20263745536
2013/12/24	1242.00	1264.72	1241.91	1258.82	12160292.00	21672398848
2013/12/25	1262.00	1288.85	1258.41	1288.34	15466452.00	28048332800
2013/12/26	1290.87	1297.47	1268.14	1269.54	15968421.00	29526122496
2013/12/27	1265.08	1297.62	1265.08	1294.30	16428741.00	28802887680
2013/12/30	1294.42	1307.99	1292.83	1307.99	17242560.00	29918074880
2013/12/31	1302.67	1309.34	1288.94	1304.44	14670009.00	25925107712
2014/01/02	1302.30	1333.10	1299.34	1333.00	16376142.00	28859385856
2014/01/03	1332.35	1355.12	1331.97	1352.84	19116662.00	33475254272
2014/01/06	1350.31	1354.15	1322.72	1323.33	17027572.00	30196234240
2014/01/07	1315.44	1355.40	1312.27	1352.28	14884362.00	25625235456
2014/01/08	1363.31	1409.21	1363.31	1405.02	22492878.00	42087682048
2014/01/09	1401.80	1423.84	1379.65	1380.24	20653468.00	39430127616
2014/01/10	1373.52	1385.86	1347.61	1353.30	13861382.00	24539394048
2014/01/13	1352.01	1374.15	1349.25	1362.79	12307289.00	22095714304
2014/01/14	1364.80	1400.92	1364.80	1400.92	15252891.00	26575872000
2014/01/15	1399.67	1417.42	1397.95	1415.32	16945264.00	30011801600
2014/01/16	1415.57	1423.12	1392.01	1395.16	17455992.00	31597404160
2014/01/17	1395.03	1411.55	1391.62	1395.51	15810389.00	28223369216
2014/01/20	1393.88	1400.94	1362.45	1372.74	16202711.00	28485308416
2014/01/21	1370.69	1407.45	1370.69	1407.15	17582378.00	32114008064
2014/01/22	1407.46	1432.00	1407.46	1431.74	20805984.00	39733313536
2014/01/23	1433.70	1472.34	1433.17	1461.53	22799104.00	44890750976
2014/01/24	1458.21	1493.64	1455.95	1484.43	22093328.00	44243615744
2014/01/27	1477.46	1500.46	1465.14	1477.67	20450628.00	41782992896
2014/01/28	1476.59	1486.42	1448.47	1471.34	16541491.00	34476281856
2014/01/29	1472.54	1497.72	1469.58	1496.53	16506821.00	34668822528
2014/01/30	1494.12	1507.87	1486.82	1495.98	14843349.00	32870326272
2014/02/07	1489.05	1532.82	1483.69	1532.69	15892295.00	34163183616
2014/02/10	1536.99	1557.03	1525.94	1553.42	21682496.00	46050725888
2014/02/11	1550.62	1559.77	1506.04	1527.15	22927988.00	47991296000
2014/02/12	1527.10	1540.33	1513.91	1539.97	21319228.00	44951670784
2014/02/13	1537.26	1539.66	1484.42	1485.13	22065732.00	47121494016
2014/02/14	1484.56	1516.43	1475.95	1515.78	17613824.00	37157060608
2014/02/17	1521.17	1559.12	1521.17	1558.62	21744952.00	46446272512
2014/02/18	1558.74	1561.77	1539.21	1545.34	22319416.00	47633108992
2014/02/19	1544.64	1551.88	1524.39	1544.40	20648878.00	42963501056
2014/02/20	1545.26	1545.51	1504.17	1515.16	18896408.00	40257712128
2014/02/21	1512.17	1526.03	1503.81	1519.67	14334863.00	31613429760
2014/02/24	1517.97	1542.31	1510.46	1540.03	16353711.00	37284003840
2014/02/25	1543.97	1571.40	1460.41	1472.69	25248336.00	57281671168
2014/02/26	1452.06	1468.00	1415.25	1465.99	16707338.00	36270120960
2014/02/27	1467.27	1496.62	1410.97	1414.66	17271362.00	38015369216
2014/02/28	1410.40	1436.88	1393.00	1434.89	13321363.00	29443131392
2014/03/03	1433.90	1466.23	1431.14	1465.14	13234945.00	29790126080
2014/03/04	1462.26	1475.50	1446.27	1460.45	13269342.00	30992726016
2014/03/05	1467.06	1471.04	1454.94	1464.58	12673360.00	28520040448
2014/03/06	1461.12	1464.41	1427.00	1462.53	13201713.00	31236173824
2014/03/07	1463.93	1477.96	1453.63	1460.61	13195195.00	30562627584
2014/03/10	1446.06	1446.06	1404.59	1407.07	13398525.00	27597047808
2014/03/11	1399.90	1410.38	1380.97	1395.81	11194251.00	23542243328
2014/03/12	1390.86	1418.61	1378.89	1399.27	11410842.00	24447969280
2014/03/13	1401.55	1437.15	1401.43	1436.86	9633420.00	20801118208
2014/03/14	1433.46	1450.38	1424.01	1434.02	9565163.00	21222461440
2014/03/17	1436.11	1477.68	1435.32	1477.42	11510241.00	24591351808
2014/03/18	1479.38	1493.39	1478.72	1485.64	13605173.00	30450620416
2014/03/19	1481.49	1482.30	1456.90	1466.22	12309232.00	27095506944
2014/03/20	1463.07	1466.42	1417.17	1417.66	13673304.00	29000951808
2014/03/21	1405.90	1427.92	1379.74	1419.84	12203934.00	25094287360
2014/03/24	1411.78	1416.86	1392.51	1397.29	11350111.00	23877527552
2014/03/25	1392.14	1410.48	1385.00	1394.82	9708193.00	19931201536
2014/03/26	1396.91	1424.25	1396.91	1417.61	10503642.00	21327138816
2014/03/27	1415.55	1417.36	1367.96	1367.96	11704150.00	23262466048
2014/03/28	1363.87	1364.26	1317.41	1330.50	12565198.00	23828635648
2014/03/31	1327.23	1340.47	1315.49	1327.80	8067195.00	15752431616
2014/04/01	1327.18	1355.74	1326.25	1355.05	8320095.00	16861149184
2014/04/02	1356.68	1360.88	1316.90	1327.98	8936018.00	18435670016
2014/04/03	1326.81	1344.32	1318.82	1326.18	8771988.00	17490591744
2014/04/04	1323.41	1347.05	1316.95	1346.74	8297504.00	16559167488
2014/04/08	1335.39	1351.83	1327.80	1351.18	9691708.00	18769580032
2014/04/09	1355.37	1376.69	1355.37	1370.46	11938833.00	23813206016
2014/04/10	1374.61	1395.04	1374.61	1381.14	14063900.00	28469204992
2014/04/11	1370.40	1370.40	1352.13	1363.90	10808003.00	21014593536
2014/04/14	1367.75	1378.32	1367.75	1372.73	9870846.00	19380641792
2014/04/15	1375.69	1380.86	1367.23	1369.89	9744830.00	19139207168
2014/04/16	1365.83	1367.91	1353.78	1359.30	8503591.00	16170486784
2014/04/17	1360.75	1373.85	1360.75	1367.59	8546019.00	16434264064
2014/04/18	1365.36	1377.84	1362.61	1377.42	8829689.00	16940386304
2014/04/21	1367.93	1384.69	1363.01	1363.85	9889346.00	19932610560
2014/04/22	1361.58	1367.63	1317.10	1336.19	10385272.00	20623763456
2014/04/23	1332.93	1338.67	1318.24	1326.44	7666299.00	15531993088
2014/04/24	1325.86	1326.96	1303.23	1319.51	8919226.00	17928544256
2014/04/25	1316.37	1318.07	1290.36	1291.90	8835224.00	16760305664
2014/04/28	1283.64	1283.87	1256.12	1257.26	9609466.00	17432754176
2014/04/29	1253.24	1274.21	1248.32	1266.54	7814229.00	14506906624
2014/04/30	1266.34	1287.77	1266.34	1283.21	7374832.00	13606326272
2014/05/05	1281.16	1302.68	1279.31	1302.15	7805789.00	14705576960
2014/05/06	1301.59	1327.80	1301.59	1316.86	9736761.00	18881607680
2014/05/07	1313.38	1313.38	1289.56	1290.03	9100635.00	17165528064
2014/05/08	1284.44	1300.83	1279.29	1279.84	8548140.00	15493595136
2014/05/09	1279.68	1282.82	1249.56	1258.58	8506314.00	15061428224
2014/05/12	1263.92	1281.10	1250.94	1278.28	8980389.00	15835035648
2014/05/13	1274.57	1293.82	1273.33	1276.24	9329826.00	16388926464
2014/05/14	1273.21	1282.35	1269.24	1278.66	8878107.00	15697821696
2014/05/15	1276.64	1283.43	1253.62	1253.88	10236024.00	18930284544
2014/05/16	1250.38	1252.39	1210.81	1226.47	9953688.00	17949376512
2014/05/19	1224.65	1233.84	1213.99	1228.37	8545538.00	14563391488
2014/05/20	1239.65	1261.94	1239.65	1244.65	10926750.00	19998476288
2014/05/21	1241.02	1257.80	1231.87	1257.80	9256264.00	16086347776
2014/05/22	1259.87	1287.87	1259.87	1269.51	12565253.00	22324895744
2014/05/23	1269.18	1296.84	1262.10	1296.00	12017865.00	21175263232
2014/05/26	1301.87	1323.84	1301.87	1320.76	15387081.00	27351089152
2014/05/27	1319.66	1319.66	1303.15	1306.28	13090007.00	22528012288
2014/05/28	1306.29	1339.03	1306.29	1338.97	16564285.00	29190703104
2014/05/29	1338.30	1341.57	1312.42	1314.21	14197108.00	25754226688
2014/05/30	1312.30	1323.59	1300.09	1318.13	12574903.00	21473501184
2014/06/03	1317.99	1332.78	1317.99	1319.63	12791586.00	22022772736
2014/06/04	1318.33	1321.72	1303.36	1321.72	13109901.00	22923653120
2014/06/05	1320.14	1356.53	1317.53	1355.48	15641622.00	27550183424
2014/06/06	1354.91	1362.98	1340.83	1350.45	16552682.00	28537581568
2014/06/09	1348.77	1349.92	1326.63	1326.68	13532664.00	23049574400
2014/06/10	1327.11	1356.97	1316.84	1353.87	15779122.00	27618537472
2014/06/11	1350.38	1371.25	1348.40	1367.39	18025290.00	30652346368
2014/06/12	1364.41	1375.98	1358.08	1363.74	17077624.00	29256413184
2014/06/13	1361.09	1386.35	1359.65	1382.73	18362712.00	31890423808
2014/06/16	1384.16	1397.63	1384.16	1395.61	19278958.00	34018338816
2014/06/17	1396.38	1396.38	1377.40	1377.43	17134808.00	30727356416
2014/06/18	1377.58	1384.87	1363.75	1363.99	15282855.00	26536611840
2014/06/19	1363.45	1370.31	1310.49	1320.66	16903318.00	28344334336
2014/06/20	1319.11	1335.65	1313.14	1333.98	11907174.00	20364910592
2014/06/23	1335.18	1366.59	1335.18	1361.28	14514949.00	26060371968
2014/06/24	1360.08	1372.16	1359.13	1369.44	14517845.00	25453965312
2014/06/25	1368.66	1368.66	1347.82	1358.71	13895424.00	25052770304
2014/06/26	1360.20	1391.30	1360.20	1386.27	18635116.00	34326831104
2014/06/27	1388.38	1397.97	1382.07	1388.82	18283794.00	34164121600
2014/06/30	1388.47	1404.71	1374.30	1404.71	18787736.00	34382168064
2014/07/01	1405.44	1415.33	1398.15	1411.74	19457800.00	34672238592
2014/07/02	1413.17	1425.30	1402.22	1419.94	20532464.00	36251828224
2014/07/03	1419.81	1428.67	1412.16	1422.60	20417852.00	35608403968
2014/07/04	1421.68	1423.89	1406.21	1411.64	19215140.00	33754025984
2014/07/07	1411.99	1411.99	1381.94	1393.89	18228060.00	31780415488
2014/07/08	1392.35	1410.73	1379.49	1410.73	18990540.00	33694894080
2014/07/09	1410.39	1418.68	1384.26	1384.58	21751112.00	38173835264
2014/07/10	1384.45	1387.89	1362.35	1363.88	16514057.00	29716563968
2014/07/11	1361.57	1372.12	1351.77	1359.34	15365743.00	27890270208
2014/07/14	1358.17	1367.82	1342.56	1367.07	17042174.00	30878248960
2014/07/15	1364.08	1366.16	1332.87	1341.27	19208906.00	33258430464
2014/07/16	1338.92	1344.36	1310.86	1318.62	16034403.00	28027240448
2014/07/17	1315.09	1323.24	1304.58	1312.81	11842502.00	21050556416
2014/07/18	1309.96	1321.93	1300.76	1305.92	11155743.00	19311482880
2014/07/21	1304.72	1313.56	1287.23	1306.96	12051163.00	20787912704
2014/07/22	1306.32	1330.29	1305.03	1329.35	12251800.00	21147637760
2014/07/23	1330.14	1332.36	1287.64	1293.09	14436101.00	25155893248
2014/07/24	1291.48	1291.48	1255.69	1271.88	14051676.00	23820675072
2014/07/25	1271.43	1288.67	1270.37	1285.77	10526882.00	18069393408
2014/07/28	1289.10	1316.04	1286.66	1314.53	13836976.00	22428647424
2014/07/29	1315.75	1337.53	1310.84	1331.76	15257236.00	25686810624
2014/07/30	1330.19	1345.35	1329.07	1342.74	15005275.00	26036912128
2014/07/31	1342.73	1346.22	1334.26	1344.54	13773805.00	22911027200
2014/08/01	1339.98	1343.58	1324.19	1325.94	16091303.00	25580283904
2014/08/04	1325.01	1331.80	1324.26	1329.82	12393538.00	20114651136
2014/08/05	1330.32	1363.12	1321.20	1360.69	19490644.00	32314269696
2014/08/06	1357.53	1368.53	1353.95	1365.74	15491641.00	25903112192
2014/08/07	1365.18	1381.46	1361.33	1362.03	16000261.00	26280693760
2014/08/08	1368.06	1381.44	1368.06	1377.45	14450099.00	24448174080
2014/08/11	1379.47	1397.97	1379.47	1397.78	17239952.00	28335915008
2014/08/12	1398.15	1402.75	1393.11	1396.44	17256326.00	28757676032
2014/08/13	1396.26	1397.10	1370.08	1384.31	18046572.00	30312953856
2014/08/14	1384.72	1394.52	1378.95	1380.30	18617046.00	30235213824
2014/08/15	1382.87	1392.49	1377.93	1392.45	17949344.00	28453138432
2014/08/18	1394.64	1429.00	1394.64	1428.74	22445292.00	38135820288
2014/08/19	1436.42	1446.79	1427.06	1436.40	24187900.00	42152771584
2014/08/20	1438.29	1438.29	1421.92	1427.40	19028784.00	33431709696
2014/08/21	1428.63	1447.91	1421.24	1447.88	19577488.00	35003805696
2014/08/22	1450.10	1465.67	1446.04	1461.72	22099974.00	39074168832
2014/08/25	1461.21	1461.49	1439.86	1443.81	19962448.00	35683692544
2014/08/26	1440.70	1443.60	1406.34	1411.15	18360056.00	31833665536
2014/08/27	1411.76	1427.32	1411.76	1420.54	13789764.00	24509405184
2014/08/28	1423.34	1424.29	1398.56	1403.80	13699751.00	24695592960
2014/08/29	1400.84	1424.47	1400.83	1424.47	11562447.00	21466454016
2014/09/01	1428.37	1453.12	1427.93	1452.84	15490858.00	28766844928
2014/09/02	1457.51	1465.04	1452.71	1465.03	20826444.00	38989291520
2014/09/03	1468.09	1479.83	1461.23	1477.67	23968684.00	43823415296
2014/09/04	1478.33	1495.81	1472.89	1495.51	24424652.00	46283096064
2014/09/05	1497.99	1498.26	1482.04	1489.84	21209166.00	38922432512
2014/09/09	1492.45	1497.42	1479.06	1494.02	21566028.00	39473815552
2014/09/10	1491.41	1506.47	1484.71	1504.91	21773264.00	39693217792
2014/09/11	1506.00	1532.31	1502.39	1513.01	26218382.00	48113979392
2014/09/12	1512.40	1524.33	1506.88	1524.12	20829284.00	37790330880
2014/09/15	1522.57	1528.57	1517.30	1526.14	23470992.00	44328919040
2014/09/16	1527.07	1529.40	1471.61	1473.13	27119822.00	49893613568
2014/09/17	1473.52	1481.06	1456.50	1479.12	17503912.00	31575248896
2014/09/18	1477.31	1492.61	1474.65	1490.79	15765160.00	28453120000
2014/09/19	1492.10	1501.39	1486.28	1499.12	16834432.00	30654992384
2014/09/22	1496.96	1496.96	1480.18	1483.35	18443516.00	33527093248
2014/09/23	1485.51	1502.04	1483.04	1500.99	17264768.00	32133980160
2014/09/24	1501.04	1517.42	1497.89	1517.42	20795696.00	37969571840
2014/09/25	1520.10	1523.25	1505.65	1508.42	22699612.00	41689153536
2014/09/26	1506.31	1512.80	1502.50	1511.36	18315998.00	33634256896
2014/09/29	1515.38	1526.36	1515.38	1526.18	21163798.00	41018589184
2014/09/30	1527.26	1540.95	1527.26	1540.87	19584148.00	37207044096
2014/10/08	1543.59	1557.57	1537.01	1557.57	21221706.00	41662418944
2014/10/09	1562.10	1569.06	1541.67	1561.17	25641920.00	49641316352
2014/10/10	1559.93	1563.87	1546.22	1554.22	22691636.00	43535392768
2014/10/13	1548.18	1548.88	1527.70	1548.33	21551882.00	40575688704
2014/10/14	1546.67	1560.06	1532.44	1539.12	20848820.00	39319674880
2014/10/15	1539.35	1545.75	1527.19	1545.62	19598466.00	37716774912
2014/10/16	1539.86	1551.84	1526.54	1526.56	20861354.00	40500736000
2014/10/17	1527.46	1529.55	1488.47	1511.05	20135110.00	39014699008
2014/10/20	1513.42	1532.38	1513.42	1532.38	14849203.00	30518734848
2014/10/21	1535.07	1537.67	1515.93	1517.48	15816636.00	32957552640
2014/10/22	1518.80	1524.80	1503.82	1504.55	15915657.00	32090527744
2014/10/23	1500.55	1501.72	1474.04	1477.84	16279293.00	31424616448
2014/10/24	1478.34	1493.53	1473.06	1477.59	12401053.00	25079300096
2014/10/27	1473.66	1492.01	1465.96	1492.01	14263074.00	29399910400
2014/10/28	1495.69	1522.05	1495.69	1522.05	17756332.00	35487727616
2014/10/29	1525.98	1535.80	1524.08	1530.08	21378044.00	42886037504
2014/10/30	1532.91	1539.21	1522.64	1525.77	19050520.00	38141149184
2014/10/31	1527.61	1529.55	1502.25	1513.27	18562324.00	36989104128
2014/11/03	1513.25	1529.90	1513.20	1529.89	17033744.00	34225203200
2014/11/04	1531.82	1538.18	1514.47	1516.40	17887450.00	37143367680
2014/11/05	1514.77	1517.02	1505.98	1512.49	14780292.00	29673394176
2014/11/06	1513.72	1532.87	1510.78	1532.52	15875527.00	34072264704
2014/11/07	1535.49	1543.72	1517.29	1522.63	20891040.00	44834619392
2014/11/10	1525.20	1526.38	1506.80	1514.82	16067553.00	34714324992
2014/11/11	1513.53	1514.37	1452.03	1461.51	21596510.00	44860280832
2014/11/12	1457.24	1476.03	1455.09	1475.75	13969499.00	32598974464
2014/11/13	1473.74	1473.74	1434.27	1442.86	17414930.00	37327691776
2014/11/14	1438.97	1449.10	1435.50	1441.21	12663599.00	28843270144
2014/11/17	1444.06	1474.36	1437.99	1471.69	13918227.00	29531920384
2014/11/18	1471.08	1483.14	1470.51	1481.86	12484839.00	26750095360
2014/11/19	1488.46	1509.73	1488.46	1505.55	15606058.00	33045878784
2014/11/20	1504.58	1504.58	1491.65	1494.59	14503131.00	31737737216
2014/11/21	1493.16	1508.22	1493.16	1504.83	15206726.00	32712544256
2014/11/24	1513.43	1515.84	1497.85	1507.81	18094254.00	38274613248
2014/11/25	1510.62	1541.92	1510.25	1541.92	21329324.00	46797197312
2014/11/26	1544.69	1561.30	1544.10	1554.22	21577372.00	46695690240
2014/11/27	1557.77	1566.83	1548.29	1563.41	23686674.00	49206325248
2014/11/28	1562.83	1582.48	1558.31	1570.85	25520128.00	54329827328
2014/12/01	1569.65	1569.65	1544.18	1552.31	22709752.00	49710891008
2014/12/02	1554.46	1567.54	1552.13	1565.42	20650692.00	48101085184
2014/12/03	1568.47	1604.88	1540.42	1604.45	30089868.00	66045599744
2014/12/04	1604.89	1631.31	1604.89	1621.85	26899516.00	59788689408
2014/12/05	1626.12	1626.12	1544.47	1581.91	29046140.00	62846476288
2014/12/08	1575.30	1600.87	1554.79	1567.16	26040996.00	56643538944
2014/12/09	1557.02	1577.75	1504.23	1504.62	29630280.00	61334167552
2014/12/10	1499.33	1576.89	1499.33	1572.69	22694196.00	50381885440
2014/12/11	1572.61	1593.38	1563.32	1587.67	22251396.00	46450765824
2014/12/12	1588.24	1626.34	1586.75	1623.57	21641050.00	46398451712
2014/12/15	1623.60	1664.26	1619.70	1657.50	22168992.00	49688518656
2014/12/16	1665.30	1674.98	1636.18	1649.58	20250356.00	44942323712
2014/12/17	1639.15	1652.98	1623.70	1644.21	20235830.00	45344460800
2014/12/18	1641.58	1663.67	1633.26	1634.05	17653812.00	39560753152
2014/12/19	1627.80	1627.80	1568.98	1596.81	19852326.00	41436057600
2014/12/22	1583.96	1583.96	1510.05	1517.93	21296532.00	41640431616
2014/12/23	1501.53	1543.35	1489.12	1496.53	16067375.00	32707217408
2014/12/24	1502.67	1524.27	1501.23	1519.80	14578911.00	29425821696
2014/12/25	1522.00	1531.64	1514.23	1529.47	14030108.00	30177665024
2014/12/26	1531.20	1539.16	1524.01	1536.08	13861502.00	28996108288
2014/12/29	1531.12	1531.12	1491.21	1499.40	18402872.00	36797177856
2014/12/30	1491.10	1493.44	1450.05	1460.11	16799420.00	33609265152
2014/12/31	1455.68	1479.86	1451.29	1471.76	14413885.00	28909641728
2015/01/05	1470.58	1470.58	1429.08	1464.77	17918524.00	34433372160
2015/01/06	1458.57	1542.15	1454.14	1539.83	23463900.00	47275859968
2015/01/07	1542.40	1547.25	1517.37	1523.39	18445960.00	37899427840
2015/01/08	1516.83	1565.77	1516.83	1541.89	18696816.00	39204134912
2015/01/09	1535.33	1583.75	1534.61	1553.24	18988280.00	40919945216
2015/01/12	1552.05	1587.18	1550.62	1586.12	16188545.00	35995717632
2015/01/13	1587.69	1611.13	1578.40	1601.17	17954630.00	40398032896
2015/01/14	1598.72	1605.16	1579.55	1588.01	15881401.00	34749378560
2015/01/15	1584.68	1606.56	1578.22	1586.34	14727005.00	32266881024
2015/01/16	1586.71	1641.53	1586.64	1639.56	18420218.00	41371299840
2015/01/19	1608.25	1691.14	1599.66	1630.07	26167228.00	58451271680
2015/01/20	1635.57	1700.94	1635.57	1700.85	26255332.00	57614446592
2015/01/21	1704.10	1729.84	1701.87	1722.58	29807348.00	65253957632
2015/01/22	1723.24	1744.08	1716.39	1744.04	25850792.00	57605296128
2015/01/23	1742.09	1742.09	1693.52	1697.29	23622924.00	53181366272
2015/01/26	1698.99	1740.37	1698.99	1739.79	20324148.00	45847670784
2015/01/27	1742.47	1754.21	1715.53	1743.68	22208742.00	50015432704
2015/01/28	1741.07	1759.00	1727.92	1731.41	22204674.00	49983389696
2015/01/29	1717.40	1733.63	1709.36	1711.37	17053768.00	37907546112
2015/01/30	1712.85	1721.14	1679.69	1680.58	17600388.00	38058115072
2015/02/02	1667.12	1708.71	1660.05	1696.83	16017327.00	37366624256
2015/02/03	1703.93	1762.73	1703.93	1750.91	22107002.00	54048165888
2015/02/04	1753.77	1770.20	1743.02	1757.74	21675340.00	51146969088
2015/02/05	1757.23	1809.72	1741.96	1774.31	27268284.00	66054610944
2015/02/06	1772.35	1783.62	1725.64	1730.97	22554474.00	55238836224
2015/02/09	1727.22	1753.50	1702.56	1708.85	17274076.00	41558933504
2015/02/10	1707.26	1747.86	1700.88	1747.68	14723102.00	36367364096
2015/02/11	1748.23	1783.24	1748.23	1772.85	17429104.00	45064384512
2015/02/12	1777.22	1799.46	1776.35	1788.81	18833004.00	48114233344
2015/02/13	1798.54	1828.24	1796.41	1825.49	23434640.00	59694768128
2015/02/16	1836.71	1897.66	1836.71	1896.63	25701182.00	66160893952
2015/02/17	1908.18	1909.91	1873.17	1894.31	20837924.00	54925651968
2015/02/25	1899.39	1909.65	1872.10	1876.75	22085808.00	56275333120
2015/02/26	1875.33	1891.78	1847.73	1880.39	22057948.00	54480478208
2015/02/27	1880.63	1928.04	1880.63	1928.04	25087030.00	63018668032
2015/03/02	1944.11	1987.80	1940.32	1986.99	32869532.00	85074780160
2015/03/03	1987.33	2004.03	1961.01	1961.74	33661208.00	85460164608
2015/03/04	1960.54	2011.08	1960.54	2009.83	29329328.00	75183980544
2015/03/05	2015.70	2032.22	1997.46	2014.79	30333940.00	80855138304
2015/03/06	2016.81	2018.18	1949.29	1951.40	27454184.00	70917914624
2015/03/09	1941.42	1996.90	1932.82	1994.39	23708890.00	63647719424
2015/03/10	2001.19	2048.30	2001.19	2045.32	26879784.00	72778653696
2015/03/11	2050.76	2054.77	2022.32	2035.83	27548628.00	75002273792
2015/03/12	2034.62	2054.39	1984.91	2018.13	27515748.00	73241354240
2015/03/13	2020.66	2070.95	2011.17	2069.07	25475092.00	67976888320
2015/03/16	2088.20	2144.78	2088.20	2142.67	34782784.00	96233218048
2015/03/17	2149.37	2164.49	2117.78	2137.46	37031744.00	101002174464
2015/03/18	2138.37	2186.02	2124.98	2182.92	37750040.00	97714544640
2015/03/19	2184.76	2192.55	2160.99	2183.88	34983556.00	91582242816
2015/03/20	2187.47	2232.08	2187.01	2213.77	35792060.00	99762601984
2015/03/23	2225.85	2293.92	2221.71	2293.65	39047312.00	112421412864
2015/03/24	2310.51	2363.05	2253.20	2357.97	48344704.00	145633673216
2015/03/25	2364.94	2405.56	2344.11	2385.01	42627896.00	130670174208
2015/03/26	2362.45	2370.30	2270.79	2291.79	43457616.00	132777164800
2015/03/27	2274.68	2326.42	2267.87	2323.82	31041900.00	92140838912
2015/03/30	2319.31	2332.60	2266.85	2290.48	33193596.00	96755793920
2015/03/31	2294.32	2358.21	2288.31	2335.17	34588776.00	101099175936
2015/04/01	2347.00	2407.49	2345.75	2404.91	34211588.00	102125166592
2015/04/02	2434.76	2475.32	2420.19	2475.32	39817436.00	122291331072
2015/04/03	2469.85	2515.57	2460.94	2510.16	39200268.00	125450190848
2015/04/07	2530.07	2557.87	2522.26	2556.70	39071936.00	129140310016
2015/04/08	2566.94	2568.09	2442.82	2488.16	43774348.00	141805682688
2015/04/09	2481.69	2501.30	2346.89	2496.49	40257708.00	129849622528
2015/04/10	2475.55	2567.68	2457.82	2552.83	35139352.00	116996292608
2015/04/13	2558.19	2596.92	2545.26	2577.78	38288464.00	129764769792
2015/04/14	2584.59	2593.70	2539.94	2558.85	36477492.00	125662101504
2015/04/15	2548.99	2548.99	2441.74	2441.74	36021332.00	117231788032
2015/04/16	2420.93	2532.30	2407.85	2484.33	30450606.00	99346317312
2015/04/17	2507.47	2511.98	2453.28	2463.99	33251374.00	104600199168
2015/04/20	2462.41	2493.20	2411.34	2424.85	34510160.00	102163398656
2015/04/21	2443.12	2566.09	2443.12	2566.09	32057304.00	100331700224
2015/04/22	2610.74	2655.37	2610.74	2634.93	37301988.00	118747168768
2015/04/23	2656.18	2718.26	2656.18	2706.19	38248608.00	125327450112
2015/04/24	2689.91	2747.62	2672.20	2734.75	36429964.00	123181785088
2015/04/27	2781.60	2806.76	2737.15	2747.50	34684444.00	118941270016
2015/04/28	2764.41	2779.20	2650.43	2687.97	34410032.00	110611693568
2015/04/29	2693.48	2798.52	2674.76	2797.52	29865932.00	106317193216
2015/04/30	2825.16	2918.75	2825.16	2857.89	34285828.00	119879106560
2015/05/04	2868.10	2884.44	2803.82	2845.25	29104458.00	102443892736
2015/05/05	2830.79	2845.71	2753.87	2783.44	30083796.00	100796743680
2015/05/06	2806.30	2927.03	2806.30	2846.56	34768112.00	125809033216
2015/05/07	2824.82	2879.68	2801.47	2806.05	30603594.00	108524773376
2015/05/08	2838.97	2974.37	2838.97	2973.60	38363324.00	134263480320
2015/05/11	3015.43	3150.49	2991.33	3146.83	48013492.00	170680975360
2015/05/12	3176.54	3254.99	3133.96	3250.30	51249204.00	185001017344
2015/05/13	3185.34	3271.18	3123.92	3192.15	46156896.00	171825758208
2015/05/14	3174.45	3228.03	3137.28	3141.59	44148588.00	161797931008
2015/05/15	3109.11	3176.12	3059.86	3145.34	40803048.00	144247455744
2015/05/18	3178.37	3286.41	3178.37	3278.48	42156100.00	155269169152
2015/05/19	3310.09	3340.42	3206.78	3322.77	44285352.00	169730539520
2015/05/20	3339.17	3471.95	3339.17	3406.28	46165536.00	176706289664
2015/05/21	3421.61	3531.84	3421.45	3527.41	44954144.00	178876416000
2015/05/22	3594.59	3618.24	3438.57	3516.63	57570184.00	221047881728
2015/05/25	3415.67	3499.54	3370.84	3467.92	45619500.00	175439495168
2015/05/26	3471.80	3619.49	3471.80	3618.23	45465316.00	180747780096
2015/05/27	3638.21	3662.98	3546.58	3628.67	49660296.00	198252412928
2015/05/28	3618.34	3677.33	3432.98	3432.98	54111024.00	220540993536
2015/05/29	3444.06	3595.17	3328.46	3542.84	49995032.00	212901642240
2015/06/01	3580.08	3722.86	3580.08	3718.75	43302740.00	188538273792
2015/06/02	3757.10	3912.48	3756.09	3901.54	50081952.00	213001699328
2015/06/03	3949.28	4011.04	3838.22	3982.25	49970440.00	220939026432
2015/06/04	3991.80	4015.20	3695.83	3943.47	47259472.00	207038840832
2015/06/05	3994.44	4037.96	3841.42	3885.83	46810856.00	199116554240
2015/06/08	3862.80	3862.80	3643.04	3704.55	44704760.00	180590411776
2015/06/09	3664.37	3793.37	3633.72	3705.54	38942848.00	157346873344
2015/06/10	3695.06	3876.85	3676.76	3834.70	43364844.00	169019031552
2015/06/11	3843.98	3884.37	3815.06	3862.14	44129784.00	167538425856
2015/06/12	3889.16	3922.70	3850.59	3899.71	44912716.00	182173466624
2015/06/15	3919.36	3919.36	3688.89	3696.03	47406720.00	184816631808
2015/06/16	3636.79	3669.82	3475.35	3590.67	43314292.00	169391751168
2015/06/17	3586.37	3754.37	3511.11	3741.36	39791392.00	156131278848
2015/06/18	3734.91	3752.18	3497.73	3504.55	38221168.00	150724362240
2015/06/19	3408.53	3476.03	3304.65	3314.98	36852904.00	136356405248
2015/06/23	3314.89	3397.27	3154.60	3393.94	38158328.00	137315172352
2015/06/24	3425.57	3459.46	3304.67	3383.40	37628648.00	140110987264
2015/06/25	3403.63	3408.23	3172.37	3206.38	36857096.00	133833605120
2015/06/26	3078.40	3078.40	2915.94	2920.70	35432056.00	117324251136
2015/06/29	2943.50	2950.13	2663.44	2689.76	38531844.00	116379992064
2015/06/30	2566.02	2875.09	2485.46	2858.61	54686572.00	161327955968
2015/07/01	2842.17	3008.19	2743.61	2759.41	52601144.00	170035347456
2015/07/02	2756.25	2825.15	2591.05	2649.32	45280320.00	129754341376
2015/07/03	2559.03	2788.76	2458.29	2605.28	47079752.00	128325885952
2015/07/06	2795.67	2795.67	2417.56	2493.83	51605868.00	138021306368
2015/07/07	2398.10	2415.68	2350.97	2352.01	18897956.00	44729708544
2015/07/08	2304.76	2364.08	2304.76	2364.05	44477612.00	92954722304
2015/07/09	2338.11	2435.76	2338.11	2435.76	22948808.00	58334175232
2015/07/10	2487.39	2535.89	2478.86	2535.89	13426826.00	45642735616
2015/07/13	2612.77	2683.07	2592.20	2683.07	25235636.00	85667790848
2015/07/14	2725.04	2827.55	2715.98	2726.05	40597844.00	121521889280
2015/07/15	2750.66	2750.66	2583.46	2590.03	50649968.00	135461011456
2015/07/16	2526.65	2698.16	2439.24	2627.08	52481076.00	131877273600
2015/07/17	2651.44	2805.80	2646.50	2783.32	46866248.00	129074298880
2015/07/20	2820.72	2907.15	2777.91	2848.30	57264696.00	169239478272
2015/07/21	2802.02	2917.41	2779.53	2882.90	48846236.00	148535508992
2015/07/22	2882.06	2932.06	2828.45	2897.37	51433160.00	153295716352
2015/07/23	2896.25	2969.35	2864.43	2967.95	53211860.00	158102585344
2015/07/24	2976.94	3014.18	2879.26	2897.82	58741276.00	185896828928
2015/07/27	2822.37	2924.08	2683.05	2683.45	55582924.00	169828073472
2015/07/28	2546.41	2705.18	2492.19	2581.96	58035380.00	154735345664
2015/07/29	2617.94	2693.99	2483.92	2693.87	52023480.00	144345858048
2015/07/30	2671.46	2707.76	2556.09	2561.19	48185188.00	138077487104
2015/07/31	2507.27	2605.34	2499.25	2539.84	38567344.00	108512133120
2015/08/03	2475.33	2494.80	2371.48	2399.27	39835424.00	104532262912
2015/08/04	2396.41	2546.16	2380.28	2546.16	42143744.00	111226224640
2015/08/05	2542.27	2584.19	2480.45	2502.04	46817456.00	123946147840
2015/08/06	2441.96	2517.99	2430.53	2480.93	33923608.00	87783530496
2015/08/07	2509.96	2586.53	2505.27	2576.99	42575832.00	119864483840
2015/08/10	2606.74	2726.90	2593.41	2706.72	47852696.00	140830064640
2015/08/11	2705.04	2747.83	2675.15	2698.91	48057872.00	145506074624
2015/08/12	2658.84	2700.40	2622.19	2622.19	38304000.00	115133800448
2015/08/13	2608.74	2684.26	2578.91	2684.26	37616568.00	108745867264
2015/08/14	2713.78	2725.47	2664.42	2674.02	40688352.00	118322225152
2015/08/17	2665.37	2676.72	2613.78	2666.29	36547440.00	103165435904
2015/08/18	2674.42	2720.58	2488.61	2504.17	49129700.00	137144016896
2015/08/19	2427.94	2584.36	2359.17	2570.69	43737324.00	115189719040
2015/08/20	2556.77	2610.90	2508.35	2508.82	39721276.00	109633445888
2015/08/21	2452.61	2480.68	2340.92	2341.95	35141460.00	90647912448
2015/08/24	2222.54	2246.55	2152.61	2152.61	23049576.00	53003300864
2015/08/25	1996.04	2048.03	1987.12	1990.71	27176060.00	59139764224
2015/08/26	1975.92	2044.66	1875.03	1890.04	46445008.00	96904675328
2015/08/27	1924.78	1959.98	1843.19	1959.49	40510060.00	83891937280
2015/08/28	1990.35	2086.87	1960.39	2082.12	45280232.00	97909972992
2015/08/31	2056.29	2058.85	1987.58	1996.87	35634528.00	77209616384
2015/09/01	1959.46	1959.46	1877.36	1889.49	31889888.00	63735701504
2015/09/02	1787.71	1953.91	1779.18	1855.03	38372944.00	73660375040
2015/09/07	1882.86	1953.40	1878.26	1893.52	37806240.00	73524551680
2015/09/08	1875.67	2004.81	1859.21	2001.16	36849648.00	71807631360
2015/09/09	2023.31	2102.23	2017.10	2071.72	50760168.00	108850503680
2015/09/10	2030.03	2078.42	2024.89	2039.12	35482568.00	74837950464
2015/09/11	2039.01	2084.05	2029.81	2060.51	32555430.00	68596064256
2015/09/14	2068.20	2075.67	1905.20	1906.21	34890884.00	68215353344
2015/09/15	1843.23	1892.81	1794.29	1797.56	33039214.00	59455922176
2015/09/16	1813.73	1928.78	1808.75	1926.25	39024400.00	71222157312
2015/09/17	1943.29	2020.55	1922.80	1933.30	47985104.00	95394168832
2015/09/18	1948.12	1995.50	1922.14	1983.30	37674216.00	74822942720
2015/09/21	1950.33	2080.22	1945.35	2079.06	43477604.00	90425024512
2015/09/22	2082.34	2108.56	2042.13	2078.72	47584444.00	101473476608
2015/09/23	2039.49	2103.22	2036.06	2077.99	41306380.00	89360801792
2015/09/24	2090.56	2130.47	2084.31	2106.59	43139456.00	94766923776
2015/09/25	2091.85	2106.95	2002.45	2020.97	41100872.00	85890293760
2015/09/28	2024.89	2124.06	2007.92	2122.26	37858680.00	79921192960
2015/09/29	2089.54	2135.51	2075.97	2098.57	38424616.00	84097646592
2015/09/30	2111.99	2124.29	2049.43	2082.67	29708448.00	64153165824
2015/10/08	2153.12	2210.04	2138.54	2190.31	42031220.00	90206142464
2015/10/09	2190.84	2230.03	2184.55	2216.66	42927692.00	92205228032
2015/10/12	2233.61	2344.21	2232.27	2316.78	55775628.00	126441930752
2015/10/13	2297.93	2351.52	2290.64	2342.04	50249440.00	115045253120
2015/10/14	2330.08	2350.59	2295.60	2305.00	52435988.00	118325395456
2015/10/15	2300.62	2406.21	2296.80	2404.53	56549120.00	129799847936
2015/10/16	2424.62	2452.94	2401.09	2449.03	61932152.00	147293667328
2015/10/19	2465.11	2466.48	2398.34	2433.60	57914032.00	137927753728
2015/10/20	2430.18	2520.08	2427.78	2511.16	58460596.00	140692226048
2015/10/21	2504.78	2527.77	2335.66	2344.74	72233600.00	174856929280
2015/10/22	2355.16	2465.10	2355.16	2458.14	59640208.00	146753814528
2015/10/23	2488.31	2549.76	2461.49	2538.38	67588136.00	171353915392
2015/10/26	2570.13	2570.13	2481.59	2527.48	68447320.00	173929889792
2015/10/27	2497.16	2586.95	2423.60	2563.96	62288144.00	157457154048
2015/10/28	2551.70	2583.82	2473.47	2485.24	57717000.00	150886219776
2015/10/29	2504.85	2528.70	2436.78	2485.28	44057660.00	114641960960
2015/10/30	2475.23	2534.47	2439.16	2478.28	50077024.00	129735417856
2015/11/02	2416.10	2513.32	2408.78	2432.04	46816872.00	123247304704
2015/11/03	2444.05	2461.33	2407.55	2429.27	39935036.00	106823999488
2015/11/04	2451.23	2584.32	2451.23	2584.32	58452416.00	152635211776
2015/11/05	2587.82	2630.83	2542.85	2564.72	65112052.00	172894076928
2015/11/06	2571.66	2666.40	2571.66	2661.41	61741800.00	164006821888
2015/11/09	2653.31	2747.79	2612.26	2724.62	68677816.00	191238848512
2015/11/10	2710.90	2783.12	2700.29	2746.61	65216340.00	180185432064
2015/11/11	2738.58	2806.54	2730.52	2804.68	70870880.00	190166433792
2015/11/12	2818.57	2827.71	2743.26	2783.30	74163984.00	210165465088
2015/11/13	2751.39	2772.82	2681.61	2710.16	65461352.00	181274673152
2015/11/16	2656.57	2797.16	2654.64	2797.16	55154368.00	147033964544
2015/11/17	2834.98	2847.90	2711.58	2717.05	73555488.00	199687995392
2015/11/18	2727.61	2741.33	2655.06	2661.17	51626128.00	140451151872
2015/11/19	2678.36	2770.75	2676.76	2770.75	54825140.00	148732739584
2015/11/20	2783.04	2817.96	2757.84	2800.15	69030480.00	183901437952
2015/11/23	2797.12	2839.84	2759.31	2770.58	67520736.00	178263474176
2015/11/24	2767.72	2816.05	2739.52	2816.05	52702492.00	150152871936
2015/11/25	2813.51	2906.80	2806.82	2897.57	66418480.00	193136230400
2015/11/26	2911.85	2915.95	2831.38	2833.20	63202928.00	187302346752
2015/11/27	2819.36	2844.05	2629.13	2649.55	64579688.00	183247175680
2015/11/30	2658.97	2687.05	2507.38	2672.58	60052416.00	167359250432
2015/12/01	2669.30	2700.35	2621.17	2655.35	49682992.00	144658628608
2015/12/02	2653.24	2660.12	2525.34	2613.26	43453060.00	119641399296
2015/12/03	2622.49	2710.81	2622.49	2708.12	43270232.00	125313417216
2015/12/04	2702.56	2749.18	2679.35	2692.16	48329080.00	141740703744
2015/12/07	2699.34	2751.24	2687.02	2738.15	47454320.00	130145550336
2015/12/08	2723.62	2731.72	2678.66	2691.66	51536896.00	142198587392
2015/12/09	2677.59	2699.64	2650.45	2667.91	45218188.00	127953633280
2015/12/10	2665.28	2729.24	2663.37	2695.51	44264088.00	126883823616
2015/12/11	2686.31	2701.69	2666.89	2671.29	37125528.00	106300661760
2015/12/14	2642.82	2709.27	2622.47	2709.27	36203572.00	102182617088
2015/12/15	2718.25	2764.80	2718.25	2745.70	38759384.00	110853029888
2015/12/16	2760.26	2789.28	2749.80	2763.11	41793160.00	120658198528
2015/12/17	2784.97	2835.70	2784.97	2835.70	55219140.00	158786043904
2015/12/18	2836.92	2850.69	2801.64	2830.26	51447380.00	150100541440
2015/12/21	2825.32	2836.61	2800.35	2829.92	42648420.00	122337058816
2015/12/22	2836.96	2849.36	2811.61	2839.85	41580712.00	114451144704
2015/12/23	2845.43	2848.83	2779.93	2783.94	46679620.00	133253079040
2015/12/24	2775.98	2801.57	2735.97	2795.78	37179052.00	107701985280
2015/12/25	2807.51	2820.53	2777.46	2794.73	35511228.00	105453674496
2015/12/28	2809.52	2823.75	2735.49	2735.49	45076568.00	128112943104
2015/12/29	2732.55	2749.82	2710.20	2749.82	35829364.00	101371658240
2015/12/30	2758.25	2781.84	2749.29	2779.51	40757692.00	114950168576
2015/12/31	2780.54	2785.66	2713.69	2714.05	39561308.00	111887785984
2016/01/04	2706.28	2710.30	2490.47	2491.24	33478924.00	88306573312
2016/01/05	2353.23	2481.20	2333.61	2416.73	49010300.00	122570514432
2016/01/06	2433.36	2472.19	2388.69	2468.37	39804048.00	104803934208
2016/01/07	2415.33	2415.33	2254.50	2256.52	10666577.00	26100854784
2016/01/08	2297.59	2318.12	2142.33	2248.99	44776460.00	108801032192
2016/01/11	2188.19	2230.42	2105.77	2106.36	39231228.00	92052717568
2016/01/12	2117.25	2179.09	2087.27	2147.53	37443204.00	87467515904
2016/01/13	2160.32	2174.23	2059.78	2059.78	34346864.00	80888184832
2016/01/14	1991.23	2179.38	1989.87	2175.01	40865368.00	91805425664
2016/01/15	2160.17	2184.56	2096.19	2112.90	41445824.00	94756167680
2016/01/18	2074.86	2206.84	2074.86	2174.93	39874752.00	91208597504
2016/01/19	2170.09	2244.79	2148.72	2241.70	45197928.00	104522940416
2016/01/20	2222.60	2249.36	2190.51	2204.65	41821528.00	98105860096
2016/01/21	2173.32	2241.47	2112.40	2112.40	41166480.00	96569769984
2016/01/22	2140.28	2161.24	2078.12	2149.59	35037328.00	79385665536
2016/01/25	2165.73	2185.21	2136.88	2158.82	30623684.00	71962787840
2016/01/26	2132.22	2135.57	1990.51	1994.05	36762608.00	81772249088
2016/01/27	1997.32	2012.30	1888.25	1997.47	39761384.00	82136006656
2016/01/28	1969.31	1990.92	1900.88	1906.46	30546404.00	63263305728
2016/01/29	1908.26	2011.06	1907.29	1994.07	34466856.00	70828048384
2016/02/01	1989.21	2011.68	1956.92	1992.70	29892132.00	62990098432
2016/02/02	1996.59	2089.21	1996.59	2075.29	34710248.00	75053875200
2016/02/03	2049.32	2105.38	2034.60	2090.51	31768832.00	68663410688
2016/02/04	2095.62	2142.87	2095.62	2126.64	35059440.00	78395990016
2016/02/05	2127.35	2141.56	2096.99	2096.99	25785868.00	58247507968
2016/02/15	2029.56	2130.36	2029.56	2116.84	24986598.00	54905180160
2016/02/16	2128.06	2208.57	2128.06	2201.93	36587328.00	84154343424
2016/02/17	2197.93	2219.78	2171.00	2215.34	41643400.00	96020799488
2016/02/18	2230.80	2239.91	2188.19	2190.91	40537756.00	96123584512
2016/02/19	2186.02	2230.22	2182.96	2211.01	36792704.00	88677392384
2016/02/22	2235.17	2245.56	2216.16	2245.56	41953416.00	99016785920
2016/02/23	2245.75	2249.69	2189.53	2218.12	39969756.00	96000933888
2016/02/24	2212.59	2230.01	2154.27	2203.74	40601728.00	97205272576
2016/02/25	2198.93	2198.93	2030.42	2037.14	44873664.00	100580753408
2016/02/26	2045.51	2057.80	1980.17	2014.92	35814104.00	78888099840
2016/02/29	2000.57	2000.57	1866.25	1880.15	33848300.00	66577993728
2016/03/01	1881.32	1952.43	1841.22	1934.92	36084524.00	74426007552
2016/03/02	1930.84	2022.86	1925.02	2017.60	42454356.00	87510163456
2016/03/03	2014.18	2063.53	2006.71	2007.08	42006968.00	89644498944
2016/03/04	1994.06	2003.69	1895.40	1907.04	39762792.00	80145121280
2016/03/07	1935.09	1995.94	1935.09	1953.33	31730234.00	65548865536
2016/03/08	1944.65	2002.19	1865.65	2002.19	41226252.00	81062526976
2016/03/09	1962.28	2015.71	1947.05	1970.81	34193080.00	67879120896
2016/03/10	1968.77	1991.36	1935.12	1936.97	28365880.00	58393944064
2016/03/11	1911.33	1948.60	1903.92	1934.87	23173404.00	47910830080
2016/03/14	1962.11	2048.50	1962.11	2023.13	40997664.00	86634766336
2016/03/15	2016.81	2034.70	1995.46	1996.92	34452744.00	72362459136
2016/03/16	2029.92	2039.49	1961.42	1977.54	33507356.00	69662015488
2016/03/17	1986.14	2089.14	1986.14	2087.29	52208032.00	112176939008
2016/03/18	2102.19	2194.36	2102.08	2177.87	63938096.00	143482765312
2016/03/21	2214.91	2234.35	2191.66	2227.03	63845764.00	148205158400
2016/03/22	2201.19	2248.19	2189.94	2221.70	52501084.00	120596226048
2016/03/23	2214.87	2259.11	2205.07	2259.11	49852200.00	120640897024
2016/03/24	2234.22	2277.92	2217.84	2219.77	54767836.00	137460187136
2016/03/25	2209.26	2232.07	2183.60	2216.09	41598980.00	100729643008
2016/03/28	2233.13	2259.13	2192.35	2199.69	45630748.00	107843108864
2016/03/29	2190.88	2194.89	2130.85	2152.55	39628256.00	95076884480
2016/03/30	2172.74	2248.78	2172.74	2248.78	46542616.00	114883215360
2016/03/31	2256.43	2271.96	2232.30	2238.29	50514152.00	129875197952
2016/04/01	2223.38	2227.00	2171.34	2205.37	40715936.00	102483918848
2016/04/05	2207.46	2285.20	2205.44	2279.52	49811536.00	122369605632
2016/04/06	2274.77	2305.41	2271.50	2297.04	53433256.00	130880094208
2016/04/07	2310.92	2316.63	2248.68	2248.68	53930100.00	132792262656
2016/04/08	2230.95	2239.80	2194.23	2229.93	45924688.00	112813670400
2016/04/11	2255.07	2301.41	2255.07	2283.14	50116208.00	124475777024
2016/04/12	2283.21	2289.55	2236.44	2264.02	45314660.00	113106223104
2016/04/13	2278.52	2330.05	2278.52	2294.02	57522856.00	139156324352
2016/04/14	2310.60	2325.38	2289.57	2324.39	46139448.00	112999546880
2016/04/15	2328.31	2328.31	2297.68	2309.68	40308908.00	100894416896
2016/04/18	2288.42	2288.42	2249.34	2265.59	38252496.00	93760634880
2016/04/19	2278.31	2289.05	2253.59	2272.52	35911568.00	89440706560
2016/04/20	2279.76	2284.10	2119.42	2145.24	56160932.00	132675510272
2016/04/21	2135.93	2160.26	2106.97	2110.16	36026892.00	84193722368
2016/04/22	2093.78	2136.92	2090.95	2136.92	29586774.00	69405384704
2016/04/25	2128.66	2130.06	2083.64	2126.83	26959280.00	63861825536
2016/04/26	2123.87	2155.70	2119.38	2155.70	27579366.00	63580983296
2016/04/27	2162.76	2176.33	2142.46	2146.61	32179112.00	73175056384
2016/04/28	2149.10	2158.49	2108.27	2155.23	31257270.00	72814411776
2016/04/29	2141.58	2162.19	2138.74	2138.74	25362368.00	64368291840
2016/05/03	2138.96	2217.23	2126.87	2217.23	40518568.00	95647473664
2016/05/04	2210.13	2233.59	2206.26	2211.02	41117968.00	95900475392
2016/05/05	2208.40	2226.55	2198.76	2224.09	34603688.00	84074799104
2016/05/06	2226.44	2235.96	2129.19	2129.19	49401484.00	115405430784
2016/05/09	2107.33	2107.33	2045.12	2053.60	37401164.00	81898266624
2016/05/10	2051.38	2067.62	2044.28	2054.22	25343896.00	57233993728
2016/05/11	2067.69	2073.83	2032.30	2034.93	28980496.00	63500173312
2016/05/12	2006.26	2039.32	1975.07	2034.57	28433750.00	59790639104
2016/05/13	2030.94	2058.66	2013.86	2025.22	26223880.00	56643817472
2016/05/16	2017.84	2057.86	2008.54	2057.86	28343346.00	61746839552
2016/05/17	2059.52	2107.73	2036.88	2081.44	38088172.00	83762577408
2016/05/18	2062.81	2062.81	2000.53	2020.48	35523824.00	72015208448
2016/05/19	2023.96	2076.48	2023.96	2037.40	33919736.00	74046660608
2016/05/20	2018.38	2065.30	2013.53	2065.30	31659474.00	70408175616
2016/05/23	2073.00	2107.05	2073.00	2098.23	38387504.00	86250987520
2016/05/24	2094.21	2094.21	2061.52	2075.51	34139736.00	76185976832
2016/05/25	2091.97	2111.26	2062.64	2067.25	36260688.00	82368004096
2016/05/26	2060.43	2086.49	2019.30	2086.01	37261300.00	82107473920
2016/05/27	2076.30	2090.17	2065.37	2069.89	34131536.00	77629964288
2016/05/30	2054.62	2083.83	2033.67	2058.52	33054054.00	69387354112
2016/05/31	2061.84	2160.53	2060.14	2159.80	56992436.00	120200265728
2016/06/01	2164.73	2188.88	2163.05	2168.82	58794176.00	129591189504
2016/06/02	2163.59	2188.56	2160.25	2188.56	54154712.00	118358605824
2016/06/03	2176.36	2236.58	2175.82	2204.97	64614588.00	150518644736
2016/06/06	2212.46	2219.28	2181.99	2199.30	49092384.00	114324365312
2016/06/07	2202.04	2204.18	2181.30	2196.73	45258224.00	109011877888
2016/06/08	2191.27	2201.53	2166.97	2186.54	47491816.00	112163807232
2016/06/13	2150.39	2165.28	2054.71	2054.71	53756488.00	122513432576
2016/06/14	2045.21	2070.15	2032.44	2058.31	38905976.00	87452549120
2016/06/15	2033.60	2143.45	2031.67	2128.80	50827620.00	113545617408
2016/06/16	2124.16	2137.18	2097.35	2101.42	49736192.00	113033936896
2016/06/17	2109.57	2154.52	2105.24	2122.89	50886964.00	118262923264
2016/06/20	2117.99	2127.68	2088.29	2119.63	44233148.00	106588389376
2016/06/21	2135.46	2153.23	2083.69	2092.00	52619368.00	123646984192
2016/06/22	2085.98	2144.82	2085.65	2144.82	48500540.00	111990210560
2016/06/23	2144.58	2153.58	2115.84	2137.49	53512180.00	119668817920
2016/06/24	2131.15	2157.94	2060.20	2127.36	64400552.00	138999955456
2016/06/27	2111.10	2194.13	2110.60	2191.81	61802508.00	138599792640
2016/06/28	2181.41	2221.46	2173.53	2216.71	69894240.00	158151000064
2016/06/29	2228.51	2238.35	2203.49	2209.79	59866688.00	139526717440
2016/06/30	2213.60	2233.28	2206.80	2227.79	57068920.00	136500232192
2016/07/01	2231.18	2241.63	2203.93	2211.18	47684376.00	115024224256
2016/07/04	2195.62	2254.15	2193.84	2248.71	52081616.00	123025440768
2016/07/05	2253.69	2259.29	2229.00	2246.02	53546312.00	131520012288
2016/07/06	2239.76	2246.73	2229.27	2241.56	46098732.00	113881489408
2016/07/07	2240.90	2247.58	2212.41	2233.92	55049920.00	128715816960
2016/07/08	2231.97	2257.32	2220.21	2239.00	47569780.00	111859736576
2016/07/11	2242.26	2252.66	2216.57	2218.59	53188672.00	125927178240
2016/07/12	2218.02	2247.35	2182.03	2247.35	55163400.00	124488941568
2016/07/13	2258.26	2299.86	2250.64	2285.37	58098824.00	129661206528
2016/07/14	2282.16	2295.59	2273.42	2293.08	50294624.00	112541483008
2016/07/15	2289.10	2293.09	2260.16	2263.78	47067548.00	106680123392
2016/07/18	2257.42	2268.79	2234.21	2249.87	41749944.00	94095548416
2016/07/19	2249.74	2273.72	2237.00	2273.72	41359712.00	93873659904
2016/07/20	2272.64	2288.65	2268.53	2268.54	43689616.00	101818621952
2016/07/21	2266.08	2289.67	2259.20	2265.13	45103624.00	104339013632
2016/07/22	2262.10	2269.55	2248.30	2250.00	40420396.00	95097389056
2016/07/25	2245.86	2264.44	2235.45	2245.89	37437208.00	87825743872
2016/07/26	2245.94	2279.55	2245.94	2279.55	36165504.00	80885653504
2016/07/27	2282.07	2284.28	2138.78	2155.39	63315116.00	136786501632
2016/07/28	2150.32	2166.60	2109.87	2139.74	43038520.00	93423067136
2016/07/29	2144.27	2147.19	2109.13	2122.41	31654140.00	70697525248
