'162411'	华宝油气	日线
日期	开盘	最高	最低	收盘	成交量	成交额	成交笔数	MA1	MA2	MA3	MA4	MA5	MA6
2011/10/25	1.000	1.000	1.000	1.000	0.00	0	0						
2011/10/26	1.000	1.000	1.000	1.000	0.00	0	0	1					
2011/10/27	1.000	1.000	1.000	1.000	0.00	0	0	1	1				
2011/10/28	1.000	1.000	1.000	1.000	0.00	0	0	1	1				
2011/10/31	1.000	1.000	1.000	1.000	0.00	0	0	1	1	1			
2011/11/01	1.000	1.000	1.000	1.000	0.00	0	0	1	1	1			
2011/11/02	1.000	1.000	1.000	1.000	0.00	0	0	1	1	1			
2011/11/03	1.000	1.000	1.000	1.000	0.00	0	0	1	1	1			
2011/11/04	1.000	1.000	1.000	1.000	0.00	0	0	1	1	1			
2011/11/07	1.000	1.000	1.000	1.000	0.00	0	0	1	1	1	1		
2011/11/08	1.000	1.000	1.000	1.000	0.00	0	0	1	1	1	1		
2011/11/09	1.000	1.000	1.000	1.000	0.00	0	0	1	1	1	1		
2011/11/10	1.000	1.000	1.000	1.000	0.00	0	0	1	1	1	1		
2011/11/11	1.000	1.000	1.000	1.000	0.00	0	0	1	1	1	1		
2011/11/14	1.000	1.000	1.000	1.000	0.00	0	0	1	1	1	1		
2011/11/15	1.000	1.000	1.000	1.000	0.00	0	0	1	1	1	1		
2011/11/16	1.000	1.000	1.000	1.000	0.00	0	0	1	1	1	1		
2011/11/17	1.000	1.000	1.000	1.000	0.00	0	0	1	1	1	1		
2011/11/18	1.000	1.000	1.000	1.000	0.00	0	0	1	1	1	1		
2011/11/21	1.000	1.000	1.000	1.000	0.00	0	0	1	1	1	1	1	
2011/11/22	1.000	1.000	1.000	1.000	0.00	0	0	1	1	1	1	1	
2011/11/23	1.000	1.000	1.000	1.000	0.00	0	0	1	1	1	1	1	
2011/11/24	1.000	1.000	1.000	1.000	0.00	0	0	1	1	1	1	1	
2011/11/25	1.000	1.000	1.000	1.000	0.00	0	0	1	1	1	1	1	
2011/11/28	1.000	1.000	1.000	1.000	0.00	0	0	1	1	1	1	1	
2011/11/29	1.000	1.000	1.000	1.000	0.00	0	0	1	1	1	1	1	
2011/11/30	1.000	1.000	1.000	1.000	0.00	0	0	1	1	1	1	1	
2011/12/01	1.000	1.000	1.000	1.000	0.00	0	0	1	1	1	1	1	
2011/12/02	1.000	1.000	1.000	1.000	0.00	0	0	1	1	1	1	1	
2011/12/05	1.000	1.000	1.000	1.000	0.00	0	0	1	1	1	1	1	
2011/12/06	1.000	1.000	1.000	1.000	0.00	0	0	1	1	1	1	1	
2011/12/07	1.000	1.000	1.000	1.000	0.00	0	0	1	1	1	1	1	
2011/12/08	1.000	1.000	1.000	1.000	0.00	0	0	1	1	1	1	1	
2011/12/09	1.000	1.000	1.000	1.000	0.00	0	0	1	1	1	1	1	
2011/12/12	1.000	1.000	1.000	1.000	0.00	0	0	1	1	1	1	1	
2011/12/13	1.000	1.000	1.000	1.000	0.00	0	0	1	1	1	1	1	
2011/12/14	1.000	1.000	1.000	1.000	0.00	0	0	1	1	1	1	1	
2011/12/15	1.000	1.000	1.000	1.000	0.00	0	0	1	1	1	1	1	
2011/12/16	1.000	1.000	1.000	1.000	0.00	0	0	1	1	1	1	1	
2011/12/19	1.000	1.000	1.000	1.000	0.00	0	0	1	1	1	1	1	
2011/12/20	1.000	1.000	1.000	1.000	0.00	0	0	1	1	1	1	1	
2011/12/21	1.000	1.000	1.000	1.000	0.00	0	0	1	1	1	1	1	
2011/12/22	1.000	1.000	1.000	1.000	0.00	0	0	1	1	1	1	1	
2011/12/23	1.000	1.000	1.000	1.000	0.00	0	0	1	1	1	1	1	
2011/12/26	1.000	1.000	1.000	1.000	0.00	0	0	1	1	1	1	1	
2011/12/27	1.000	1.000	1.000	1.000	0.00	0	0	1	1	1	1	1	
2011/12/28	1.000	1.000	1.000	1.000	0.00	0	0	1	1	1	1	1	
2011/12/29	1.000	1.000	1.000	1.000	0.00	0	0	1	1	1	1	1	
2011/12/30	1.000	1.000	1.000	1.000	0.00	0	0	1	1	1	1	1	
2012/01/04	1.000	1.000	1.000	1.000	0.00	0	0	1	1	1	1	1	
2012/01/05	1.000	1.000	1.000	1.000	0.00	0	0	1	1	1	1	1	
2012/01/06	1.000	1.000	1.000	1.000	0.00	0	0	1	1	1	1	1	
2012/01/09	1.000	1.000	1.000	1.000	0.00	0	0	1	1	1	1	1	
2012/01/10	1.000	1.000	1.000	1.000	0.00	0	0	1	1	1	1	1	
2012/01/11	1.000	1.000	1.000	1.000	0.00	0	0	1	1	1	1	1	
2012/01/12	1.000	1.000	1.000	1.000	0.00	0	0	1	1	1	1	1	
2012/01/13	1.000	1.000	1.000	1.000	0.00	0	0	1	1	1	1	1	
2012/01/16	1.000	1.000	1.000	1.000	0.00	0	0	1	1	1	1	1	
2012/01/17	1.000	1.000	1.000	1.000	0.00	0	0	1	1	1	1	1	
2012/01/18	1.000	1.000	1.000	1.000	0.00	0	0	1	1	1	1	1	1
2012/01/19	1.000	1.000	1.000	1.000	0.00	0	0	1	1	1	1	1	1
2012/01/20	1.000	1.000	1.000	1.000	0.00	0	0	1	1	1	1	1	1
2012/01/30	1.000	1.000	1.000	1.000	0.00	0	0	1	1	1	1	1	1
2012/01/31	1.000	1.000	1.000	1.000	0.00	0	0	1	1	1	1	1	1
2012/02/01	1.000	1.000	1.000	1.000	0.00	0	0	1	1	1	1	1	1
2012/02/02	1.000	1.000	1.000	1.000	0.00	0	0	1	1	1	1	1	1
2012/02/03	1.000	1.000	1.000	1.000	0.00	0	0	1	1	1	1	1	1
2012/02/06	1.000	1.000	1.000	1.000	0.00	0	0	1	1	1	1	1	1
2012/02/07	1.000	1.000	1.000	1.000	0.00	0	0	1	1	1	1	1	1
2012/02/08	1.000	1.000	1.000	1.000	0.00	0	0	1	1	1	1	1	1
2012/02/09	1.000	1.000	1.000	1.000	0.00	0	0	1	1	1	1	1	1
2012/02/10	1.000	1.000	1.000	1.000	0.00	0	0	1	1	1	1	1	1
2012/02/13	1.000	1.000	1.000	1.000	0.00	0	0	1	1	1	1	1	1
2012/02/14	1.000	1.000	1.000	1.000	0.00	0	0	1	1	1	1	1	1
2012/02/15	1.000	1.000	1.000	1.000	0.00	0	0	1	1	1	1	1	1
2012/02/16	1.000	1.000	1.000	1.000	0.00	0	0	1	1	1	1	1	1
2012/02/17	1.000	1.000	1.000	1.000	0.00	0	0	1	1	1	1	1	1
2012/02/20	1.000	1.000	1.000	1.000	0.00	0	0	1	1	1	1	1	1
2012/02/21	1.000	1.000	1.000	1.000	0.00	0	0	1	1	1	1	1	1
2012/02/22	1.000	1.000	1.000	1.000	0.00	0	0	1	1	1	1	1	1
2012/02/23	1.000	1.000	1.000	1.000	0.00	0	0	1	1	1	1	1	1
2012/02/24	1.000	1.000	1.000	1.000	0.00	0	0	1	1	1	1	1	1
2012/02/27	1.000	1.000	1.000	1.000	0.00	0	0	1	1	1	1	1	1
2012/02/28	1.000	1.000	1.000	1.000	0.00	0	0	1	1	1	1	1	1
2012/02/29	1.000	1.000	1.000	1.000	0.00	0	0	1	1	1	1	1	1
2012/03/01	1.000	1.000	1.000	1.000	0.00	0	0	1	1	1	1	1	1
2012/03/02	1.000	1.000	1.000	1.000	0.00	0	0	1	1	1	1	1	1
2012/03/05	1.000	1.000	1.000	1.000	0.00	0	0	1	1	1	1	1	1
2012/03/06	1.000	1.000	1.000	1.000	0.00	0	0	1	1	1	1	1	1
2012/03/07	1.000	1.000	1.000	1.000	0.00	0	0	1	1	1	1	1	1
2012/03/08	1.000	1.000	1.000	1.000	0.00	0	0	1	1	1	1	1	1
2012/03/09	1.000	1.000	1.000	1.000	0.00	0	0	1	1	1	1	1	1
2012/03/12	1.000	1.000	1.000	1.000	0.00	0	0	1	1	1	1	1	1
2012/03/13	1.000	1.000	1.000	1.000	0.00	0	0	1	1	1	1	1	1
2012/03/14	1.000	1.000	1.000	1.000	0.00	0	0	1	1	1	1	1	1
2012/03/15	1.000	1.000	1.000	1.000	0.00	0	0	1	1	1	1	1	1
2012/03/16	1.000	1.000	1.000	1.000	0.00	0	0	1	1	1	1	1	1
2012/03/19	1.000	1.000	1.000	1.000	0.00	0	0	1	1	1	1	1	1
2012/03/20	1.000	1.000	1.000	1.000	0.00	0	0	1	1	1	1	1	1
2012/03/21	1.000	1.000	1.000	1.000	0.00	0	0	1	1	1	1	1	1
2012/03/22	1.000	1.000	1.000	1.000	0.00	0	0	1	1	1	1	1	1
2012/03/23	1.000	1.000	1.000	1.000	0.00	0	0	1	1	1	1	1	1
2012/03/26	1.000	1.000	1.000	1.000	0.00	0	0	1	1	1	1	1	1
2012/03/27	1.000	1.000	1.000	1.000	0.00	0	0	1	1	1	1	1	1
2012/03/28	1.000	1.000	1.000	1.000	0.00	0	0	1	1	1	1	1	1
2012/03/29	1.000	1.000	1.000	1.000	0.00	0	0	1	1	1	1	1	1
2012/03/30	1.000	1.000	1.000	1.000	0.00	0	0	1	1	1	1	1	1
2012/04/05	1.000	1.000	1.000	1.000	0.00	0	0	1	1	1	1	1	1
2012/04/06	1.000	1.000	1.000	1.000	0.00	0	0	1	1	1	1	1	1
2012/04/09	1.000	1.000	1.000	1.000	0.00	0	0	1	1	1	1	1	1
2012/04/10	1.000	1.000	1.000	1.000	0.00	0	0	1	1	1	1	1	1
2012/04/11	1.000	1.000	1.000	1.000	0.00	0	0	1	1	1	1	1	1
2012/04/12	1.000	1.000	1.000	1.000	0.00	0	0	1	1	1	1	1	1
2012/04/13	1.000	1.000	1.000	1.000	0.00	0	0	1	1	1	1	1	1
2012/04/16	1.000	1.000	1.000	1.000	0.00	0	0	1	1	1	1	1	1
2012/04/17	1.000	1.000	1.000	1.000	0.00	0	0	1	1	1	1	1	1
2012/04/18	1.000	1.000	1.000	1.000	0.00	0	0	1	1	1	1	1	1
2012/04/19	1.000	1.000	1.000	1.000	0.00	0	0	1	1	1	1	1	1
2012/04/20	1.000	1.000	1.000	1.000	0.00	0	0	1	1	1	1	1	1
2012/04/23	1.000	1.000	1.000	1.000	0.00	0	0	1	1	1	1	1	1
2012/04/24	1.000	1.000	1.000	1.000	0.00	0	0	1	1	1	1	1	1
2012/04/25	1.000	1.000	1.000	1.000	0.00	0	0	1	1	1	1	1	1
2012/04/26	1.000	1.000	1.000	1.000	0.00	0	0	1	1	1	1	1	1
2012/04/27	1.000	1.000	1.000	1.000	0.00	0	0	1	1	1	1	1	1
2012/05/02	1.000	1.000	1.000	1.000	0.00	0	0	1	1	1	1	1	1
2012/05/03	1.000	1.000	1.000	1.000	0.00	0	0	1	1	1	1	1	1
2012/05/04	1.000	1.000	1.000	1.000	0.00	0	0	1	1	1	1	1	1
2012/05/07	1.000	1.000	1.000	1.000	0.00	0	0	1	1	1	1	1	1
2012/05/08	1.000	1.000	1.000	1.000	0.00	0	0	1	1	1	1	1	1
2012/05/09	1.000	1.000	1.000	1.000	0.00	0	0	1	1	1	1	1	1
2012/05/10	1.000	1.000	1.000	1.000	0.00	0	0	1	1	1	1	1	1
2012/05/11	1.000	1.000	1.000	1.000	0.00	0	0	1	1	1	1	1	1
2012/05/14	1.000	1.000	1.000	1.000	0.00	0	0	1	1	1	1	1	1
2012/05/15	1.000	1.000	1.000	1.000	0.00	0	0	1	1	1	1	1	1
2012/05/16	1.000	1.000	1.000	1.000	0.00	0	0	1	1	1	1	1	1
2012/05/17	1.000	1.000	1.000	1.000	0.00	0	0	1	1	1	1	1	1
2012/05/18	1.000	1.000	1.000	1.000	0.00	0	0	1	1	1	1	1	1
2012/05/21	1.000	1.000	1.000	1.000	0.00	0	0	1	1	1	1	1	1
2012/05/22	1.000	1.000	1.000	1.000	0.00	0	0	1	1	1	1	1	1
2012/05/23	1.000	1.000	1.000	1.000	0.00	0	0	1	1	1	1	1	1
2012/05/24	1.000	1.000	1.000	1.000	0.00	0	0	1	1	1	1	1	1
2012/05/25	1.000	1.000	1.000	1.000	0.00	0	0	1	1	1	1	1	1
2012/05/28	1.000	1.000	1.000	1.000	0.00	0	0	1	1	1	1	1	1
2012/05/29	1.000	1.000	1.000	1.000	0.00	0	0	1	1	1	1	1	1
2012/05/30	1.000	1.000	1.000	1.000	0.00	0	0	1	1	1	1	1	1
2012/05/31	1.000	1.000	1.000	1.000	0.00	0	0	1	1	1	1	1	1
2012/06/01	1.000	1.000	1.000	1.000	0.00	0	0	1	1	1	1	1	1
2012/06/04	1.000	1.000	1.000	1.000	0.00	0	0	1	1	1	1	1	1
2012/06/05	1.000	1.000	1.000	1.000	0.00	0	0	1	1	1	1	1	1
2012/06/06	1.000	1.000	1.000	1.000	0.00	0	0	1	1	1	1	1	1
2012/06/07	1.000	1.000	1.000	1.000	0.00	0	0	1	1	1	1	1	1
2012/06/08	0.858	0.858	0.840	0.848	1321.00	111812	113	0.924	0.949	0.97	0.985	0.992	0.997
2012/06/11	0.846	0.850	0.846	0.850	1002.00	85033	33	0.849	0.899	0.94	0.97	0.985	0.995
2012/06/12	0.858	0.858	0.830	0.830	340.00	29190	15	0.84	0.843	0.906	0.953	0.976	0.992
2012/06/13	0.848	0.858	0.833	0.849	153.00	13062	15	0.839	0.843	0.875	0.938	0.969	0.99
2012/06/14	0.840	0.850	0.840	0.841	129.00	10853	7	0.845	0.84	0.844	0.922	0.961	0.987
2012/06/15	0.841	0.842	0.841	0.842	86.00	7263	8	0.842	0.844	0.842	0.906	0.953	0.984
2012/06/18	0.850	0.888	0.845	0.879	413.00	35581	25	0.86	0.854	0.848	0.894	0.947	0.982
2012/06/19	0.842	0.886	0.842	0.880	330.00	28398	23	0.88	0.867	0.858	0.882	0.941	0.98
2012/06/20	0.848	0.859	0.848	0.857	70.00	6028	12	0.868	0.872	0.86	0.868	0.934	0.978
2012/06/21	0.857	0.857	0.844	0.849	31.00	2646	6	0.853	0.862	0.861	0.853	0.926	0.975
2012/06/25	0.840	0.844	0.838	0.839	313.00	26297	8	0.844	0.848	0.861	0.852	0.918	0.973
2012/06/26	0.810	0.858	0.810	0.853	81.00	6893	10	0.846	0.847	0.856	0.852	0.911	0.97
2012/06/27	0.858	0.858	0.822	0.835	314.00	26331	10	0.844	0.842	0.847	0.852	0.903	0.968
2012/06/29	0.830	0.848	0.830	0.847	358.00	30334	7	0.841	0.845	0.845	0.852	0.895	0.965
2012/07/02	0.880	0.880	0.860	0.870	1468.00	127986	61	0.859	0.851	0.849	0.855	0.888	0.963
2012/07/03	0.879	0.885	0.879	0.882	502.00	44238	24	0.876	0.866	0.857	0.859	0.883	0.961
2012/07/04	0.937	0.937	0.894	0.917	670.00	61023	34	0.9	0.89	0.87	0.863	0.878	0.959
2012/07/05	0.900	0.915	0.900	0.904	138.00	12580	14	0.91	0.901	0.884	0.865	0.874	0.958
2012/07/06	0.900	0.904	0.900	0.904	153.00	13896	7	0.904	0.908	0.895	0.87	0.869	0.956
2012/07/09	0.885	0.885	0.884	0.884	195.00	17243	3	0.894	0.897	0.898	0.873	0.863	0.954
2012/07/10	0.904	0.904	0.902	0.902	33.00	3010	2	0.893	0.897	0.902	0.88	0.866	0.953
2012/07/11	0.870	0.898	0.870	0.898	139.00	12456	6	0.9	0.895	0.898	0.884	0.868	0.951
2012/07/12	0.861	0.898	0.861	0.863	230.00	20207	5	0.88	0.888	0.89	0.887	0.87	0.949
2012/07/16	0.862	0.862	0.862	0.862	260.00	22453	4	0.862	0.874	0.882	0.889	0.87	0.946
2012/07/17	0.880	0.885	0.880	0.885	100.00	8825	3	0.873	0.87	0.882	0.89	0.873	0.944
2012/07/19	0.916	0.916	0.916	0.916	2.00	183	2	0.9	0.888	0.885	0.893	0.876	0.943
2012/07/20	0.928	0.928	0.927	0.927	39.00	3616	4	0.921	0.909	0.891	0.895	0.879	0.942
2012/07/23	0.900	0.920	0.870	0.888	299.00	27238	14	0.908	0.91	0.896	0.893	0.879	0.94
2012/07/24	0.872	0.873	0.872	0.873	42.00	3679	4	0.881	0.896	0.898	0.89	0.88	0.938
2012/07/25	0.866	0.868	0.851	0.865	5909.00	506430	73	0.869	0.875	0.894	0.888	0.881	0.936
2012/07/26	0.863	0.863	0.856	0.863	170.00	14618	6	0.864	0.867	0.883	0.884	0.882	0.933
2012/07/27	0.868	0.872	0.867	0.872	12225.00	1060021	26	0.867	0.867	0.872	0.881	0.883	0.931
2012/07/30	0.886	0.905	0.885	0.905	5237.00	465250	14	0.888	0.88	0.876	0.886	0.886	0.93
2012/08/01	0.880	0.906	0.880	0.903	484.00	43548	7	0.904	0.893	0.882	0.89	0.889	0.928
2012/08/06	0.909	0.909	0.902	0.902	169.00	15262	3	0.903	0.903	0.889	0.891	0.891	0.926
2012/08/08	0.909	0.911	0.909	0.910	231.00	21057	10	0.906	0.905	0.898	0.891	0.892	0.925
2012/08/09	0.913	0.924	0.913	0.921	653.00	60195	19	0.916	0.911	0.908	0.89	0.892	0.924
2012/08/10	0.924	0.927	0.924	0.927	498.00	46173	15	0.924	0.919	0.913	0.894	0.893	0.922
2012/08/13	0.926	0.932	0.926	0.927	219.00	20292	5	0.927	0.925	0.917	0.9	0.895	0.921
2012/08/14	0.915	0.928	0.915	0.928	21.00	1947	2	0.928	0.927	0.923	0.906	0.897	0.92
2012/08/15	0.935	0.935	0.930	0.930	40.00	3721	2	0.929	0.928	0.927	0.913	0.898	0.919
2012/08/16	0.930	0.947	0.930	0.930	156.00	14709	9	0.93	0.929	0.928	0.918	0.9	0.918
2012/08/17	0.936	0.955	0.936	0.939	596.00	55914	18	0.934	0.933	0.931	0.922	0.904	0.917
2012/08/20	0.938	0.960	0.938	0.941	659.00	62845	12	0.94	0.937	0.934	0.925	0.908	0.916
2012/08/21	0.950	0.950	0.938	0.940	121.00	11441	8	0.941	0.94	0.936	0.929	0.91	0.915
2012/08/22	0.958	0.958	0.948	0.948	230.00	21995	6	0.944	0.943	0.94	0.933	0.912	0.914
2012/08/23	0.960	0.960	0.957	0.960	192.00	18458	10	0.954	0.949	0.946	0.937	0.914	0.913
2012/08/24	0.965	0.965	0.915	0.949	75.00	7123	6	0.954	0.952	0.948	0.939	0.917	0.912
2012/08/27	0.950	0.950	0.940	0.941	268.00	25357	7	0.945	0.95	0.948	0.941	0.92	0.911
2012/08/28	0.941	0.941	0.941	0.941	11.00	1035	2	0.941	0.944	0.948	0.942	0.924	0.91
2012/08/29	0.940	0.942	0.940	0.940	67.00	6299	3	0.941	0.941	0.946	0.943	0.928	0.909
2012/08/30	0.930	0.940	0.930	0.930	178.00	16566	7	0.935	0.937	0.94	0.943	0.931	0.908
2012/09/03	0.942	0.965	0.942	0.965	25.00	2373	7	0.947	0.945	0.943	0.946	0.934	0.908
2012/09/04	0.965	0.969	0.965	0.969	11.00	1062	2	0.967	0.955	0.949	0.948	0.937	0.907
2012/09/05	0.950	0.950	0.950	0.950	3.00	285	1	0.959	0.961	0.951	0.949	0.939	0.906
2012/09/06	0.940	0.940	0.926	0.926	97.00	9022	3	0.938	0.948	0.948	0.947	0.94	0.905
2012/09/07	0.933	0.938	0.933	0.938	41.00	3860	4	0.932	0.938	0.95	0.945	0.941	0.904
2012/09/10	0.941	0.955	0.941	0.955	63.00	5981	5	0.947	0.94	0.948	0.946	0.942	0.903
2012/09/11	0.955	0.964	0.955	0.964	60.00	5757	2	0.959	0.952	0.947	0.948	0.944	0.903
2012/09/12	0.969	0.979	0.969	0.979	635.00	61948	7	0.971	0.966	0.952	0.952	0.947	0.902
2012/09/14	0.992	1.077	0.988	1.077	541.00	53749	13	1.028	1.007	0.983	0.965	0.954	0.906
2012/09/17	1.077	1.077	1.013	1.047	1410.00	144348	22	1.062	1.034	1.004	0.977	0.96	0.909
2012/09/18	1.020	1.040	1.006	1.023	963.00	98450	20	1.035	1.049	1.018	0.983	0.964	0.913
2012/09/19	1.000	1.022	1.000	1.022	334.00	33695	10	1.023	1.031	1.03	0.988	0.968	0.915
2012/09/20	0.999	1.000	0.988	0.988	204.00	20292	11	1.005	1.011	1.031	0.992	0.971	0.918
2012/09/21	1.000	1.000	0.982	1.000	629.00	62024	9	0.994	1.003	1.016	0.999	0.973	0.92
2012/09/24	1.003	1.003	0.980	0.980	318.00	31849	5	0.99	0.989	1.003	1.003	0.974	0.922
2012/09/25	1.004	1.007	1.000	1.007	180.00	18106	12	0.993	0.996	0.999	1.009	0.977	0.924
2012/09/27	1.030	1.030	1.010	1.010	15.00	1535	2	1.008	0.999	0.997	1.013	0.981	0.927
2012/09/28	0.980	1.010	0.980	1.010	211.00	20855	8	1.01	1.009	1.001	1.016	0.984	0.93
2012/10/08	1.000	1.001	1.000	1.001	104.00	10408	2	1.006	1.007	1.002	1.009	0.987	0.932
2012/10/09	1.001	1.010	0.970	0.999	469.00	46844	14	1	1.003	1.005	1.004	0.99	0.935
2012/10/10	1.010	1.010	1.009	1.009	44.00	4440	4	1.004	1.003	1.006	1.003	0.993	0.938
2012/10/11	1.020	1.100	1.019	1.100	879.00	96584	10	1.054	1.036	1.024	1.01	0.999	0.942
2012/10/12	1.100	1.100	1.048	1.048	30.00	3199	9	1.074	1.052	1.031	1.016	1.004	0.945
2012/10/15	1.064	1.064	1.015	1.015	7.00	735	2	1.031	1.054	1.034	1.018	1.009	0.947
2012/10/16	1.015	1.048	1.015	1.030	292.00	30087	10	1.023	1.031	1.04	1.023	1.013	0.949
2012/10/17	1.099	1.099	1.099	1.099	3.00	329	3	1.064	1.048	1.058	1.032	1.02	0.952
2012/10/18	1.099	1.099	1.010	1.085	682.00	69763	35	1.092	1.071	1.055	1.04	1.026	0.955
2012/10/19	1.170	1.170	1.001	1.035	479.00	51054	21	1.06	1.073	1.053	1.042	1.029	0.958
2012/10/22	1.020	1.020	1.008	1.020	70.00	7128	11	1.027	1.047	1.054	1.044	1.026	0.96
2012/10/24	1.019	1.020	1.001	1.019	469.00	47748	12	1.02	1.025	1.052	1.046	1.025	0.962
2012/10/25	1.000	1.000	0.980	1.000	321.00	32039	10	1.01	1.013	1.032	1.045	1.024	0.964
2012/10/29	0.970	0.979	0.941	0.979	530.00	50656	20	0.989	0.999	1.011	1.033	1.022	0.966
2012/10/30	0.977	0.977	0.960	0.960	126.00	12268	4	0.969	0.98	0.996	1.024	1.02	0.967
2012/10/31	0.965	0.965	0.965	0.965	3.00	289	1	0.962	0.968	0.985	1.019	1.019	0.968
2012/11/01	0.965	1.039	0.965	1.038	332.00	32112	15	1.002	0.988	0.988	1.02	1.021	0.97
2012/11/02	0.999	0.999	0.999	0.999	24.00	2397	2	1.018	1.001	0.988	1.01	1.021	0.972
2012/11/05	0.980	1.009	0.955	0.976	31.00	3001	6	0.988	1.004	0.988	0.999	1.019	0.973
2012/11/06	0.990	0.990	0.990	0.990	1.00	99	1	0.983	0.988	0.994	0.995	1.018	0.975
2012/11/07	0.989	0.995	0.989	0.995	90.00	8952	2	0.993	0.987	1	0.992	1.018	0.978
2012/11/08	1.016	1.016	0.906	0.994	1014.00	93027	9	0.995	0.993	0.991	0.99	1.018	0.98
2012/11/09	0.938	0.958	0.929	0.940	1198.00	111958	39	0.967	0.976	0.979	0.984	1.014	0.98
2012/11/12	0.930	0.938	0.930	0.931	49.00	4597	7	0.936	0.955	0.97	0.979	1.006	0.981
2012/11/13	0.923	0.923	0.920	0.920	20.00	1840	2	0.926	0.93	0.956	0.975	0.999	0.981
2012/11/15	0.927	0.927	0.918	0.918	38.00	3490	4	0.919	0.923	0.941	0.97	0.995	0.981
2012/11/16	0.919	0.960	0.898	0.931	574.00	53126	27	0.924	0.923	0.928	0.959	0.99	0.981
2012/11/19	0.931	1.024	0.913	0.948	799.00	79167	14	0.939	0.932	0.93	0.954	0.982	0.982
2012/11/20	0.918	0.986	0.854	0.958	763.00	67300	7	0.953	0.946	0.935	0.952	0.976	0.982
2012/11/21	0.929	0.979	0.926	0.963	732.00	70377	10	0.961	0.956	0.944	0.95	0.972	0.983
2012/11/22	0.998	1.000	0.913	0.972	656.00	61280	13	0.967	0.964	0.954	0.947	0.97	0.983
2012/11/23	0.963	0.999	0.963	0.998	503.00	49631	7	0.985	0.978	0.968	0.948	0.969	0.985
2012/11/26	0.936	0.979	0.922	0.979	513.00	47639	10	0.988	0.983	0.974	0.952	0.968	0.985
2012/11/27	0.972	0.972	0.971	0.971	275.00	26707	3	0.975	0.983	0.977	0.956	0.967	0.986
2012/11/28	0.939	0.958	0.913	0.958	371.00	34319	11	0.965	0.969	0.976	0.96	0.967	0.986
2012/11/29	0.953	0.978	0.928	0.928	304.00	29369	10	0.943	0.952	0.967	0.961	0.965	0.986
2012/11/30	0.927	0.964	0.923	0.964	304.00	28089	4	0.946	0.95	0.96	0.964	0.962	0.986
2012/12/03	0.938	0.965	0.933	0.965	42.00	3923	3	0.964	0.952	0.957	0.966	0.96	0.986
2012/12/04	0.927	0.968	0.927	0.966	296.00	28596	4	0.965	0.965	0.956	0.966	0.959	0.986
2012/12/05	0.926	0.953	0.870	0.948	364.00	33031	9	0.957	0.96	0.954	0.965	0.957	0.987
2012/12/06	0.937	0.938	0.937	0.937	109.00	10213	2	0.942	0.95	0.956	0.961	0.954	0.987
2012/12/07	0.921	0.924	0.920	0.923	492.00	45292	11	0.93	0.936	0.948	0.954	0.951	0.986
2012/12/10	0.920	0.936	0.920	0.936	130.00	12002	4	0.929	0.932	0.942	0.95	0.951	0.986
2012/12/11	0.935	0.985	0.919	0.930	405.00	38548	7	0.933	0.93	0.935	0.946	0.951	0.985
2012/12/12	0.954	0.954	0.954	0.954	1.00	95	1	0.942	0.94	0.936	0.945	0.952	0.985
2012/12/13	0.929	0.953	0.929	0.932	270.00	25090	3	0.943	0.939	0.935	0.946	0.953	0.985
2012/12/14	0.950	1.025	0.933	0.958	543.00	53669	12	0.945	0.948	0.942	0.945	0.954	0.986
2012/12/17	0.934	0.939	0.866	0.929	1027.00	94255	24	0.944	0.94	0.941	0.941	0.953	0.985
2012/12/18	0.948	0.949	0.930	0.930	211.00	19985	8	0.929	0.939	0.941	0.938	0.952	0.985
2012/12/19	0.970	0.970	0.952	0.965	891.00	85875	24	0.947	0.941	0.943	0.939	0.952	0.985
2012/12/21	0.953	0.971	0.953	0.971	68.00	6493	4	0.968	0.955	0.951	0.943	0.952	0.983
2012/12/24	0.948	0.963	0.948	0.963	54.00	5198	2	0.967	0.966	0.952	0.947	0.95	0.981
2012/12/25	0.958	0.962	0.958	0.962	53.00	5127	6	0.962	0.965	0.958	0.949	0.95	0.98
2012/12/27	0.958	0.958	0.958	0.958	6.00	574	2	0.96	0.961	0.964	0.952	0.949	0.979
2012/12/28	0.941	0.968	0.941	0.968	218.00	20619	11	0.963	0.963	0.964	0.954	0.949	0.979
2012/12/31	0.951	0.951	0.930	0.930	835.00	77845	24	0.949	0.952	0.956	0.953	0.949	0.978
2013/01/04	0.940	0.949	0.938	0.948	420.00	39660	16	0.939	0.949	0.953	0.952	0.949	0.977
2013/01/07	0.948	0.968	0.948	0.966	350.00	33490	11	0.957	0.948	0.954	0.956	0.949	0.977
2013/01/08	0.937	0.948	0.937	0.948	23.00	2156	2	0.957	0.954	0.952	0.958	0.948	0.976
2013/01/09	0.948	0.952	0.946	0.952	180.00	17076	7	0.95	0.955	0.949	0.957	0.948	0.975
2013/01/10	0.959	0.967	0.959	0.965	309.00	29738	8	0.959	0.955	0.956	0.956	0.949	0.974
2013/01/11	0.959	0.959	0.959	0.959	3.00	287	2	0.962	0.959	0.958	0.956	0.951	0.973
2013/01/14	0.952	0.969	0.952	0.969	170.00	16218	4	0.964	0.964	0.959	0.956	0.953	0.973
2013/01/15	0.968	0.968	0.960	0.960	70.00	6761	2	0.964	0.963	0.961	0.956	0.954	0.97
2013/01/17	0.961	0.977	0.961	0.970	111.00	10705	6	0.965	0.966	0.965	0.957	0.955	0.969
2013/01/18	0.964	0.983	0.964	0.980	279.00	27268	12	0.975	0.97	0.968	0.962	0.958	0.968
2013/01/21	0.990	0.990	0.980	0.981	109.00	10780	5	0.98	0.977	0.972	0.965	0.959	0.968
2013/01/23	0.987	0.999	0.987	0.999	47.00	4680	6	0.99	0.987	0.978	0.968	0.962	0.966
2013/01/24	0.988	0.991	0.988	0.991	249.00	24657	5	0.995	0.99	0.984	0.973	0.965	0.964
2013/01/28	0.990	1.006	0.990	0.997	26.00	2612	7	0.994	0.996	0.99	0.977	0.967	0.964
2013/01/29	0.998	1.008	0.983	1.008	12.00	1186	3	1.003	0.999	0.995	0.981	0.969	0.964
2013/01/30	1.000	1.010	1.000	1.010	169.00	16943	9	1.009	1.005	1.001	0.987	0.971	0.963
2013/02/01	1.018	1.018	1.018	1.018	20.00	2036	1	1.014	1.012	1.005	0.991	0.974	0.964
2013/02/04	1.023	1.025	1.023	1.025	81.00	8290	3	1.021	1.018	1.012	0.998	0.977	0.964
2013/02/05	0.992	1.039	0.992	1.000	61.00	6159	5	1.013	1.014	1.012	1.001	0.979	0.965
2013/02/06	1.004	1.004	1.003	1.003	81.00	8128	4	1.002	1.009	1.011	1.003	0.982	0.966
2013/02/07	1.007	1.008	1.007	1.008	39.00	3927	2	1.006	1.004	1.011	1.006	0.985	0.965
2013/02/18	1.017	1.017	1.017	1.017	39.00	3966	2	1.013	1.009	1.011	1.008	0.988	0.966
2013/02/19	1.017	1.017	1.002	1.008	55.00	5561	5	1.013	1.011	1.007	1.009	0.991	0.966
2013/02/20	1.011	1.032	1.011	1.032	84.00	8699	7	1.02	1.019	1.014	1.013	0.995	0.967
2013/02/21	1.019	1.019	1.019	1.019	47.00	4789	4	1.026	1.02	1.017	1.014	0.998	0.967
2013/02/22	1.089	1.089	0.985	0.985	213.00	21754	6	1.002	1.012	1.012	1.012	0.999	0.967
2013/02/25	0.891	1.050	0.891	1.043	36.00	3530	7	1.014	1.016	1.017	1.014	1.003	0.969
2013/02/26	0.990	1.018	0.988	1.018	13.00	1289	3	1.03	1.015	1.019	1.013	1.006	0.97
2013/02/27	0.982	1.025	0.982	0.983	104.00	10217	6	1	1.015	1.01	1.012	1.006	0.971
2013/03/01	1.065	1.065	0.980	0.980	22.00	2164	4	0.982	0.994	1.002	1.009	1.006	0.972
2013/03/04	0.942	0.942	0.942	0.942	194.00	18274	3	0.961	0.968	0.993	1.003	1.004	0.972
2013/03/05	0.975	0.986	0.975	0.986	493.00	48386	10	0.964	0.969	0.982	1	1.004	0.973
2013/03/06	0.991	1.000	0.991	1.000	274.00	27166	8	0.993	0.976	0.978	0.999	1.004	0.974
2013/03/07	0.986	0.986	0.986	0.986	1.00	98	1	0.993	0.991	0.979	0.994	1.004	0.974
2013/03/08	1.001	1.002	1.001	1.001	135.00	13526	3	0.993	0.996	0.983	0.992	1.003	0.975
2013/03/11	1.044	1.044	1.019	1.038	305.00	31118	9	1.02	1.008	1.002	0.998	1.005	0.975
2013/03/13	1.022	1.022	1.022	1.022	30.00	3066	4	1.03	1.02	1.009	0.996	1.005	0.976
2013/03/14	1.039	1.050	1.039	1.050	63.00	6549	8	1.036	1.037	1.019	0.999	1.006	0.977
2013/03/15	1.028	1.150	1.028	1.053	360.00	37588	12	1.051	1.042	1.033	1.006	1.009	0.979
2013/03/18	1.050	1.050	1.037	1.048	170.00	17820	9	1.05	1.05	1.042	1.013	1.011	0.981
2013/03/19	1.040	1.070	1.040	1.050	370.00	38556	10	1.049	1.05	1.045	1.023	1.013	0.982
2013/03/20	1.030	1.045	1.030	1.034	293.00	30345	4	1.042	1.044	1.047	1.028	1.014	0.984
2013/03/22	1.020	1.130	1.020	1.025	1635.00	169183	21	1.03	1.036	1.042	1.031	1.015	0.985
2013/03/25	1.060	1.060	1.038	1.040	597.00	62088	15	1.033	1.033	1.039	1.036	1.015	0.986
2013/03/26	1.023	1.023	1.006	1.011	10.00	1011	2	1.026	1.025	1.032	1.037	1.015	0.987
2013/03/27	1.024	1.046	1.023	1.038	809.00	83666	8	1.025	1.03	1.03	1.037	1.017	0.989
2013/03/28	1.029	1.039	1.029	1.039	151.00	15687	2	1.039	1.029	1.031	1.039	1.017	0.991
2013/03/29	1.023	1.023	1.023	1.023	284.00	29053	1	1.031	1.033	1.03	1.036	1.017	0.992
2013/04/01	1.023	1.069	1.023	1.069	118.00	12494	6	1.046	1.044	1.036	1.038	1.022	0.994
2013/04/03	1.020	1.026	1.020	1.026	93.00	9504	2	1.048	1.039	1.039	1.036	1.024	0.996
2013/04/08	0.999	1.120	0.990	1.018	297.00	29646	11	1.022	1.038	1.035	1.032	1.028	0.997
2013/04/09	1.090	1.090	1.019	1.019	27.00	2808	3	1.019	1.021	1.031	1.031	1.03	0.998
2013/04/10	1.019	1.019	1.019	1.019	17.00	1732	1	1.019	1.019	1.03	1.03	1.03	1
2013/04/11	1.028	1.028	1.028	1.028	22.00	2261	1	1.023	1.022	1.022	1.029	1.033	1.001
2013/04/18	0.960	0.960	0.959	0.959	100.00	9591	4	0.993	1.002	1.009	1.024	1.03	1.001
2013/04/19	1.000	1.030	1.000	1.000	511.00	51130	6	0.979	0.996	1.005	1.02	1.029	1.001
2013/04/22	0.957	0.957	0.957	0.957	1.00	95	1	0.979	0.972	0.993	1.012	1.025	1.001
2013/04/25	0.961	0.963	0.961	0.963	31.00	2966	3	0.96	0.973	0.981	1.006	1.021	1.001
2013/04/26	0.963	0.963	0.963	0.963	15.00	1444	2	0.963	0.961	0.968	0.995	1.016	1.001
2013/05/03	0.979	0.979	0.979	0.979	12.00	1174	2	0.971	0.968	0.972	0.991	1.013	1.002
2013/05/08	0.990	0.990	0.990	0.990	30.00	2970	1	0.984	0.977	0.97	0.988	1.01	1.003
2013/05/09	1.000	1.005	1.000	1.000	72.00	7200	4	0.995	0.99	0.979	0.986	1.008	1.003
2013/05/10	0.983	0.983	0.983	0.983	7.00	688	1	0.992	0.991	0.983	0.982	1.006	1.004
2013/05/13	0.984	0.984	0.984	0.984	19.00	1869	2	0.984	0.989	0.987	0.978	1.003	1.005
2013/05/15	0.990	1.038	0.990	1.016	155.00	15503	5	1	0.994	0.995	0.984	1.004	1.005
2013/05/16	1.001	1.001	1.001	1.001	6.00	600	1	1.009	1	0.997	0.984	1.002	1.006
2013/05/17	1.043	1.043	1.043	1.043	20.00	2086	3	1.022	1.02	1.005	0.992	1.002	1.007
2013/05/20	0.996	1.044	0.996	1.011	41.00	4194	3	1.027	1.018	1.011	0.997	1.001	1.008
2013/05/21	1.016	1.112	1.016	1.112	389.00	41193	21	1.062	1.055	1.037	1.012	1.004	1.011
2013/05/22	1.110	1.222	1.110	1.180	326.00	37501	15	1.146	1.101	1.069	1.032	1.011	1.014
2013/05/23	1.188	1.188	1.068	1.187	53.00	5795	7	1.184	1.16	1.107	1.052	1.02	1.017
2013/05/24	1.198	1.198	1.070	1.188	312.00	34865	14	1.188	1.185	1.136	1.071	1.028	1.02
2013/05/27	1.185	1.185	1.096	1.176	702.00	80400	20	1.182	1.184	1.169	1.09	1.036	1.024
2013/05/28	1.150	1.170	1.078	1.170	1511.00	167157	37	1.173	1.178	1.18	1.108	1.043	1.026
2013/05/29	1.085	1.118	1.063	1.066	2270.00	244236	51	1.118	1.137	1.157	1.113	1.048	1.027
2013/05/30	1.027	1.080	1.027	1.050	428.00	45414	17	1.058	1.095	1.13	1.118	1.051	1.028
2013/05/31	1.030	1.077	1.030	1.053	575.00	59824	15	1.051	1.056	1.103	1.119	1.056	1.029
2013/06/03	1.050	1.063	1.050	1.063	10.00	1051	2	1.058	1.055	1.08	1.125	1.061	1.029
2013/06/04	1.040	1.040	1.018	1.036	139.00	14355	6	1.049	1.051	1.054	1.117	1.064	1.03
2013/06/05	1.036	1.037	1.036	1.037	185.00	19225	9	1.036	1.045	1.048	1.103	1.067	1.03
2013/06/06	1.037	1.048	1.037	1.048	116.00	12030	5	1.043	1.04	1.047	1.089	1.07	1.031
2013/06/07	1.040	1.040	1.040	1.040	49.00	5096	1	1.044	1.042	1.045	1.074	1.072	1.031
2013/06/14	1.012	1.016	1.012	1.014	230.00	23284	5	1.027	1.034	1.035	1.058	1.074	1.032
2013/06/17	1.019	1.047	1.019	1.047	164.00	16739	8	1.031	1.034	1.037	1.045	1.077	1.032
2013/06/18	1.001	1.001	1.001	1.001	1.00	100	1	1.024	1.021	1.03	1.039	1.076	1.032
2013/06/19	1.038	1.038	1.038	1.038	2.00	207	1	1.02	1.029	1.028	1.038	1.078	1.032
2013/06/20	1.038	1.038	1.002	1.002	220.00	22112	5	1.02	1.014	1.02	1.033	1.076	1.032
2013/06/21	1.007	1.007	1.007	1.007	9.00	946	1	1.004	1.016	1.019	1.027	1.076	1.032
2013/06/24	0.963	1.029	0.963	1.007	8.00	801	3	1.007	1.005	1.011	1.024	1.071	1.032
2013/06/27	0.970	0.980	0.970	0.980	271.00	26541	9	0.993	0.998	1.007	1.018	1.061	1.032
2013/06/28	0.998	1.000	0.998	0.999	185.00	18466	4	0.99	0.995	0.999	1.013	1.051	1.033
2013/07/02	1.000	1.000	1.000	1.000	2.00	200	1	1	0.993	0.999	1.01	1.042	1.033
2013/07/03	0.915	1.035	0.915	1.035	111.00	11049	8	1.017	1.011	1.004	1.012	1.035	1.034
2013/07/04	1.029	1.029	1.029	1.029	1.00	102	1	1.032	1.021	1.009	1.01	1.028	1.034
2013/07/05	1.033	1.033	1.033	1.033	4.00	413	1	1.031	1.032	1.019	1.013	1.026	1.035
2013/07/08	0.980	1.028	0.980	1.028	111.00	11141	8	1.03	1.03	1.025	1.012	1.025	1.035
2013/07/09	0.990	1.017	0.990	1.014	525.00	52130	5	1.021	1.025	1.028	1.013	1.023	1.035
2013/07/10	1.018	1.018	1.001	1.001	157.00	15717	3	1.008	1.014	1.021	1.013	1.02	1.034
2013/07/11	1.012	1.019	1.012	1.019	99.00	10048	4	1.01	1.011	1.019	1.014	1.019	1.033
2013/07/12	1.030	1.030	1.025	1.026	111.00	11385	5	1.023	1.015	1.018	1.018	1.018	1.033
2013/07/15	1.035	1.035	1.001	1.033	296.00	30463	9	1.03	1.026	1.019	1.022	1.018	1.033
2013/07/16	1.037	1.037	1.010	1.010	544.00	55687	8	1.021	1.023	1.018	1.023	1.016	1.032
2013/07/17	0.991	1.027	0.991	1.026	198.00	19934	7	1.018	1.023	1.023	1.022	1.017	1.032
2013/07/18	1.025	1.025	1.025	1.025	130.00	13325	4	1.026	1.02	1.024	1.021	1.016	1.032
2013/07/23	1.033	1.033	1.033	1.033	45.00	4648	4	1.029	1.028	1.025	1.021	1.017	1.032
2013/07/25	1.030	1.030	1.030	1.030	100.00	10300	1	1.031	1.029	1.025	1.022	1.017	1.032
2013/07/26	1.022	1.022	1.022	1.022	80.00	8176	1	1.026	1.028	1.027	1.023	1.018	1.032
2013/07/29	1.021	1.021	1.021	1.021	88.00	8984	2	1.021	1.024	1.026	1.025	1.019	1.032
2013/07/30	1.021	1.021	1.021	1.021	1.00	102	1	1.021	1.021	1.025	1.025	1.019	1.031
2013/08/02	1.055	1.055	1.045	1.055	471.00	49600	9	1.038	1.032	1.03	1.028	1.023	1.032
2013/08/05	1.060	1.060	1.060	1.060	150.00	15900	3	1.057	1.045	1.036	1.03	1.026	1.032
2013/08/08	1.069	1.166	1.068	1.068	188.00	20128	7	1.064	1.061	1.045	1.036	1.029	1.033
2013/08/09	0.961	1.070	0.961	1.031	243.00	23803	6	1.049	1.053	1.047	1.037	1.029	1.033
2013/08/12	1.020	1.110	1.020	1.042	242.00	24878	9	1.036	1.047	1.051	1.038	1.03	1.034
2013/08/14	1.130	1.130	1.067	1.067	85.00	9164	4	1.055	1.047	1.054	1.042	1.032	1.035
2013/08/15	1.022	1.100	1.022	1.099	204.00	21712	5	1.083	1.069	1.061	1.049	1.035	1.037
2013/08/16	1.020	1.130	1.020	1.120	251.00	28187	8	1.109	1.095	1.072	1.058	1.04	1.04
2013/08/19	1.009	1.110	1.009	1.080	452.00	47115	7	1.1	1.1	1.082	1.064	1.044	1.042
2013/08/20	1.188	1.188	1.024	1.085	259.00	30445	5	1.082	1.095	1.09	1.071	1.048	1.044
2013/08/21	1.007	1.084	1.007	1.081	242.00	24384	3	1.083	1.082	1.093	1.073	1.05	1.045
2013/08/22	1.100	1.185	1.018	1.180	359.00	40791	9	1.13	1.115	1.109	1.085	1.058	1.049
2013/08/23	1.062	1.179	1.062	1.166	559.00	60309	25	1.173	1.142	1.118	1.095	1.066	1.051
2013/08/26	1.065	1.128	1.065	1.128	474.00	51633	18	1.147	1.158	1.128	1.105	1.071	1.054
2013/08/27	1.090	1.127	1.080	1.127	209.00	22594	10	1.128	1.14	1.136	1.113	1.076	1.056
2013/08/28	1.070	1.119	1.060	1.113	963.00	103737	27	1.12	1.123	1.143	1.118	1.08	1.058
2013/08/29	1.061	1.072	1.060	1.072	254.00	27112	5	1.092	1.104	1.121	1.115	1.082	1.059
2013/08/30	1.052	1.052	1.052	1.052	56.00	5891	4	1.062	1.079	1.098	1.108	1.083	1.059
2013/09/02	1.020	1.022	1.020	1.022	105.00	10711	6	1.037	1.049	1.077	1.103	1.083	1.059
2013/09/03	1.074	1.074	1.074	1.074	6.00	644	2	1.048	1.049	1.067	1.102	1.086	1.059
2013/09/04	1.070	1.079	1.070	1.070	51.00	5457	3	1.072	1.055	1.058	1.1	1.087	1.057
2013/09/06	1.089	1.089	1.040	1.079	20.00	2191	4	1.075	1.074	1.059	1.09	1.088	1.055
2013/09/09	1.080	1.080	1.047	1.077	83.00	8870	3	1.078	1.075	1.064	1.081	1.088	1.053
2013/09/10	1.048	1.077	1.048	1.060	120.00	12665	4	1.069	1.072	1.072	1.075	1.09	1.051
2013/09/11	1.050	1.050	1.042	1.043	249.00	26033	14	1.051	1.06	1.066	1.066	1.09	1.049
2013/09/12	1.045	1.046	1.045	1.046	55.00	5750	5	1.044	1.05	1.061	1.059	1.089	1.049
2013/09/13	1.049	1.054	1.049	1.054	37.00	3889	3	1.05	1.048	1.056	1.058	1.086	1.049
2013/09/17	1.050	1.054	1.043	1.043	496.00	52053	11	1.049	1.048	1.049	1.057	1.083	1.049
2013/09/18	1.050	1.090	1.050	1.060	602.00	63862	10	1.051	1.052	1.049	1.061	1.082	1.049
2013/09/23	1.065	1.078	1.065	1.078	316.00	33784	6	1.069	1.06	1.056	1.061	1.081	1.049
2013/09/24	1.084	1.085	1.084	1.085	299.00	32461	9	1.082	1.074	1.064	1.063	1.081	1.05
2013/09/25	1.066	1.066	1.066	1.066	42.00	4477	2	1.076	1.076	1.066	1.061	1.076	1.05
2013/09/26	1.068	1.068	1.068	1.068	271.00	28988	4	1.067	1.073	1.071	1.06	1.071	1.051
2013/09/27	1.073	1.088	1.073	1.079	275.00	29889	6	1.073	1.071	1.075	1.062	1.068	1.052
2013/09/30	1.070	1.070	1.070	1.070	150.00	16050	3	1.075	1.072	1.074	1.065	1.066	1.052
2013/10/08	1.081	1.095	1.081	1.081	42.00	4568	3	1.076	1.077	1.073	1.068	1.064	1.054
2013/10/09	1.070	1.071	1.070	1.071	10.00	1070	2	1.076	1.074	1.074	1.07	1.064	1.054
2013/10/10	1.059	1.059	1.059	1.059	10.00	1059	1	1.065	1.07	1.072	1.072	1.064	1.055
2013/10/11	1.090	1.098	1.076	1.098	127.00	13886	6	1.079	1.076	1.076	1.076	1.068	1.057
2013/10/14	1.108	1.108	1.108	1.108	127.00	14071	2	1.103	1.088	1.083	1.079	1.07	1.058
2013/10/16	1.115	1.126	1.115	1.126	15.00	1681	2	1.117	1.111	1.092	1.083	1.073	1.061
2013/10/17	1.145	1.146	1.145	1.146	159.00	18220	4	1.136	1.127	1.107	1.091	1.076	1.063
2013/10/18	1.261	1.261	1.261	1.261	1.00	126	1	1.204	1.178	1.148	1.11	1.085	1.068
2013/10/21	1.261	1.261	1.165	1.165	94.00	11065	5	1.213	1.191	1.161	1.118	1.09	1.07
2013/10/22	1.172	1.184	1.172	1.173	93.00	10909	6	1.169	1.2	1.174	1.129	1.097	1.072
2013/10/23	1.173	1.200	1.173	1.200	154.00	18477	7	1.187	1.179	1.189	1.141	1.105	1.075
2013/10/24	1.266	1.266	1.266	1.266	1.00	126	1	1.233	1.213	1.213	1.16	1.115	1.079
2013/10/25	1.254	1.254	1.254	1.254	136.00	17054	2	1.26	1.24	1.212	1.18	1.126	1.083
2013/10/28	1.145	1.245	1.145	1.244	175.00	20229	5	1.249	1.255	1.227	1.194	1.135	1.087
2013/10/29	1.145	1.145	1.145	1.145	1.00	114	1	1.194	1.214	1.222	1.198	1.138	1.089
2013/10/30	1.149	1.149	1.149	1.149	50.00	5745	1	1.147	1.179	1.212	1.2	1.141	1.091
2013/11/05	1.138	1.138	1.138	1.138	100.00	11380	1	1.144	1.144	1.186	1.199	1.145	1.093
2013/11/15	1.138	1.138	1.138	1.138	5.00	569	1	1.138	1.142	1.163	1.187	1.149	1.095
2013/11/18	1.120	1.120	1.120	1.120	4.00	448	1	1.129	1.132	1.138	1.183	1.151	1.097
2013/11/25	1.109	1.109	1.109	1.109	8.00	914	2	1.115	1.122	1.131	1.176	1.153	1.098
2013/12/04	1.071	1.071	1.071	1.071	3.00	321	1	1.09	1.1	1.115	1.163	1.152	1.099
2013/12/05	1.080	1.080	1.080	1.080	10.00	1080	2	1.076	1.087	1.104	1.145	1.153	1.099
2013/12/13	1.001	1.001	1.001	1.001	1.00	100	1	1.041	1.051	1.076	1.12	1.15	1.099
2013/12/19	1.022	1.022	1.022	1.022	100.00	10220	3	1.012	1.034	1.057	1.097	1.146	1.099
2013/12/23	1.051	1.051	1.051	1.051	129.00	13557	2	1.036	1.025	1.045	1.088	1.143	1.1
2013/12/24	1.081	1.089	1.081	1.089	2.00	217	5	1.07	1.054	1.049	1.082	1.141	1.1
2013/12/25	1.073	1.073	1.073	1.073	2.00	214	1	1.081	1.071	1.047	1.075	1.137	1.1
2014/01/08	1.052	1.052	1.052	1.052	2.00	210	1	1.063	1.071	1.057	1.067	1.127	1.1
2014/01/21	1.043	1.043	1.043	1.043	0.00	4	1	1.048	1.056	1.062	1.059	1.121	1.1
2014/02/13	1.052	1.080	1.052	1.080	3.00	318	2	1.062	1.058	1.067	1.056	1.116	1.101
2014/02/27	1.114	1.114	1.114	1.114	1.00	111	1	1.097	1.079	1.072	1.061	1.112	1.102
2014/03/03	1.225	1.225	1.225	1.225	1.00	122	1	1.169	1.14	1.103	1.075	1.11	1.104
2014/04/02	1.125	1.125	1.125	1.125	87.00	9821	1	1.175	1.155	1.117	1.087	1.103	1.104
2014/04/08	1.167	1.167	1.167	1.167	301.00	35127	3	1.146	1.172	1.142	1.102	1.1	1.105
2014/04/11	1.188	1.188	1.178	1.178	170.00	20146	3	1.173	1.157	1.162	1.115	1.101	1.107
2014/04/14	1.178	1.178	1.060	1.178	237.00	26603	7	1.178	1.174	1.175	1.123	1.103	1.109
2014/04/15	1.296	1.296	1.178	1.296	237.00	29335	5	1.237	1.217	1.189	1.146	1.111	1.11
2014/04/16	1.426	1.426	1.185	1.426	236.00	30998	8	1.361	1.3	1.249	1.183	1.125	1.115
2014/04/17	1.426	1.569	1.285	1.560	277.00	38966	12	1.493	1.427	1.328	1.235	1.147	1.122
2014/04/18	1.568	1.716	1.410	1.716	365.00	56970	11	1.638	1.567	1.435	1.298	1.177	1.132
2014/04/21	1.716	1.887	1.551	1.561	667.00	115674	47	1.638	1.612	1.512	1.343	1.202	1.139
2014/04/22	1.689	1.689	1.405	1.608	598.00	88790	24	1.585	1.628	1.574	1.382	1.228	1.148
2014/04/23	1.680	1.769	1.480	1.655	468.00	79319	36	1.632	1.608	1.62	1.434	1.261	1.158
2014/04/24	1.490	1.490	1.490	1.490	273.00	40677	18	1.572	1.584	1.606	1.467	1.284	1.166
2014/04/25	1.341	1.341	1.341	1.341	220.00	29502	10	1.415	1.495	1.531	1.483	1.299	1.171
2014/04/28	1.215	1.278	1.215	1.278	820.00	101858	31	1.309	1.37	1.474	1.493	1.308	1.174
2014/04/29	1.221	1.250	1.221	1.250	86.00	10613	7	1.264	1.29	1.403	1.488	1.317	1.177
2014/05/06	1.215	1.239	1.215	1.239	31.00	3829	3	1.244	1.256	1.32	1.47	1.326	1.18
2014/05/07	1.247	1.247	1.242	1.242	15.00	1868	4	1.24	1.244	1.27	1.438	1.336	1.183
2014/05/08	1.235	1.237	1.235	1.237	247.00	30535	9	1.24	1.239	1.249	1.39	1.344	1.186
2014/05/09	1.230	1.234	1.230	1.233	198.00	24396	3	1.235	1.237	1.24	1.357	1.35	1.189
2014/05/12	1.232	1.259	1.231	1.259	79.00	9787	11	1.246	1.243	1.242	1.322	1.352	1.192
2014/05/13	1.258	1.258	1.200	1.202	163.00	19739	11	1.23	1.231	1.235	1.277	1.356	1.195
2014/05/19	1.100	1.100	1.100	1.100	1.00	110	1	1.151	1.187	1.206	1.238	1.352	1.196
2014/05/20	1.198	1.200	1.198	1.200	101.00	12057	3	1.15	1.167	1.199	1.224	1.354	1.198
2014/05/21	1.212	1.260	1.212	1.257	248.00	30806	16	1.229	1.186	1.204	1.222	1.357	1.201
2014/05/22	1.297	1.297	1.220	1.265	162.00	20985	9	1.261	1.241	1.205	1.223	1.356	1.204
2014/05/23	1.265	1.265	1.139	1.263	30.00	3631	10	1.264	1.262	1.217	1.226	1.348	1.207
2014/05/26	1.177	1.235	1.177	1.235	9.00	1128	5	1.249	1.254	1.244	1.225	1.332	1.21
2014/05/27	1.235	1.235	1.235	1.235	1.00	123	1	1.235	1.244	1.251	1.225	1.308	1.212
2014/05/28	1.229	1.229	1.191	1.191	22.00	2713	4	1.213	1.22	1.238	1.221	1.289	1.214
2014/05/29	1.194	1.194	1.194	1.194	14.00	1671	3	1.192	1.207	1.224	1.214	1.268	1.216
2014/05/30	1.220	1.220	1.220	1.220	92.00	11224	3	1.207	1.202	1.215	1.216	1.247	1.219
2014/06/04	1.232	1.232	1.232	1.232	9.00	1108	2	1.226	1.215	1.214	1.229	1.234	1.221
2014/06/06	1.232	1.232	1.232	1.232	229.00	28151	1	1.232	1.228	1.214	1.232	1.228	1.223
2014/06/09	1.279	1.279	1.279	1.279	78.00	9976	3	1.256	1.248	1.231	1.235	1.228	1.226
2014/06/10	1.279	1.279	1.250	1.250	16.00	2029	2	1.265	1.254	1.243	1.233	1.228	1.228
2014/06/11	1.277	1.277	1.277	1.277	12.00	1532	1	1.263	1.269	1.254	1.235	1.23	1.228
2014/06/13	1.300	1.300	1.280	1.280	129.00	16572	4	1.278	1.269	1.264	1.239	1.232	1.23
2014/06/16	1.299	1.300	1.299	1.300	181.00	23501	5	1.29	1.286	1.277	1.245	1.235	1.232
2014/06/17	1.310	1.310	1.310	1.310	374.00	48994	2	1.305	1.297	1.283	1.257	1.239	1.234
2014/06/18	1.185	1.310	1.185	1.290	352.00	45245	9	1.3	1.3	1.291	1.267	1.241	1.234
2014/06/19	1.290	1.309	1.280	1.300	19.00	2453	5	1.295	1.3	1.296	1.275	1.245	1.235
2014/06/20	1.310	1.340	1.310	1.340	547.00	73285	11	1.32	1.31	1.308	1.286	1.257	1.237
2014/06/23	1.470	1.470	1.276	1.400	611.00	84294	13	1.37	1.347	1.328	1.303	1.268	1.241
2014/06/24	1.341	1.353	1.341	1.350	176.00	23795	10	1.375	1.363	1.336	1.31	1.272	1.244
2014/06/25	1.310	1.370	1.310	1.370	18.00	2395	4	1.36	1.373	1.352	1.322	1.277	1.248
2014/06/26	1.237	1.342	1.237	1.341	379.00	50512	13	1.355	1.354	1.36	1.328	1.281	1.251
2014/06/27	1.300	1.398	1.300	1.387	29.00	3959	5	1.364	1.366	1.37	1.339	1.289	1.256
2014/06/30	1.330	1.350	1.330	1.340	180.00	24107	15	1.363	1.356	1.358	1.343	1.294	1.26
2014/07/01	1.399	1.399	1.301	1.380	85.00	11784	4	1.36	1.369	1.364	1.35	1.304	1.265
2014/07/02	1.308	1.379	1.308	1.379	18.00	2438	3	1.379	1.366	1.365	1.359	1.313	1.27
2014/07/03	1.340	1.350	1.340	1.340	363.00	48657	18	1.359	1.366	1.365	1.363	1.319	1.275
2014/07/04	1.340	1.340	1.340	1.340	9.00	1206	1	1.34	1.353	1.356	1.363	1.324	1.281
2014/07/07	1.356	1.356	1.356	1.356	2.00	271	1	1.348	1.345	1.359	1.358	1.33	1.286
2014/07/08	1.350	1.350	1.345	1.345	35.00	4736	4	1.35	1.347	1.352	1.358	1.334	1.29
2014/07/09	1.262	1.345	1.262	1.301	128.00	16762	6	1.323	1.334	1.336	1.351	1.336	1.294
2014/07/10	1.300	1.340	1.300	1.340	29.00	3862	3	1.321	1.329	1.336	1.351	1.339	1.299
2014/07/11	1.345	1.345	1.340	1.340	20.00	2685	3	1.34	1.327	1.336	1.346	1.342	1.304
2014/07/15	1.379	1.379	1.300	1.340	327.00	42915	8	1.34	1.34	1.333	1.346	1.344	1.308
2014/07/16	1.292	1.338	1.292	1.297	154.00	20057	8	1.319	1.326	1.324	1.338	1.344	1.311
2014/07/17	1.260	1.332	1.260	1.265	83.00	10766	8	1.281	1.301	1.316	1.326	1.343	1.312
2014/07/18	1.267	1.298	1.267	1.275	140.00	18017	10	1.27	1.279	1.303	1.32	1.341	1.314
2014/07/21	1.320	1.320	1.320	1.320	4.00	528	1	1.298	1.287	1.299	1.318	1.34	1.317
2014/07/22	1.250	1.250	1.188	1.250	1843.00	220370	9	1.285	1.282	1.281	1.307	1.333	1.318
2014/07/23	1.240	1.374	1.240	1.366	1907.00	260410	12	1.308	1.312	1.295	1.309	1.334	1.321
2014/07/24	1.349	1.349	1.349	1.349	40.00	5396	1	1.358	1.322	1.312	1.314	1.333	1.322
2014/07/25	1.250	1.290	1.220	1.286	1977.00	242622	16	1.317	1.334	1.314	1.309	1.33	1.32
2014/07/28	1.273	1.310	1.273	1.288	915.00	117279	16	1.287	1.308	1.308	1.304	1.325	1.315
2014/07/29	1.256	1.416	1.256	1.292	3188.00	430144	25	1.29	1.289	1.316	1.299	1.322	1.308
2014/07/30	1.288	1.288	1.288	1.288	40.00	5152	2	1.29	1.289	1.301	1.298	1.318	1.303
2014/07/31	1.270	1.290	1.267	1.290	1857.00	235917	9	1.289	1.29	1.289	1.3	1.313	1.298
2014/08/01	1.291	1.291	1.266	1.266	1412.00	181823	6	1.278	1.281	1.285	1.299	1.31	1.292
2014/08/05	1.260	1.262	1.260	1.262	100.00	12612	2	1.264	1.273	1.28	1.294	1.306	1.288
2014/08/06	1.251	1.280	1.251	1.252	51.00	6431	5	1.257	1.26	1.272	1.294	1.301	1.286
2014/08/07	1.251	1.251	1.251	1.251	99.00	12342	6	1.252	1.255	1.264	1.282	1.296	1.286
2014/08/08	1.223	1.240	1.223	1.235	41.00	5126	5	1.243	1.246	1.253	1.271	1.293	1.286
2014/08/11	1.348	1.348	1.171	1.228	88.00	10561	6	1.232	1.238	1.246	1.265	1.287	1.286
2014/08/12	1.230	1.260	1.230	1.260	91.00	11315	6	1.244	1.241	1.245	1.262	1.283	1.286
2014/08/13	1.260	1.280	1.260	1.280	49.00	6156	2	1.27	1.256	1.251	1.261	1.28	1.287
2014/08/14	1.230	1.244	1.230	1.233	257.00	31721	8	1.257	1.258	1.247	1.256	1.277	1.287
2014/08/15	1.250	1.259	1.248	1.248	183.00	22848	13	1.24	1.254	1.25	1.252	1.276	1.286
2014/08/18	1.248	1.248	1.248	1.248	1.00	124	1	1.248	1.243	1.254	1.25	1.275	1.287
2014/08/19	1.199	1.220	1.199	1.220	58.00	7071	2	1.234	1.239	1.246	1.245	1.27	1.289
2014/08/20	1.249	1.249	1.230	1.230	48.00	5980	5	1.225	1.233	1.236	1.243	1.269	1.29
2014/08/21	1.220	1.220	1.220	1.220	40.00	4880	1	1.225	1.223	1.233	1.24	1.261	1.289
2014/08/22	1.220	1.234	1.191	1.232	257.00	31585	27	1.226	1.227	1.23	1.24	1.255	1.288
2014/08/25	1.234	1.296	1.202	1.236	126.00	15489	9	1.234	1.229	1.228	1.241	1.253	1.288
2014/08/26	1.214	1.284	1.214	1.259	20.00	2450	5	1.247	1.242	1.235	1.241	1.252	1.288
2014/08/27	1.259	1.278	1.240	1.240	118.00	14865	11	1.25	1.245	1.237	1.237	1.249	1.288
2014/08/28	1.260	1.260	1.245	1.245	42.00	5232	2	1.243	1.248	1.242	1.238	1.247	1.289
2014/08/29	1.244	1.260	1.220	1.260	475.00	59328	13	1.253	1.248	1.248	1.239	1.245	1.291
2014/09/01	1.236	1.236	1.236	1.236	7.00	865	1	1.248	1.247	1.248	1.238	1.244	1.291
2014/09/02	1.250	1.270	1.250	1.270	45.00	5701	3	1.253	1.255	1.25	1.243	1.244	1.291
2014/09/03	1.250	1.250	1.250	1.250	76.00	9547	3	1.26	1.252	1.252	1.245	1.244	1.292
2014/09/04	1.282	1.285	1.278	1.278	68.00	8720	3	1.264	1.266	1.259	1.251	1.245	1.292
2014/09/05	1.221	1.348	1.221	1.257	158.00	19533	7	1.267	1.262	1.258	1.253	1.247	1.292
2014/09/09	1.256	1.300	1.256	1.294	482.00	61796	12	1.276	1.276	1.27	1.259	1.25	1.292
2014/09/10	1.290	1.290	1.256	1.256	156.00	19734	3	1.275	1.269	1.267	1.259	1.25	1.292
2014/09/11	1.201	1.347	1.200	1.279	319.00	39526	13	1.268	1.276	1.273	1.263	1.25	1.291
2014/09/12	1.221	1.277	1.221	1.241	212.00	26218	13	1.26	1.259	1.265	1.262	1.25	1.29
2014/09/15	1.266	1.298	1.227	1.232	107.00	13782	7	1.237	1.251	1.26	1.259	1.249	1.289
2014/09/16	1.231	1.232	1.200	1.216	2657.00	320095	29	1.224	1.23	1.245	1.257	1.248	1.288
2014/09/17	1.200	1.200	1.120	1.200	1642.00	187475	17	1.208	1.216	1.234	1.25	1.247	1.285
2014/09/18	1.191	1.201	1.182	1.201	252.00	29984	8	1.201	1.206	1.218	1.245	1.245	1.282
2014/09/19	1.189	1.189	1.188	1.189	288.00	34223	8	1.195	1.197	1.208	1.237	1.244	1.279
2014/09/22	1.267	1.267	1.164	1.200	653.00	76841	12	1.194	1.197	1.201	1.231	1.242	1.277
2014/09/23	1.166	1.189	1.122	1.140	260.00	29782	13	1.17	1.176	1.186	1.215	1.237	1.273
2014/09/24	1.140	1.157	1.128	1.137	227.00	25921	10	1.138	1.159	1.173	1.204	1.231	1.269
2014/09/25	1.130	1.143	1.130	1.143	361.00	41144	14	1.14	1.14	1.162	1.19	1.226	1.266
2014/09/26	1.158	1.158	1.155	1.155	58.00	6708	6	1.149	1.145	1.155	1.181	1.222	1.262
2014/09/29	1.155	1.218	1.126	1.132	329.00	38018	19	1.143	1.143	1.141	1.171	1.215	1.258
2014/09/30	1.128	1.160	1.128	1.160	265.00	30089	8	1.146	1.149	1.145	1.166	1.212	1.255
2014/10/08	1.145	1.145	1.126	1.140	139.00	15821	8	1.15	1.144	1.146	1.16	1.205	1.252
2014/10/09	1.160	1.197	1.145	1.145	302.00	35844	9	1.142	1.148	1.146	1.154	1.2	1.248
2014/10/10	1.126	1.198	1.031	1.191	707.00	79663	25	1.168	1.159	1.154	1.154	1.195	1.246
2014/10/13	1.092	1.148	1.092	1.140	591.00	65518	25	1.165	1.159	1.155	1.148	1.19	1.243
2014/10/14	1.069	1.149	1.069	1.149	1312.00	143984	39	1.145	1.16	1.153	1.149	1.182	1.24
2014/10/15	1.043	1.090	1.043	1.076	2296.00	242977	63	1.112	1.122	1.14	1.143	1.173	1.235
2014/10/16	1.080	1.082	1.057	1.057	2176.00	233470	40	1.066	1.094	1.123	1.135	1.162	1.231
2014/10/17	0.951	0.960	0.951	0.951	9859.00	937628	179	1.004	1.028	1.075	1.114	1.148	1.225
2014/10/20	0.947	0.952	0.938	0.949	9307.00	881633	163	0.95	0.986	1.036	1.096	1.134	1.22
2014/10/21	0.944	0.950	0.933	0.939	3609.00	339233	81	0.944	0.946	0.994	1.074	1.12	1.214
2014/10/22	0.949	0.962	0.948	0.960	10088.00	965969	135	0.949	0.949	0.971	1.056	1.108	1.208
2014/10/23	0.950	0.950	0.937	0.941	7365.00	691833	114	0.951	0.947	0.948	1.035	1.095	1.203
2014/10/24	0.946	0.946	0.942	0.943	3976.00	375223	62	0.942	0.948	0.946	1.01	1.082	1.196
2014/10/27	0.942	0.943	0.937	0.937	876.00	82245	15	0.94	0.94	0.944	0.99	1.069	1.189
2014/10/28	0.932	0.939	0.924	0.939	4682.00	435860	70	0.938	0.94	0.944	0.969	1.059	1.183
2014/10/29	0.940	0.945	0.938	0.943	5143.00	483290	54	0.941	0.94	0.941	0.956	1.049	1.177
2014/10/30	0.947	0.954	0.947	0.951	2473.00	235271	46	0.947	0.944	0.943	0.945	1.04	1.172
2014/10/31	0.940	0.953	0.935	0.952	2828.00	268241	59	0.951	0.949	0.944	0.945	1.03	1.166
2014/11/03	0.953	0.975	0.952	0.969	2602.00	250408	72	0.961	0.957	0.951	0.947	1.022	1.161
2014/11/04	0.964	0.964	0.940	0.960	1648.00	157686	43	0.964	0.96	0.955	0.949	1.012	1.156
2014/11/05	0.942	0.949	0.938	0.948	6160.00	580453	98	0.954	0.959	0.956	0.948	1.002	1.15
2014/11/06	0.954	0.955	0.948	0.949	1315.00	124969	25	0.949	0.952	0.956	0.949	0.992	1.145
2014/11/07	0.949	0.953	0.949	0.953	817.00	77690	21	0.951	0.95	0.956	0.95	0.98	1.14
2014/11/10	0.963	0.985	0.963	0.980	4736.00	461748	75	0.967	0.961	0.958	0.954	0.972	1.136
2014/11/11	0.975	0.980	0.970	0.975	2402.00	234132	46	0.978	0.969	0.961	0.958	0.964	1.132
2014/11/12	0.963	0.975	0.963	0.975	514.00	49963	11	0.975	0.977	0.966	0.961	0.959	1.127
2014/11/13	0.970	0.979	0.970	0.970	702.00	68272	18	0.973	0.973	0.971	0.963	0.954	1.122
2014/11/14	0.968	0.968	0.950	0.960	2023.00	193615	42	0.965	0.968	0.972	0.964	0.955	1.117
2014/11/17	0.969	0.970	0.963	0.966	736.00	71164	18	0.963	0.965	0.969	0.964	0.956	1.113
2014/11/18	0.965	0.968	0.960	0.968	1088.00	104627	17	0.967	0.965	0.968	0.964	0.957	1.108
2014/11/19	0.968	0.968	0.952	0.952	683.00	65182	16	0.96	0.962	0.963	0.965	0.957	1.104
2014/11/20	0.954	0.954	0.954	0.954	282.00	26902	7	0.953	0.958	0.96	0.965	0.957	1.099
2014/11/21	0.973	0.980	0.957	0.979	1511.00	146423	30	0.966	0.962	0.964	0.968	0.959	1.095
2014/11/24	0.980	0.984	0.966	0.984	445.00	43405	18	0.982	0.972	0.967	0.968	0.961	1.091
2014/11/25	0.984	0.984	0.968	0.968	1307.00	127523	30	0.976	0.977	0.967	0.968	0.963	1.086
2014/11/26	0.970	0.985	0.969	0.980	742.00	72667	19	0.974	0.977	0.973	0.968	0.965	1.082
2014/11/27	0.979	0.979	0.963	0.963	3762.00	363403	53	0.972	0.97	0.975	0.967	0.965	1.077
2014/11/28	0.963	0.965	0.951	0.951	4513.00	430877	74	0.957	0.965	0.969	0.966	0.965	1.072
2014/12/01	0.950	0.960	0.937	0.950	1883.00	179008	49	0.951	0.955	0.962	0.965	0.964	1.067
2014/12/02	0.949	0.963	0.942	0.947	2838.00	269063	83	0.949	0.949	0.958	0.963	0.964	1.062
2014/12/03	0.942	0.962	0.937	0.948	2343.00	220766	66	0.947	0.948	0.952	0.962	0.964	1.057
2014/12/04	0.933	0.959	0.891	0.958	9848.00	909527	209	0.953	0.951	0.951	0.963	0.964	1.052
2014/12/05	0.949	0.950	0.910	0.947	7366.00	692896	148	0.952	0.951	0.95	0.96	0.964	1.046
2014/12/08	0.904	0.920	0.852	0.917	14429.00	1287564	257	0.932	0.941	0.943	0.953	0.961	1.041
2014/12/09	0.881	0.910	0.860	0.900	11694.00	1043478	188	0.908	0.921	0.934	0.946	0.957	1.034
2014/12/10	0.861	0.896	0.861	0.890	6374.00	560932	122	0.895	0.902	0.922	0.937	0.953	1.028
2014/12/11	0.801	0.860	0.801	0.849	13899.00	1160087	248	0.869	0.88	0.901	0.926	0.947	1.021
2014/12/12	0.779	0.815	0.772	0.788	24539.00	1925542	324	0.818	0.842	0.869	0.909	0.938	1.013
2014/12/15	0.745	0.777	0.745	0.770	28653.00	2173666	407	0.779	0.802	0.839	0.891	0.928	1.006
2014/12/16	0.750	0.775	0.750	0.770	32806.00	2487260	449	0.77	0.776	0.813	0.874	0.918	0.998
2014/12/17	0.757	0.769	0.757	0.763	34524.00	2629345	460	0.766	0.768	0.788	0.855	0.909	0.991
2014/12/18	0.766	0.839	0.765	0.839	83497.00	6777633	973	0.801	0.791	0.786	0.843	0.903	0.985
2014/12/19	0.809	0.916	0.800	0.898	124331.00	10869652	1580	0.868	0.833	0.808	0.838	0.899	0.98
2014/12/22	0.873	0.898	0.828	0.851	95374.00	8196891	1250	0.875	0.863	0.824	0.832	0.892	0.974
2014/12/23	0.780	0.799	0.766	0.780	188185.00	14753054	1564	0.816	0.843	0.826	0.82	0.883	0.968
2014/12/24	0.787	0.807	0.783	0.792	153900.00	12187401	1157	0.786	0.808	0.832	0.81	0.874	0.963
2014/12/25	0.781	0.789	0.771	0.782	132117.00	10332371	714	0.787	0.785	0.821	0.803	0.864	0.957
2014/12/26	0.782	0.788	0.777	0.785	80245.00	6288209	577	0.784	0.786	0.798	0.803	0.856	0.95
2014/12/29	0.785	0.800	0.782	0.793	128836.00	10219999	845	0.789	0.787	0.786	0.805	0.848	0.945
2014/12/30	0.790	0.790	0.778	0.785	47693.00	3735287	513	0.789	0.788	0.787	0.807	0.84	0.938
2014/12/31	0.794	0.794	0.782	0.788	54993.00	4314001	515	0.786	0.789	0.787	0.809	0.832	0.933
2015/01/05	0.786	0.787	0.775	0.785	114208.00	8924806	940	0.786	0.786	0.787	0.804	0.824	0.927
2015/01/06	0.773	0.783	0.765	0.782	101700.00	7860380	923	0.784	0.785	0.787	0.792	0.815	0.92
2015/01/07	0.767	0.778	0.765	0.778	110898.00	8583853	1005	0.78	0.782	0.784	0.785	0.808	0.914
2015/01/08	0.778	0.848	0.774	0.838	326912.00	26483804	2721	0.808	0.799	0.794	0.791	0.805	0.909
2015/01/09	0.810	0.842	0.801	0.817	252609.00	20641268	2009	0.827	0.811	0.8	0.793	0.802	0.904
2015/01/12	0.751	0.778	0.751	0.765	497525.00	38023056	3148	0.791	0.807	0.796	0.792	0.797	0.899
2015/01/13	0.721	0.724	0.715	0.721	785634.00	56586676	3982	0.743	0.768	0.784	0.785	0.794	0.896
2015/01/14	0.721	0.726	0.714	0.717	775258.00	55778640	2943	0.719	0.734	0.772	0.778	0.791	0.892
2015/01/15	0.734	0.749	0.723	0.727	968577.00	70846472	3889	0.722	0.722	0.749	0.772	0.789	0.888
2015/01/16	0.715	0.749	0.710	0.748	1420971.00	103449720	5019	0.738	0.731	0.736	0.768	0.789	0.885
2015/01/19	0.768	0.802	0.751	0.770	5080689.00	392009024	16297	0.759	0.748	0.737	0.766	0.785	0.882
2015/01/20	0.740	0.761	0.739	0.748	4116126.00	309561248	12086	0.759	0.755	0.742	0.763	0.778	0.879
2015/01/21	0.721	0.729	0.720	0.727	6192374.00	449032160	17153	0.738	0.748	0.744	0.758	0.771	0.875
2015/01/22	0.735	0.800	0.735	0.790	14026812.00	1077455488	36046	0.758	0.755	0.757	0.753	0.772	0.873
2015/01/23	0.750	0.782	0.728	0.731	24470734.00	1853961088	56524	0.761	0.749	0.753	0.744	0.769	0.869
2015/01/26	0.741	0.750	0.733	0.737	9939283.00	735121856	26278	0.734	0.753	0.747	0.742	0.767	0.865
2015/01/27	0.742	0.744	0.727	0.733	6064082.00	445861920	17052	0.735	0.734	0.744	0.743	0.764	0.862
2015/01/28	0.741	0.748	0.735	0.743	5955304.00	441535168	17267	0.738	0.738	0.747	0.745	0.762	0.858
2015/01/29	0.728	0.735	0.725	0.729	3364284.00	245807888	11449	0.736	0.735	0.735	0.746	0.759	0.854
2015/01/30	0.730	0.733	0.718	0.721	3946145.00	286016864	11163	0.725	0.731	0.733	0.743	0.755	0.85
2015/02/02	0.748	0.752	0.733	0.734	7141309.00	529389888	19659	0.728	0.728	0.732	0.739	0.753	0.847
2015/02/03	0.754	0.760	0.746	0.749	7605755.00	571185024	19987	0.742	0.735	0.735	0.739	0.751	0.843
2015/02/04	0.774	0.792	0.764	0.773	13889684.00	1079492736	33725	0.761	0.752	0.741	0.744	0.751	0.84
2015/02/05	0.748	0.754	0.744	0.745	5817971.00	435792544	18706	0.759	0.756	0.744	0.739	0.746	0.836
2015/02/06	0.761	0.772	0.760	0.766	7298712.00	558038528	16928	0.755	0.761	0.753	0.743	0.744	0.833
2015/02/09	0.775	0.776	0.763	0.766	4596637.00	353909472	10827	0.766	0.759	0.76	0.746	0.744	0.829
2015/02/10	0.768	0.769	0.760	0.763	2981730.00	227780240	7968	0.765	0.765	0.763	0.749	0.746	0.826
2015/02/11	0.752	0.755	0.750	0.754	1856096.00	139551520	7192	0.758	0.761	0.759	0.75	0.748	0.822
2015/02/12	0.752	0.757	0.751	0.756	2079122.00	156726368	5066	0.755	0.758	0.761	0.753	0.749	0.819
2015/02/13	0.772	0.775	0.767	0.775	3755127.00	289660288	10087	0.765	0.762	0.763	0.758	0.751	0.816
2015/02/16	0.788	0.789	0.785	0.786	3167575.00	249259152	8091	0.78	0.772	0.767	0.763	0.751	0.813
2015/02/17	0.790	0.808	0.789	0.807	4078806.00	326461440	11404	0.796	0.789	0.776	0.769	0.754	0.81
2015/02/25	0.780	0.780	0.768	0.773	3846588.00	297442144	12105	0.79	0.789	0.779	0.769	0.757	0.807
2015/02/26	0.784	0.790	0.783	0.786	2986369.00	234757968	8616	0.78	0.789	0.785	0.773	0.756	0.804
2015/02/27	0.774	0.780	0.772	0.779	3340265.00	259011904	8654	0.783	0.779	0.786	0.775	0.759	0.8
2015/03/02	0.775	0.778	0.773	0.778	2622537.00	203405568	7244	0.778	0.781	0.785	0.776	0.761	0.797
2015/03/03	0.774	0.776	0.771	0.775	2325825.00	179822592	6941	0.776	0.777	0.778	0.777	0.763	0.794
2015/03/04	0.774	0.776	0.772	0.772	1485064.00	114808520	5153	0.773	0.775	0.778	0.779	0.764	0.791
2015/03/05	0.774	0.776	0.768	0.770	2074961.00	160220832	6591	0.771	0.772	0.775	0.78	0.766	0.788
2015/03/06	0.769	0.769	0.762	0.762	1752863.00	133938576	6307	0.766	0.768	0.771	0.779	0.768	0.785
2015/03/09	0.750	0.751	0.742	0.747	2357638.00	175721104	8184	0.755	0.76	0.765	0.775	0.769	0.782
2015/03/10	0.744	0.745	0.741	0.742	1660011.00	123326360	5724	0.744	0.75	0.759	0.768	0.769	0.778
2015/03/11	0.727	0.733	0.726	0.729	2407957.00	175648064	9189	0.735	0.739	0.75	0.764	0.767	0.775
2015/03/12	0.731	0.733	0.726	0.729	1618051.00	117831176	6426	0.729	0.733	0.742	0.758	0.766	0.772
2015/03/13	0.727	0.732	0.725	0.732	1317818.00	96084072	5039	0.73	0.73	0.736	0.754	0.764	0.77
2015/03/16	0.725	0.738	0.724	0.736	3127259.00	228675552	9866	0.734	0.732	0.734	0.749	0.763	0.768
2015/03/17	0.735	0.746	0.733	0.742	4205705.00	311876416	10930	0.739	0.737	0.734	0.746	0.762	0.767
2015/03/18	0.738	0.745	0.738	0.743	2837982.00	210476000	7957	0.742	0.74	0.736	0.743	0.761	0.767
2015/03/19	0.760	0.760	0.749	0.751	3385034.00	254772912	10228	0.747	0.745	0.741	0.741	0.761	0.766
2015/03/20	0.743	0.746	0.742	0.744	4077487.00	303224896	8904	0.748	0.746	0.743	0.739	0.759	0.766
2015/03/23	0.743	0.745	0.741	0.744	4028212.00	299453344	9449	0.744	0.746	0.745	0.739	0.757	0.764
2015/03/24	0.746	0.746	0.741	0.743	2811912.00	209053952	7611	0.743	0.744	0.745	0.739	0.754	0.762
2015/03/25	0.741	0.741	0.734	0.734	3847381.00	283833280	9261	0.738	0.74	0.743	0.74	0.752	0.76
2015/03/26	0.741	0.770	0.738	0.763	13646112.00	1032676736	28337	0.748	0.747	0.746	0.743	0.751	0.76
2015/03/27	0.766	0.780	0.761	0.764	9502191.00	729582720	22174	0.763	0.754	0.75	0.746	0.75	0.759
2015/03/30	0.749	0.755	0.747	0.749	7664692.00	574724480	15612	0.757	0.759	0.751	0.748	0.749	0.759
2015/03/31	0.749	0.751	0.747	0.749	4649784.00	348075040	9280	0.749	0.754	0.752	0.748	0.747	0.758
2015/04/01	0.747	0.748	0.744	0.746	4019669.00	299674720	8627	0.748	0.748	0.754	0.749	0.746	0.757
2015/04/02	0.755	0.757	0.750	0.753	4620108.00	347893056	10126	0.75	0.749	0.752	0.749	0.745	0.757
2015/04/03	0.754	0.754	0.750	0.752	3257044.00	244812832	7158	0.752	0.75	0.75	0.75	0.745	0.756
2015/04/07	0.771	0.775	0.768	0.771	7108669.00	548069248	16700	0.762	0.759	0.754	0.752	0.746	0.756
2015/04/08	0.776	0.782	0.776	0.778	5241005.00	407807424	13645	0.775	0.767	0.76	0.756	0.748	0.756
2015/04/09	0.766	0.767	0.762	0.767	4186229.00	320160544	11407	0.773	0.772	0.764	0.759	0.749	0.756
2015/04/10	0.769	0.773	0.764	0.769	5914863.00	454102400	12425	0.768	0.771	0.767	0.76	0.752	0.754
2015/04/13	0.777	0.779	0.773	0.774	3817625.00	295672128	10258	0.771	0.77	0.772	0.761	0.754	0.754
2015/04/14	0.774	0.774	0.767	0.770	3441933.00	265403408	9458	0.772	0.771	0.772	0.763	0.755	0.754
2015/04/15	0.783	0.786	0.780	0.784	6819544.00	533697024	14001	0.777	0.776	0.773	0.766	0.757	0.755
2015/04/16	0.809	0.820	0.806	0.814	6966708.00	565812544	16804	0.799	0.789	0.782	0.773	0.761	0.757
2015/04/17	0.818	0.827	0.816	0.822	4935245.00	405180384	11833	0.818	0.807	0.793	0.78	0.765	0.758
2015/04/20	0.820	0.842	0.815	0.828	5929444.00	492054944	14359	0.825	0.821	0.804	0.788	0.769	0.759
2015/04/21	0.828	0.832	0.821	0.825	2695521.00	222386640	7714	0.826	0.825	0.815	0.793	0.773	0.76
2015/04/22	0.814	0.815	0.807	0.809	4148508.00	335799296	13096	0.817	0.821	0.82	0.796	0.776	0.761
2015/04/23	0.808	0.815	0.806	0.811	2521824.00	204606160	7350	0.81	0.815	0.819	0.801	0.78	0.763
2015/04/24	0.824	0.826	0.818	0.821	2980421.00	244786976	7905	0.816	0.814	0.819	0.806	0.783	0.763
2015/04/27	0.816	0.826	0.814	0.819	3535841.00	289563040	8061	0.82	0.817	0.817	0.81	0.786	0.765
2015/04/28	0.816	0.816	0.801	0.803	2502437.00	202238416	8272	0.811	0.814	0.813	0.814	0.788	0.766
2015/04/29	0.805	0.807	0.799	0.806	1796711.00	144343568	5197	0.804	0.809	0.812	0.816	0.791	0.767
2015/04/30	0.819	0.821	0.814	0.817	2180339.00	178054448	5561	0.811	0.809	0.813	0.816	0.795	0.768
2015/05/04	0.819	0.819	0.813	0.813	1310206.00	106772848	3797	0.815	0.812	0.812	0.815	0.798	0.77
2015/05/05	0.811	0.811	0.800	0.802	1452767.00	116863920	5932	0.808	0.811	0.808	0.813	0.8	0.771
2015/05/06	0.808	0.812	0.802	0.807	3140644.00	253064944	7458	0.804	0.807	0.809	0.811	0.802	0.772
2015/05/07	0.796	0.796	0.777	0.780	2905515.00	227936384	9867	0.793	0.796	0.804	0.808	0.802	0.773
2015/05/08	0.772	0.773	0.764	0.769	2794661.00	214682016	8730	0.775	0.785	0.794	0.804	0.802	0.773
2015/05/11	0.775	0.780	0.773	0.780	1678508.00	130466416	5585	0.775	0.776	0.788	0.8	0.803	0.773
2015/05/12	0.775	0.777	0.773	0.777	2016458.00	156277536	4853	0.778	0.775	0.783	0.795	0.803	0.773
2015/05/13	0.780	0.783	0.778	0.778	1808795.00	141023760	4871	0.778	0.778	0.777	0.793	0.803	0.774
2015/05/14	0.774	0.775	0.772	0.774	1241400.00	96035816	3845	0.776	0.776	0.776	0.79	0.803	0.774
2015/05/15	0.769	0.769	0.765	0.768	1598918.00	122683008	4716	0.771	0.773	0.775	0.785	0.8	0.774
2015/05/18	0.765	0.766	0.761	0.764	1762520.00	134498432	4604	0.766	0.769	0.772	0.78	0.798	0.774
2015/05/19	0.763	0.763	0.758	0.759	2100106.00	159425760	6400	0.762	0.764	0.769	0.776	0.794	0.774
2015/05/20	0.746	0.746	0.743	0.745	2926789.00	217806368	10319	0.752	0.756	0.762	0.769	0.79	0.773
2015/05/21	0.745	0.746	0.742	0.745	1424792.00	105923600	5131	0.745	0.75	0.756	0.766	0.787	0.772
2015/05/22	0.753	0.758	0.752	0.757	2370265.00	179039232	6491	0.751	0.749	0.754	0.765	0.784	0.772
2015/05/25	0.753	0.759	0.752	0.758	2574348.00	194305712	6167	0.758	0.753	0.753	0.762	0.781	0.772
2015/05/26	0.758	0.759	0.754	0.758	2484454.00	188061136	5490	0.758	0.758	0.753	0.761	0.778	0.771
2015/05/27	0.752	0.753	0.749	0.753	1932964.00	145219680	4909	0.756	0.756	0.754	0.758	0.775	0.771
2015/05/28	0.751	0.752	0.738	0.739	2434166.00	181742208	7445	0.746	0.75	0.753	0.755	0.772	0.77
2015/05/29	0.740	0.742	0.726	0.733	2070082.00	151715856	6429	0.736	0.742	0.748	0.751	0.768	0.77
2015/06/01	0.739	0.741	0.735	0.741	2394538.00	176924864	4921	0.737	0.738	0.745	0.749	0.764	0.769
2015/06/02	0.740	0.740	0.733	0.736	1938055.00	142616400	4763	0.738	0.737	0.74	0.747	0.761	0.769
2015/06/03	0.740	0.741	0.736	0.738	2409015.00	177967360	5038	0.737	0.738	0.737	0.746	0.758	0.768
2015/06/04	0.735	0.735	0.728	0.732	2729064.00	199310112	7663	0.735	0.735	0.736	0.744	0.755	0.768
2015/06/05	0.728	0.737	0.726	0.737	4282250.00	314310400	6806	0.734	0.736	0.737	0.743	0.754	0.768
2015/06/08	0.737	0.739	0.735	0.738	3007080.00	221533376	6238	0.737	0.736	0.736	0.74	0.752	0.769
2015/06/09	0.737	0.742	0.735	0.739	2496727.00	184345504	4085	0.738	0.738	0.737	0.739	0.75	0.769
2015/06/10	0.743	0.744	0.739	0.742	3051944.00	226088000	5172	0.74	0.74	0.738	0.738	0.748	0.769
2015/06/11	0.745	0.746	0.743	0.743	1996992.00	148570352	4126	0.742	0.741	0.74	0.738	0.746	0.769
2015/06/12	0.741	0.741	0.738	0.740	2131343.00	157516464	3753	0.742	0.742	0.74	0.739	0.745	0.769
2015/06/15	0.731	0.735	0.730	0.730	1638045.00	119875768	4145	0.735	0.738	0.739	0.738	0.743	0.768
2015/06/16	0.731	0.731	0.723	0.725	1769037.00	128510480	5002	0.728	0.732	0.736	0.736	0.741	0.768
2015/06/17	0.728	0.729	0.725	0.728	1578518.00	114750592	3173	0.727	0.728	0.733	0.735	0.741	0.768
2015/06/18	0.725	0.725	0.716	0.716	2162425.00	155893184	5717	0.722	0.723	0.728	0.734	0.739	0.767
2015/06/19	0.717	0.718	0.705	0.710	2200154.00	156996656	5968	0.713	0.718	0.722	0.731	0.737	0.767
2015/06/23	0.712	0.713	0.706	0.712	1459667.00	103581472	3872	0.711	0.713	0.718	0.729	0.734	0.766
2015/06/24	0.723	0.728	0.722	0.727	1937862.00	140371408	3724	0.72	0.716	0.719	0.727	0.733	0.766
2015/06/25	0.722	0.726	0.721	0.724	1155026.00	83563856	3504	0.725	0.721	0.718	0.725	0.731	0.765
2015/06/26	0.721	0.721	0.709	0.712	1711542.00	122177040	4162	0.718	0.721	0.717	0.722	0.73	0.764
2015/06/29	0.710	0.710	0.698	0.703	2033432.00	143117408	4890	0.707	0.713	0.716	0.719	0.729	0.764
2015/06/30	0.689	0.691	0.678	0.691	2174953.00	148721344	5895	0.697	0.702	0.711	0.715	0.726	0.763
2015/07/01	0.693	0.694	0.684	0.687	1060154.00	73208584	2962	0.689	0.694	0.703	0.711	0.724	0.762
2015/07/02	0.671	0.674	0.658	0.663	2208296.00	146979328	6258	0.675	0.68	0.691	0.705	0.72	0.76
2015/07/03	0.659	0.659	0.653	0.656	1813773.00	118845520	3568	0.66	0.669	0.68	0.698	0.716	0.758
2015/07/06	0.654	0.658	0.633	0.640	2237417.00	144139424	5499	0.648	0.653	0.667	0.692	0.711	0.756
2015/07/07	0.633	0.633	0.619	0.624	2835217.00	176854592	4301	0.632	0.64	0.654	0.683	0.706	0.753
2015/07/08	0.634	0.635	0.623	0.630	2258898.00	142218016	4266	0.627	0.631	0.643	0.673	0.7	0.751
2015/07/09	0.621	0.661	0.618	0.647	3829667.00	245942976	8091	0.638	0.634	0.639	0.665	0.695	0.749
2015/07/10	0.649	0.675	0.646	0.663	4898396.00	324251456	11572	0.655	0.647	0.641	0.66	0.691	0.747
2015/07/13	0.656	0.660	0.651	0.652	2614382.00	171135328	5723	0.658	0.654	0.643	0.655	0.687	0.744
2015/07/14	0.653	0.657	0.652	0.653	1472110.00	96231392	2856	0.653	0.656	0.649	0.651	0.683	0.741
2015/07/15	0.665	0.672	0.665	0.670	2072497.00	138708832	4454	0.661	0.658	0.657	0.65	0.68	0.739
2015/07/16	0.652	0.660	0.649	0.658	894075.00	58663368	2212	0.664	0.66	0.659	0.649	0.677	0.736
2015/07/17	0.652	0.660	0.652	0.660	998839.00	65663168	2354	0.659	0.663	0.659	0.65	0.674	0.733
2015/07/20	0.650	0.656	0.650	0.654	936791.00	61111000	2187	0.657	0.657	0.659	0.651	0.671	0.731
2015/07/21	0.645	0.645	0.638	0.639	981415.00	62870504	2744	0.646	0.651	0.656	0.653	0.668	0.728
2015/07/22	0.633	0.636	0.629	0.635	681090.00	43132976	2173	0.637	0.643	0.649	0.653	0.663	0.725
2015/07/23	0.628	0.632	0.624	0.631	1100300.00	69154200	2692	0.633	0.635	0.644	0.651	0.658	0.722
2015/07/24	0.626	0.627	0.621	0.621	1382523.00	86338368	3365	0.626	0.629	0.636	0.647	0.654	0.719
2015/07/27	0.606	0.607	0.589	0.589	2232610.00	133876680	6433	0.605	0.614	0.623	0.641	0.648	0.715
2015/07/28	0.574	0.574	0.559	0.564	2456708.00	138772576	5545	0.576	0.591	0.608	0.632	0.642	0.711
2015/07/29	0.582	0.585	0.580	0.584	1818998.00	105983488	3926	0.574	0.579	0.598	0.623	0.637	0.707
2015/07/30	0.599	0.603	0.597	0.597	1810424.00	108642288	3494	0.59	0.582	0.591	0.617	0.633	0.704
2015/07/31	0.591	0.597	0.590	0.592	718696.00	42674528	1550	0.595	0.591	0.585	0.611	0.63	0.701
2015/08/03	0.582	0.583	0.579	0.581	716674.00	41630236	1728	0.586	0.59	0.584	0.603	0.627	0.697
2015/08/04	0.569	0.581	0.567	0.579	880610.00	50719284	2159	0.58	0.584	0.587	0.597	0.625	0.694
2015/08/05	0.579	0.584	0.579	0.583	607058.00	35306696	1604	0.581	0.581	0.586	0.592	0.623	0.691
2015/08/06	0.575	0.580	0.569	0.569	1288952.00	74342000	2118	0.576	0.577	0.581	0.586	0.619	0.687
2015/08/07	0.582	0.585	0.579	0.581	977388.00	56804340	1761	0.575	0.578	0.579	0.582	0.615	0.684
2015/08/10	0.575	0.584	0.574	0.583	1684694.00	97724464	3307	0.582	0.578	0.579	0.581	0.611	0.681
2015/08/11	0.601	0.608	0.598	0.605	2940789.00	177132112	5557	0.594	0.59	0.584	0.585	0.609	0.678
2015/08/12	0.604	0.620	0.604	0.615	2310707.00	141584208	4706	0.61	0.601	0.591	0.589	0.606	0.676
2015/08/13	0.631	0.635	0.626	0.631	2277451.00	143637168	4189	0.623	0.617	0.603	0.592	0.605	0.674
2015/08/14	0.625	0.627	0.620	0.622	1226194.00	76288752	2643	0.627	0.623	0.611	0.595	0.603	0.672
2015/08/17	0.621	0.623	0.619	0.622	914100.00	56818840	1588	0.622	0.625	0.619	0.599	0.601	0.67
2015/08/18	0.622	0.622	0.616	0.617	891312.00	55316332	1972	0.619	0.62	0.621	0.603	0.6	0.667
2015/08/19	0.619	0.624	0.618	0.622	990260.00	61443392	1787	0.619	0.62	0.623	0.607	0.599	0.665
2015/08/20	0.608	0.612	0.603	0.610	809793.00	49361440	1873	0.616	0.616	0.619	0.611	0.598	0.663
2015/08/21	0.600	0.601	0.592	0.592	791160.00	47218088	2516	0.601	0.608	0.613	0.612	0.597	0.66
2015/08/24	0.574	0.574	0.551	0.553	1589080.00	89061728	4368	0.572	0.585	0.599	0.609	0.595	0.657
2015/08/25	0.536	0.547	0.532	0.533	1295095.00	69826200	3762	0.543	0.559	0.582	0.602	0.594	0.654
2015/08/26	0.538	0.545	0.535	0.539	1525979.00	82388576	3194	0.536	0.542	0.565	0.594	0.591	0.651
2015/08/27	0.545	0.547	0.541	0.547	1168752.00	63663476	2279	0.543	0.54	0.553	0.586	0.589	0.647
2015/08/28	0.580	0.585	0.574	0.578	2000087.00	115686320	4703	0.563	0.555	0.55	0.581	0.588	0.645
2015/08/31	0.586	0.586	0.578	0.580	1405588.00	81723856	3035	0.579	0.568	0.555	0.577	0.588	0.642
2015/09/01	0.597	0.598	0.591	0.596	1498091.00	89046032	3455	0.588	0.585	0.568	0.575	0.589	0.64
2015/09/02	0.570	0.574	0.568	0.573	1327957.00	75830984	2586	0.585	0.583	0.575	0.57	0.588	0.637
2015/09/07	0.571	0.573	0.569	0.573	702580.00	40126840	1242	0.573	0.581	0.58	0.566	0.589	0.634
2015/09/08	0.569	0.573	0.568	0.571	420743.00	23997516	1156	0.572	0.572	0.579	0.564	0.588	0.631
2015/09/09	0.580	0.585	0.577	0.581	1155476.00	67188544	2262	0.576	0.575	0.579	0.567	0.588	0.629
2015/09/10	0.570	0.573	0.567	0.569	1007188.00	57415188	1890	0.575	0.574	0.573	0.571	0.586	0.626
2015/09/11	0.573	0.577	0.573	0.574	759144.00	43643724	1440	0.572	0.575	0.574	0.574	0.584	0.624
2015/09/14	0.569	0.574	0.567	0.567	451703.00	25743748	1352	0.571	0.57	0.572	0.576	0.581	0.621
2015/09/15	0.558	0.561	0.556	0.556	543877.00	30400904	1487	0.561	0.566	0.569	0.574	0.578	0.618
2015/09/16	0.562	0.565	0.560	0.565	496085.00	27920530	1282	0.561	0.563	0.566	0.572	0.575	0.616
2015/09/17	0.584	0.586	0.579	0.579	918962.00	53480480	2141	0.572	0.567	0.568	0.571	0.573	0.614
2015/09/18	0.579	0.580	0.577	0.578	337210.00	19501688	822	0.579	0.574	0.569	0.571	0.571	0.611
2015/09/21	0.567	0.574	0.565	0.574	735717.00	41845536	1785	0.576	0.577	0.57	0.571	0.569	0.609
2015/09/22	0.574	0.576	0.573	0.575	417911.00	24009752	1240	0.574	0.576	0.574	0.572	0.568	0.606
2015/09/23	0.569	0.571	0.567	0.569	361577.00	20573232	955	0.572	0.573	0.575	0.571	0.569	0.604
2015/09/24	0.557	0.562	0.556	0.561	808675.00	45229944	1914	0.565	0.568	0.571	0.57	0.57	0.602
2015/09/25	0.561	0.562	0.557	0.560	314722.00	17601500	1000	0.561	0.563	0.568	0.568	0.571	0.6
2015/09/28	0.557	0.558	0.553	0.555	387338.00	21483068	1377	0.558	0.559	0.564	0.567	0.572	0.598
2015/09/29	0.531	0.538	0.529	0.533	1738922.00	92742384	4083	0.544	0.549	0.556	0.565	0.569	0.596
2015/09/30	0.533	0.536	0.533	0.535	814408.00	43540920	1448	0.534	0.541	0.549	0.562	0.567	0.594
2015/10/08	0.589	0.589	0.589	0.589	873627.00	51456624	1782	0.562	0.552	0.554	0.563	0.567	0.594
2015/10/09	0.630	0.634	0.626	0.633	4028411.00	253564800	7480	0.611	0.586	0.569	0.568	0.57	0.594
2015/10/12	0.628	0.628	0.624	0.626	1318260.00	82524760	2633	0.63	0.616	0.583	0.574	0.572	0.593
2015/10/13	0.607	0.607	0.604	0.605	1298597.00	78604632	2525	0.615	0.621	0.598	0.577	0.574	0.592
2015/10/14	0.594	0.599	0.594	0.598	810451.00	48364960	1827	0.602	0.61	0.61	0.58	0.575	0.591
2015/10/15	0.600	0.603	0.599	0.603	571365.00	34328048	1490	0.6	0.602	0.613	0.584	0.577	0.591
2015/10/16	0.616	0.616	0.613	0.616	747108.00	45919512	1893	0.609	0.606	0.61	0.589	0.579	0.59
2015/10/19	0.617	0.618	0.616	0.616	484055.00	29861288	1255	0.616	0.612	0.608	0.595	0.581	0.589
2015/10/20	0.604	0.604	0.601	0.604	577913.00	34831848	1779	0.61	0.612	0.607	0.603	0.584	0.588
2015/10/21	0.605	0.607	0.600	0.600	465008.00	28111538	1515	0.602	0.607	0.608	0.609	0.585	0.587
2015/10/22	0.591	0.598	0.591	0.597	449934.00	26722544	1461	0.599	0.6	0.607	0.61	0.586	0.586
2015/10/23	0.598	0.600	0.596	0.600	519270.00	31061854	1517	0.599	0.599	0.603	0.607	0.587	0.586
2015/10/26	0.598	0.600	0.597	0.599	430453.00	25762488	1229	0.6	0.599	0.6	0.604	0.589	0.585
2015/10/27	0.591	0.591	0.587	0.589	666550.00	39236720	2383	0.594	0.596	0.597	0.602	0.589	0.585
2015/10/28	0.578	0.581	0.576	0.576	1127561.00	65161688	3007	0.582	0.588	0.592	0.6	0.59	0.585
2015/10/29	0.589	0.589	0.580	0.582	914590.00	53500120	2403	0.579	0.582	0.589	0.598	0.591	0.585
2015/10/30	0.582	0.582	0.578	0.581	522118.00	30276616	1263	0.581	0.58	0.585	0.594	0.592	0.585
2015/11/02	0.582	0.584	0.581	0.584	1055322.00	61505760	1367	0.582	0.582	0.582	0.591	0.593	0.585
2015/11/03	0.594	0.597	0.594	0.596	1833312.00	109195712	2622	0.59	0.587	0.584	0.59	0.596	0.585
2015/11/04	0.611	0.617	0.611	0.615	1133214.00	69543920	2800	0.605	0.598	0.592	0.592	0.6	0.585
2015/11/05	0.611	0.612	0.610	0.611	699439.00	42726612	1643	0.613	0.607	0.597	0.593	0.602	0.586
2015/11/06	0.615	0.619	0.615	0.616	611537.00	37654840	1606	0.613	0.614	0.604	0.595	0.601	0.586
2015/11/09	0.613	0.615	0.612	0.615	478237.00	29346772	1174	0.615	0.614	0.611	0.596	0.6	0.587
2015/11/10	0.618	0.619	0.617	0.618	416057.00	25710272	1046	0.617	0.616	0.615	0.599	0.601	0.588
2015/11/11	0.619	0.621	0.619	0.619	233583.00	14472146	795	0.618	0.617	0.616	0.604	0.602	0.588
2015/11/12	0.600	0.604	0.600	0.603	747297.00	45006048	2072	0.611	0.613	0.614	0.606	0.602	0.588
2015/11/13	0.589	0.592	0.588	0.591	773595.00	45643900	2172	0.597	0.604	0.609	0.607	0.601	0.588
2015/11/16	0.591	0.593	0.589	0.593	390392.00	23102554	1203	0.592	0.596	0.605	0.608	0.599	0.587
2015/11/17	0.604	0.606	0.602	0.602	611671.00	36979760	1771	0.597	0.595	0.602	0.608	0.599	0.587
2015/11/18	0.598	0.598	0.591	0.592	670297.00	39822416	1686	0.597	0.596	0.596	0.606	0.599	0.586
2015/11/19	0.602	0.605	0.601	0.605	870398.00	52474184	1644	0.599	0.6	0.597	0.605	0.599	0.586
2015/11/20	0.597	0.599	0.596	0.599	537826.00	32103890	1591	0.602	0.599	0.598	0.604	0.599	0.586
2015/11/23	0.590	0.591	0.587	0.589	860933.00	50769720	2743	0.594	0.598	0.597	0.601	0.599	0.585
2015/11/24	0.591	0.592	0.589	0.592	442522.00	26107436	1355	0.59	0.593	0.595	0.599	0.599	0.585
2015/11/25	0.602	0.604	0.602	0.604	821058.00	49492584	2616	0.598	0.595	0.598	0.597	0.6	0.586
2015/11/26	0.602	0.602	0.599	0.600	550680.00	33050340	1461	0.602	0.599	0.597	0.597	0.601	0.587
2015/11/27	0.600	0.600	0.591	0.594	552557.00	32948656	1537	0.597	0.599	0.596	0.597	0.602	0.588
2015/11/30	0.590	0.591	0.584	0.588	474646.00	27921040	1815	0.591	0.594	0.596	0.596	0.602	0.589
2015/12/01	0.589	0.592	0.589	0.591	360672.00	21281184	1009	0.59	0.591	0.595	0.595	0.602	0.589
2015/12/02	0.593	0.594	0.592	0.593	329338.00	19516540	853	0.592	0.591	0.593	0.595	0.601	0.589
2015/12/03	0.577	0.584	0.576	0.583	1317395.00	76341144	3382	0.588	0.589	0.59	0.593	0.599	0.589
2015/12/04	0.578	0.580	0.578	0.579	823610.00	47698440	2299	0.581	0.585	0.587	0.591	0.598	0.589
2015/12/07	0.570	0.571	0.568	0.571	868878.00	49511848	2912	0.575	0.578	0.583	0.59	0.595	0.589
2015/12/08	0.545	0.553	0.543	0.552	1919633.00	105441488	6356	0.561	0.567	0.576	0.586	0.592	0.589
2015/12/09	0.548	0.549	0.544	0.547	1570881.00	85802888	4244	0.549	0.557	0.566	0.58	0.588	0.588
2015/12/10	0.536	0.536	0.532	0.532	2610431.00	139365936	7467	0.539	0.544	0.556	0.573	0.585	0.588
2015/12/11	0.526	0.529	0.525	0.527	3376922.00	178014112	5737	0.53	0.535	0.546	0.566	0.582	0.587
2015/12/14	0.512	0.517	0.511	0.517	2889974.00	148594320	6970	0.522	0.525	0.535	0.559	0.578	0.586
2015/12/15	0.514	0.515	0.511	0.513	3007727.00	154302576	7321	0.515	0.519	0.527	0.551	0.573	0.585
2015/12/16	0.516	0.522	0.514	0.521	2891550.00	149592816	7086	0.517	0.517	0.522	0.544	0.57	0.585
2015/12/17	0.513	0.516	0.511	0.514	4330624.00	222530576	7856	0.518	0.516	0.518	0.537	0.565	0.584
2015/12/18	0.500	0.501	0.498	0.499	5731749.00	286398976	13025	0.507	0.511	0.513	0.529	0.56	0.582
2015/12/21	0.490	0.494	0.489	0.493	4200049.00	206390080	8995	0.496	0.502	0.508	0.521	0.556	0.581
2015/12/22	0.486	0.486	0.481	0.482	6506957.00	314656320	14001	0.488	0.491	0.502	0.515	0.55	0.579
2015/12/23	0.482	0.483	0.480	0.482	4280733.00	206079664	7678	0.482	0.486	0.494	0.508	0.544	0.578
2015/12/24	0.502	0.503	0.499	0.500	8115934.00	406232288	11991	0.491	0.488	0.491	0.505	0.539	0.577
2015/12/25	0.500	0.502	0.499	0.500	3263465.00	163267808	4469	0.5	0.494	0.491	0.502	0.534	0.576
2015/12/28	0.500	0.501	0.495	0.497	2774630.00	138149552	4577	0.498	0.499	0.492	0.5	0.53	0.575
2015/12/29	0.487	0.489	0.485	0.489	2582237.00	125810320	5701	0.493	0.495	0.494	0.498	0.525	0.574
2015/12/30	0.492	0.493	0.490	0.490	2021717.00	99289200	3425	0.489	0.492	0.495	0.495	0.519	0.574
2015/12/31	0.484	0.487	0.484	0.487	1496202.00	72754160	3691	0.488	0.489	0.493	0.492	0.515	0.572
2016/01/04	0.495	0.500	0.494	0.494	2962743.00	147112032	5123	0.49	0.49	0.491	0.491	0.51	0.57
2016/01/05	0.491	0.495	0.490	0.492	2417549.00	118900336	4655	0.493	0.491	0.49	0.491	0.506	0.567
2016/01/06	0.492	0.494	0.491	0.494	2261198.00	111390200	3233	0.493	0.493	0.491	0.493	0.503	0.565
2016/01/07	0.472	0.474	0.471	0.472	1958753.00	92610400	3893	0.483	0.486	0.488	0.491	0.5	0.563
2016/01/08	0.469	0.478	0.468	0.478	4385122.00	207043648	8652	0.475	0.481	0.486	0.489	0.497	0.561
2016/01/11	0.472	0.472	0.463	0.466	3164666.00	148316832	6479	0.472	0.472	0.48	0.486	0.494	0.559
2016/01/12	0.455	0.456	0.450	0.451	3205567.00	145188112	8552	0.458	0.465	0.472	0.481	0.491	0.556
2016/01/13	0.450	0.455	0.450	0.453	2267238.00	102528112	5033	0.452	0.457	0.464	0.478	0.488	0.553
2016/01/14	0.442	0.448	0.441	0.448	2436687.00	108042520	5908	0.451	0.451	0.459	0.474	0.484	0.551
2016/01/15	0.446	0.448	0.441	0.442	2266577.00	100915184	5099	0.445	0.448	0.452	0.469	0.48	0.548
2016/01/18	0.431	0.438	0.431	0.437	2336061.00	101514960	5103	0.44	0.442	0.446	0.463	0.477	0.546
2016/01/19	0.436	0.448	0.435	0.444	2457967.00	108665112	5517	0.441	0.441	0.445	0.458	0.475	0.543
2016/01/20	0.435	0.437	0.431	0.432	3980277.00	172775648	8638	0.438	0.438	0.441	0.452	0.472	0.54
2016/01/21	0.433	0.444	0.433	0.435	4089866.00	178974272	6867	0.433	0.437	0.438	0.449	0.47	0.538
2016/01/22	0.445	0.451	0.436	0.450	4710962.00	209360496	8719	0.442	0.439	0.44	0.446	0.468	0.536
2016/01/25	0.460	0.464	0.454	0.458	4763562.00	218803456	9715	0.454	0.448	0.444	0.445	0.465	0.534
2016/01/26	0.447	0.447	0.432	0.433	3229901.00	142572272	8169	0.446	0.447	0.442	0.443	0.462	0.531
2016/01/27	0.441	0.449	0.437	0.447	3567913.00	157445648	6335	0.44	0.446	0.445	0.443	0.46	0.529
2016/01/28	0.452	0.453	0.442	0.442	3063525.00	136929312	5112	0.444	0.441	0.446	0.442	0.458	0.526
2016/01/29	0.450	0.459	0.450	0.456	2608167.00	118472904	5459	0.449	0.448	0.447	0.443	0.456	0.523
2016/02/01	0.462	0.472	0.459	0.463	4124822.00	192692048	8515	0.46	0.454	0.448	0.446	0.455	0.521
2016/02/02	0.458	0.461	0.457	0.458	1851431.00	84977040	3887	0.461	0.459	0.453	0.447	0.453	0.518
2016/02/03	0.450	0.455	0.449	0.453	1330201.00	60093500	3284	0.456	0.458	0.454	0.449	0.451	0.515
2016/02/04	0.465	0.470	0.465	0.469	1958477.00	91369248	4630	0.461	0.46	0.46	0.453	0.451	0.513
2016/02/05	0.468	0.474	0.466	0.471	1873265.00	87966648	4212	0.47	0.464	0.463	0.455	0.45	0.511
2016/02/15	0.452	0.460	0.449	0.458	3936802.00	178653440	7736	0.465	0.466	0.462	0.455	0.45	0.509
2016/02/16	0.464	0.469	0.464	0.467	3874654.00	180742432	6242	0.463	0.465	0.464	0.458	0.451	0.506
2016/02/17	0.461	0.463	0.457	0.460	3180227.00	146323616	5842	0.464	0.462	0.465	0.46	0.451	0.504
2016/02/18	0.471	0.473	0.462	0.463	3199726.00	149397248	7551	0.461	0.463	0.464	0.462	0.452	0.502
2016/02/19	0.458	0.460	0.457	0.460	1825617.00	83749440	4083	0.461	0.461	0.462	0.462	0.453	0.5
2016/02/22	0.460	0.465	0.459	0.463	2896121.00	133561096	5124	0.461	0.462	0.463	0.462	0.454	0.497
2016/02/23	0.468	0.469	0.462	0.463	2132351.00	98986680	4400	0.463	0.462	0.462	0.463	0.455	0.495
2016/02/24	0.460	0.460	0.457	0.459	2238766.00	102618832	4535	0.461	0.462	0.462	0.463	0.456	0.493
2016/02/25	0.458	0.459	0.443	0.447	2086856.00	94495200	6001	0.453	0.456	0.458	0.461	0.457	0.49
2016/02/26	0.450	0.451	0.442	0.445	2050399.00	91468504	4976	0.446	0.45	0.455	0.458	0.457	0.488
2016/02/29	0.446	0.446	0.436	0.437	1630590.00	71764272	5663	0.441	0.443	0.45	0.456	0.456	0.485
2016/03/01	0.439	0.447	0.438	0.447	1326175.00	58773840	3574	0.442	0.443	0.447	0.454	0.456	0.483
2016/03/02	0.450	0.454	0.448	0.454	1785261.00	80649232	4006	0.451	0.446	0.446	0.454	0.457	0.48
2016/03/03	0.458	0.459	0.454	0.455	1698140.00	77558328	3715	0.455	0.452	0.448	0.453	0.457	0.478
2016/03/04	0.462	0.472	0.462	0.472	4548133.00	212899984	8942	0.464	0.46	0.453	0.454	0.458	0.476
2016/03/07	0.486	0.494	0.486	0.493	4489152.00	220434272	9240	0.483	0.473	0.464	0.457	0.46	0.475
2016/03/08	0.507	0.509	0.494	0.495	4593370.00	230207632	10514	0.494	0.487	0.474	0.46	0.462	0.474
2016/03/09	0.476	0.478	0.473	0.476	3611291.00	171733536	7843	0.486	0.488	0.478	0.462	0.463	0.472
2016/03/10	0.489	0.491	0.479	0.480	1852252.00	89890048	4862	0.478	0.484	0.483	0.465	0.463	0.471
2016/03/11	0.481	0.494	0.481	0.491	2438997.00	119052928	5386	0.485	0.482	0.487	0.47	0.464	0.471
2016/03/14	0.493	0.494	0.489	0.490	2574328.00	126421792	4661	0.491	0.487	0.486	0.475	0.466	0.47
2016/03/15	0.486	0.486	0.477	0.477	1901507.00	91337072	5445	0.484	0.486	0.483	0.478	0.466	0.469
2016/03/16	0.480	0.483	0.478	0.481	1248544.00	60032948	2882	0.479	0.483	0.484	0.481	0.467	0.469
2016/03/17	0.499	0.501	0.494	0.495	2888193.00	143759792	6296	0.488	0.484	0.487	0.485	0.469	0.468
2016/03/18	0.501	0.504	0.499	0.503	3396508.00	170393648	6380	0.499	0.493	0.489	0.488	0.471	0.468
2016/03/21	0.500	0.501	0.494	0.499	2182006.00	108539080	4901	0.501	0.499	0.491	0.489	0.473	0.468
2016/03/22	0.501	0.502	0.497	0.499	1470640.00	73401600	4954	0.499	0.5	0.495	0.489	0.475	0.468
2016/03/23	0.498	0.499	0.495	0.496	1360588.00	67581160	3371	0.498	0.498	0.498	0.491	0.477	0.468
2016/03/24	0.483	0.485	0.478	0.478	2942567.00	141704944	7892	0.487	0.491	0.495	0.491	0.478	0.468
2016/03/25	0.480	0.483	0.480	0.482	1012098.00	48774264	2730	0.48	0.485	0.491	0.49	0.48	0.468
2016/03/28	0.485	0.487	0.484	0.486	1035748.00	50253024	3446	0.484	0.482	0.488	0.49	0.482	0.468
2016/03/29	0.484	0.484	0.477	0.478	1469059.00	70510120	4019	0.482	0.482	0.484	0.49	0.484	0.468
2016/03/30	0.485	0.488	0.484	0.486	1670408.00	81089136	3555	0.482	0.483	0.482	0.49	0.486	0.468
2016/03/31	0.485	0.485	0.480	0.481	1392735.00	67132440	3692	0.484	0.482	0.483	0.489	0.487	0.467
2016/04/01	0.487	0.488	0.485	0.488	2126399.00	103359144	4239	0.484	0.485	0.484	0.487	0.488	0.467
2016/04/05	0.475	0.480	0.474	0.479	2183226.00	104021896	4943	0.484	0.483	0.482	0.485	0.487	0.467
2016/04/06	0.481	0.483	0.479	0.481	1538402.00	73972480	2988	0.48	0.483	0.483	0.484	0.486	0.467
2016/04/07	0.490	0.492	0.487	0.487	1444235.00	70587560	3330	0.484	0.482	0.483	0.483	0.487	0.467
2016/04/08	0.490	0.491	0.488	0.490	1192834.00	58389416	2364	0.488	0.486	0.485	0.484	0.487	0.467
2016/04/11	0.505	0.506	0.502	0.502	3396538.00	170974368	5190	0.496	0.493	0.488	0.486	0.488	0.468
2016/04/12	0.505	0.506	0.503	0.506	1560777.00	78654080	3238	0.504	0.499	0.493	0.488	0.489	0.468
2016/04/13	0.532	0.536	0.528	0.528	4111039.00	218831728	8579	0.517	0.512	0.503	0.493	0.491	0.469
2016/04/14	0.529	0.533	0.529	0.531	1288065.00	68396392	2788	0.53	0.522	0.511	0.497	0.494	0.471
2016/04/15	0.533	0.536	0.533	0.536	1436239.00	76814208	2909	0.534	0.532	0.521	0.503	0.496	0.472
2016/04/18	0.512	0.514	0.511	0.511	2097593.00	107413088	5917	0.523	0.526	0.522	0.505	0.496	0.473
2016/04/19	0.535	0.537	0.533	0.536	2815774.00	150529216	5158	0.523	0.528	0.528	0.511	0.498	0.475
2016/04/20	0.544	0.545	0.536	0.540	2431246.00	131506048	4778	0.538	0.529	0.531	0.517	0.5	0.477
2016/04/21	0.553	0.563	0.553	0.561	3174795.00	176960656	6509	0.551	0.546	0.537	0.524	0.503	0.479
2016/04/22	0.554	0.558	0.553	0.554	893541.00	49632468	2671	0.558	0.552	0.54	0.53	0.507	0.481
2016/04/25	0.568	0.570	0.565	0.569	1616762.00	91724984	3691	0.562	0.561	0.552	0.537	0.512	0.483
2016/04/26	0.567	0.569	0.562	0.562	1416820.00	80029568	2828	0.566	0.562	0.557	0.543	0.515	0.484
2016/04/27	0.578	0.581	0.577	0.580	2179574.00	126240400	4494	0.571	0.57	0.565	0.548	0.52	0.487
2016/04/28	0.595	0.596	0.594	0.596	1872880.00	111438896	4994	0.588	0.579	0.572	0.554	0.526	0.489
2016/04/29	0.586	0.599	0.585	0.597	2419306.00	143081264	4932	0.597	0.591	0.581	0.561	0.532	0.492
2016/05/03	0.585	0.587	0.583	0.585	1615376.00	94453424	5284	0.591	0.593	0.584	0.568	0.537	0.494
2016/05/04	0.562	0.566	0.561	0.563	1975516.00	111170344	6022	0.574	0.582	0.584	0.571	0.541	0.496
2016/05/05	0.554	0.556	0.553	0.556	2802253.00	155408800	6040	0.559	0.568	0.579	0.572	0.544	0.497
2016/05/06	0.556	0.556	0.542	0.543	2669749.00	146277264	6888	0.549	0.554	0.569	0.571	0.547	0.499
2016/05/09	0.546	0.550	0.545	0.546	2343475.00	128176728	3842	0.544	0.548	0.559	0.57	0.55	0.5
2016/05/10	0.534	0.534	0.528	0.530	2356922.00	124903752	4980	0.538	0.54	0.548	0.566	0.552	0.501
2016/05/11	0.548	0.551	0.548	0.550	2057041.00	113070480	3921	0.54	0.542	0.545	0.565	0.554	0.503
2016/05/12	0.556	0.561	0.556	0.559	2064264.00	115085384	4026	0.554	0.546	0.546	0.563	0.555	0.504
2016/05/13	0.558	0.558	0.553	0.554	1439600.00	79953296	2571	0.557	0.554	0.548	0.558	0.556	0.506
2016/05/16	0.549	0.554	0.548	0.553	1634112.00	90169952	2552	0.553	0.555	0.549	0.554	0.557	0.507
2016/05/17	0.562	0.565	0.559	0.564	1784367.00	100328680	3793	0.558	0.557	0.556	0.552	0.56	0.509
2016/05/18	0.568	0.569	0.562	0.563	1979838.00	111686704	2969	0.564	0.56	0.559	0.552	0.561	0.511
2016/05/19	0.557	0.558	0.554	0.557	1544625.00	85892848	2716	0.56	0.561	0.558	0.552	0.562	0.512
2016/05/20	0.559	0.564	0.558	0.559	1363400.00	76470496	2206	0.558	0.56	0.559	0.553	0.562	0.514
2016/05/23	0.561	0.561	0.557	0.558	786687.00	43939764	1625	0.559	0.558	0.56	0.555	0.562	0.516
2016/05/24	0.561	0.562	0.559	0.559	667299.00	37368148	1442	0.559	0.559	0.559	0.558	0.562	0.518
2016/05/25	0.568	0.572	0.567	0.570	1293840.00	73616992	2874	0.564	0.562	0.561	0.56	0.562	0.52
2016/05/26	0.582	0.584	0.580	0.582	1934052.00	112677496	3977	0.576	0.57	0.566	0.562	0.562	0.522
2016/05/27	0.578	0.579	0.575	0.576	1166064.00	67221072	2500	0.579	0.576	0.569	0.564	0.561	0.524
2016/05/30	0.577	0.578	0.574	0.574	722586.00	41613844	1780	0.575	0.577	0.572	0.566	0.56	0.526
2016/05/31	0.576	0.579	0.574	0.578	981876.00	56571260	2100	0.576	0.576	0.576	0.568	0.56	0.528
2016/06/01	0.581	0.582	0.576	0.578	1373401.00	79582168	2108	0.578	0.577	0.578	0.569	0.56	0.529
2016/06/02	0.581	0.585	0.581	0.584	1135932.00	66262868	2147	0.581	0.58	0.578	0.572	0.562	0.531
2016/06/03	0.590	0.590	0.589	0.590	917593.00	54075808	2277	0.587	0.584	0.581	0.575	0.564	0.533
2016/06/06	0.584	0.586	0.583	0.584	764011.00	44661056	1824	0.587	0.586	0.583	0.577	0.566	0.535
2016/06/07	0.596	0.597	0.594	0.597	1247545.00	74278104	2652	0.59	0.59	0.587	0.581	0.569	0.536
2016/06/08	0.612	0.613	0.610	0.611	1406303.00	85926536	3562	0.604	0.597	0.593	0.585	0.572	0.538
2016/06/13	0.580	0.580	0.574	0.574	2532913.00	146059040	6049	0.592	0.594	0.591	0.585	0.573	0.54
2016/06/14	0.574	0.577	0.573	0.575	917342.00	52774560	2660	0.574	0.587	0.588	0.585	0.574	0.541
2016/06/15	0.573	0.576	0.570	0.576	1296536.00	74227240	3211	0.576	0.575	0.587	0.585	0.575	0.543
2016/06/16	0.575	0.576	0.570	0.571	1978624.00	113318624	3074	0.573	0.574	0.581	0.584	0.576	0.544
2016/06/17	0.564	0.567	0.563	0.565	2304018.00	130151256	5355	0.568	0.571	0.572	0.583	0.576	0.545
2016/06/20	0.576	0.580	0.576	0.579	1152283.00	66565012	2815	0.572	0.572	0.573	0.582	0.577	0.546
2016/06/21	0.584	0.585	0.580	0.581	1119617.00	65209676	2091	0.58	0.575	0.574	0.581	0.578	0.548
2016/06/22	0.593	0.596	0.592	0.594	1606206.00	95370120	3946	0.587	0.585	0.578	0.582	0.58	0.55
2016/06/23	0.592	0.593	0.588	0.588	550821.00	32555156	1708	0.591	0.588	0.581	0.581	0.581	0.552
2016/06/24	0.591	0.595	0.559	0.574	2915583.00	169010864	6169	0.581	0.585	0.583	0.578	0.582	0.553
2016/06/27	0.572	0.578	0.569	0.578	1156524.00	66429536	3034	0.576	0.58	0.583	0.578	0.581	0.555
2016/06/28	0.558	0.566	0.556	0.564	2573738.00	144422976	7456	0.571	0.572	0.58	0.577	0.581	0.556
2016/06/29	0.572	0.574	0.570	0.572	1024545.00	58626108	3193	0.568	0.571	0.575	0.577	0.581	0.557
2016/06/30	0.582	0.583	0.579	0.581	1104714.00	64161740	3212	0.576	0.572	0.574	0.578	0.581	0.559
2016/07/01	0.576	0.577	0.573	0.574	1117220.00	64222876	2856	0.577	0.576	0.574	0.578	0.581	0.561
2016/07/04	0.583	0.586	0.582	0.585	1646880.00	96178800	3027	0.579	0.58	0.575	0.579	0.581	0.562
2016/07/05	0.582	0.582	0.579	0.580	676852.00	39267748	1835	0.582	0.58	0.578	0.579	0.58	0.564
2016/07/06	0.570	0.570	0.564	0.568	2063325.00	116978232	6268	0.574	0.578	0.578	0.576	0.579	0.565
2016/07/07	0.575	0.575	0.569	0.570	1008520.00	57731572	2854	0.569	0.573	0.575	0.575	0.578	0.566
2016/07/08	0.562	0.566	0.562	0.564	1218915.00	68719752	3562	0.567	0.567	0.573	0.574	0.576	0.567
2016/07/11	0.568	0.571	0.567	0.568	1817445.00	103352160	2917	0.57	0.573	0.575	0.578	0.568	0.519
2016/07/12	0.569	0.577	0.569	0.575	1906090.00	109371760	3281	0.569	0.574	0.575	0.578	0.569	0.52
2016/07/13	0.589	0.592	0.589	0.590	2149636.00	126860176	5486	0.573	0.576	0.576	0.579	0.57	0.521
2016/07/14	0.586	0.589	0.583	0.587	744446.00	43570936	2314	0.577	0.576	0.577	0.579	0.571	0.522
2016/07/15	0.585	0.585	0.582	0.583	1183593.00	68994768	2249	0.581	0.577	0.578	0.579	0.572	0.523
2016/07/18	0.581	0.586	0.581	0.585	829781.00	48382248	2160	0.584	0.577	0.578	0.579	0.572	0.525
2016/07/19	0.583	0.583	0.581	0.583	382340.00	22257884	1961	0.586	0.577	0.578	0.579	0.573	0.526
2016/07/20	0.580	0.581	0.579	0.579	265295.00	15384894	1757	0.583	0.578	0.577	0.579	0.573	0.527
2016/07/21	0.581	0.585	0.580	0.585	714116.00	41548172	1585	0.583	0.58	0.577	0.579	0.573	0.528
2016/07/22	0.574	0.577	0.573	0.574	949188.00	54540016	2967	0.581	0.581	0.577	0.577	0.574	0.529
