'159937'	博时黄金	日线
日期	开盘	最高	最低	收盘	成交量	成交额	成交笔数	MA1	MA2	MA3	MA4	MA5	MA6
2014/09/01	2.547	2.547	2.526	2.532	73377.00	18594844	1301						
2014/09/02	2.520	2.535	2.505	2.517	73686.00	18629900	902	2.524					
2014/09/03	2.506	2.516	2.500	2.507	43730.00	10966721	269	2.512	2.519				
2014/09/04	2.502	2.530	2.502	2.518	25300.00	6389439	122	2.512	2.514				
2014/09/05	2.505	2.511	2.505	2.507	11002.00	2760630	66	2.512	2.511	2.516			
2014/09/09	2.495	2.498	2.481	2.492	1892.00	471771	60	2.5	2.506	2.508			
2014/09/10	2.482	2.509	2.482	2.508	10307.00	2571214	77	2.5	2.502	2.506			
2014/09/11	2.475	2.488	2.475	2.488	1351.00	335529	25	2.498	2.496	2.503			
2014/09/12	2.461	2.479	2.461	2.461	532.00	131803	23	2.474	2.486	2.491			
2014/09/15	2.453	2.476	2.453	2.475	5186.00	1280302	37	2.468	2.475	2.485	2.5		
2014/09/16	2.475	2.484	2.463	2.473	663.00	164665	39	2.474	2.47	2.481	2.495		
2014/09/17	2.462	2.490	2.462	2.485	154.00	38187	24	2.479	2.478	2.476	2.491		
2014/09/18	2.452	2.500	2.452	2.485	38.00	9356	9	2.485	2.481	2.476	2.489		
2014/09/19	2.456	2.460	2.451	2.460	450.00	110543	17	2.472	2.477	2.476	2.483		
2014/09/22	2.488	2.488	2.428	2.437	275.00	66881	27	2.449	2.461	2.468	2.476		
2014/09/23	2.426	2.447	2.426	2.441	74.00	17985	13	2.439	2.446	2.462	2.471		
2014/09/24	2.451	2.457	2.447	2.457	380.00	93283	22	2.449	2.445	2.456	2.466		
2014/09/25	2.440	2.440	2.422	2.422	461.00	112160	17	2.439	2.44	2.443	2.46		
2014/09/26	2.454	2.463	2.445	2.460	231.00	56637	19	2.441	2.446	2.443	2.46		
2014/09/29	2.470	2.470	2.438	2.447	58.00	14093	12	2.454	2.443	2.445	2.457	2.479	
2014/09/30	2.442	2.445	2.442	2.444	202.00	49309	11	2.445	2.45	2.446	2.454	2.474	
2014/10/08	2.444	2.444	2.206	2.434	947.00	230245	35	2.439	2.442	2.441	2.449	2.47	
2014/10/09	2.445	2.452	2.433	2.452	626.00	153034	31	2.443	2.443	2.447	2.445	2.467	
2014/10/10	2.443	2.448	2.413	2.448	199.00	48379	10	2.45	2.445	2.445	2.444	2.464	
2014/10/13	2.460	2.465	2.459	2.465	606.00	149102	20	2.457	2.455	2.449	2.447	2.462	
2014/10/14	2.463	2.467	2.463	2.463	174.00	42877	10	2.464	2.459	2.452	2.449	2.46	
2014/10/15	2.451	2.452	2.446	2.447	896.00	219276	8	2.455	2.458	2.455	2.448	2.457	
2014/10/16	2.447	2.474	2.447	2.467	236.00	58289	18	2.457	2.459	2.458	2.453	2.456	
2014/10/17	2.470	2.470	2.450	2.470	540.00	133292	13	2.469	2.461	2.462	2.454	2.457	
2014/10/20	2.550	2.550	2.451	2.467	43.00	10572	11	2.469	2.468	2.463	2.456	2.456	
2014/10/21	2.450	2.476	2.450	2.475	77.00	18987	7	2.471	2.471	2.465	2.459	2.456	
2014/10/22	2.480	2.480	2.476	2.477	73.00	18188	7	2.476	2.473	2.471	2.463	2.456	
2014/10/23	2.468	2.475	2.467	2.467	137.00	33749	9	2.472	2.473	2.471	2.465	2.455	
2014/10/24	2.428	2.452	2.428	2.452	22.00	5317	5	2.459	2.465	2.468	2.465	2.455	
2014/10/27	2.440	2.448	2.440	2.446	41.00	9941	8	2.449	2.455	2.463	2.463	2.455	
2014/10/28	2.433	2.436	2.431	2.431	34.00	8155	8	2.438	2.443	2.455	2.46	2.455	
2014/10/29	2.435	2.441	2.435	2.440	377.00	91797	6	2.436	2.439	2.447	2.459	2.454	
2014/10/30	2.408	2.411	2.388	2.388	269.00	64279	20	2.414	2.42	2.431	2.451	2.452	
2014/10/31	2.381	2.381	2.345	2.348	240.00	56646	20	2.368	2.392	2.411	2.439	2.446	
2014/11/03	2.260	2.316	2.260	2.315	519.00	119551	16	2.332	2.35	2.384	2.424	2.44	
2014/11/04	2.306	2.323	2.306	2.323	1352.00	313122	18	2.319	2.329	2.363	2.409	2.434	
2014/11/05	2.309	2.309	2.265	2.267	1075.00	244643	42	2.295	2.302	2.328	2.388	2.425	
2014/11/06	2.264	2.272	2.255	2.267	3292.00	746446	28	2.267	2.286	2.304	2.368	2.416	
2014/11/07	2.256	2.288	2.250	2.267	591.00	133640	22	2.267	2.267	2.288	2.349	2.407	
2014/11/10	2.282	2.327	2.282	2.320	930.00	215574	31	2.293	2.285	2.289	2.337	2.4	
2014/11/11	2.261	2.290	2.261	2.285	611.00	139690	13	2.303	2.291	2.281	2.322	2.391	
2014/11/12	2.304	2.319	2.304	2.319	109.00	25194	7	2.302	2.308	2.292	2.31	2.385	
2014/11/13	2.296	2.301	2.294	2.301	27.00	6301	6	2.31	2.302	2.298	2.301	2.376	
2014/11/14	2.325	2.325	2.301	2.301	7.00	1617	2	2.301	2.307	2.305	2.296	2.368	
2014/11/17	2.358	2.360	2.350	2.353	2103.00	495641	26	2.327	2.318	2.312	2.3	2.362	
2014/11/18	2.346	2.351	2.301	2.351	118.00	27649	6	2.352	2.335	2.325	2.303	2.356	
2014/11/19	2.357	2.363	2.315	2.362	507.00	119497	14	2.357	2.355	2.334	2.313	2.35	
2014/11/20	2.350	2.350	2.350	2.350	4.00	921	1	2.356	2.354	2.343	2.321	2.344	
2014/11/21	2.362	2.362	2.319	2.355	1254.00	295186	10	2.352	2.356	2.354	2.33	2.339	
2014/11/24	2.355	2.385	2.355	2.375	144.00	34270	18	2.365	2.36	2.359	2.335	2.336	
2014/11/25	2.375	2.381	2.355	2.377	49.00	11573	8	2.376	2.369	2.364	2.344	2.333	
2014/11/26	2.373	2.379	2.356	2.375	154.00	36479	11	2.376	2.376	2.366	2.35	2.33	
2014/11/27	2.370	2.370	2.363	2.367	13.00	3020	4	2.371	2.373	2.37	2.357	2.329	
2014/11/28	2.352	2.352	2.351	2.351	29.00	6801	2	2.359	2.364	2.369	2.362	2.329	
2014/12/01	2.284	2.300	2.284	2.285	289.00	66018	15	2.318	2.334	2.351	2.355	2.328	2.415
2014/12/02	2.370	2.399	2.369	2.394	379.00	90482	24	2.339	2.343	2.354	2.359	2.331	2.413
2014/12/03	2.420	2.480	2.360	2.386	955.00	229374	28	2.39	2.355	2.357	2.362	2.337	2.411
2014/12/04	2.387	2.500	2.387	2.400	1272.00	306490	29	2.393	2.393	2.363	2.367	2.344	2.409
2014/12/05	2.390	2.394	2.387	2.390	255.00	61016	16	2.395	2.392	2.371	2.37	2.35	2.407
2014/12/08	2.500	2.500	2.369	2.374	310.00	73599	19	2.382	2.388	2.389	2.37	2.353	2.405
2014/12/09	2.368	2.491	2.368	2.403	234.00	56303	23	2.389	2.389	2.391	2.372	2.358	2.403
2014/12/10	2.410	2.494	2.410	2.483	1366.00	336913	23	2.443	2.42	2.41	2.383	2.367	2.403
2014/12/11	2.483	2.483	2.433	2.433	346.00	84788	14	2.458	2.44	2.417	2.39	2.373	2.402
2014/12/12	2.438	2.446	2.434	2.434	931.00	227149	12	2.434	2.45	2.425	2.398	2.38	2.401
2014/12/15	2.434	2.434	2.410	2.433	564.00	137120	12	2.434	2.433	2.437	2.413	2.384	2.401
2014/12/16	2.410	2.410	2.381	2.390	211.00	50338	17	2.411	2.419	2.435	2.413	2.386	2.399
2014/12/17	2.380	2.398	2.380	2.398	236.00	56420	14	2.394	2.407	2.418	2.414	2.388	2.398
2014/12/18	2.386	2.412	2.386	2.410	163.00	38929	9	2.404	2.399	2.413	2.415	2.391	2.397
2014/12/19	2.411	2.411	2.400	2.405	132.00	31629	7	2.408	2.404	2.407	2.416	2.393	2.396
2014/12/22	2.389	2.406	2.389	2.402	119.00	28506	13	2.404	2.406	2.401	2.419	2.395	2.395
2014/12/23	2.380	2.380	2.366	2.369	75.00	17736	7	2.385	2.392	2.397	2.416	2.394	2.394
2014/12/24	2.342	2.375	2.342	2.375	54.00	12704	9	2.372	2.382	2.392	2.405	2.394	2.393
2014/12/25	2.376	2.376	2.371	2.371	502.00	119348	3	2.373	2.372	2.384	2.399	2.394	2.392
2014/12/26	2.377	2.383	2.377	2.383	84.00	19917	6	2.377	2.376	2.38	2.394	2.396	2.39
2014/12/29	2.374	2.404	2.374	2.404	107.00	25690	7	2.393	2.386	2.38	2.391	2.402	2.39
2014/12/30	2.384	2.392	2.384	2.385	26.00	6182	4	2.395	2.391	2.384	2.39	2.401	2.389
2014/12/31	2.400	2.406	2.388	2.390	5097.00	1218718	39	2.388	2.393	2.387	2.389	2.402	2.388
2015/01/05	2.384	2.398	2.384	2.394	329.00	78791	14	2.392	2.39	2.391	2.388	2.401	2.387
2015/01/06	2.402	2.500	2.402	2.500	466.00	114092	18	2.447	2.428	2.415	2.397	2.407	2.388
2015/01/07	2.406	2.460	2.406	2.443	246.00	60336	20	2.471	2.446	2.422	2.401	2.41	2.388
2015/01/08	2.412	2.436	2.410	2.430	138.00	33334	15	2.437	2.458	2.431	2.408	2.412	2.387
2015/01/09	2.417	2.421	2.410	2.421	282.00	68041	13	2.425	2.431	2.438	2.412	2.408	2.387
2015/01/12	2.450	2.450	2.421	2.428	90.00	21946	9	2.424	2.426	2.444	2.418	2.408	2.386
2015/01/13	2.437	2.475	2.437	2.474	65.00	15864	14	2.451	2.441	2.439	2.427	2.41	2.386
2015/01/14	2.439	2.495	2.439	2.440	125.00	30459	10	2.457	2.447	2.439	2.431	2.411	2.386
2015/01/15	2.431	2.440	2.431	2.437	523.00	127394	11	2.438	2.45	2.44	2.436	2.413	2.385
2015/01/16	2.529	2.529	2.476	2.500	138.00	34552	31	2.469	2.459	2.456	2.447	2.418	2.385
2015/01/19	2.492	2.560	2.492	2.550	475.00	120951	43	2.525	2.496	2.48	2.462	2.425	2.387
2015/01/20	2.570	2.570	2.498	2.548	2723.00	693872	41	2.549	2.533	2.495	2.467	2.432	2.388
2015/01/21	2.590	2.590	2.560	2.582	1487.00	382303	58	2.565	2.56	2.523	2.481	2.441	2.391
2015/01/22	2.580	2.580	2.540	2.553	559.00	143014	46	2.568	2.561	2.547	2.493	2.45	2.393
2015/01/23	2.562	2.572	2.542	2.555	987.00	252395	51	2.554	2.563	2.558	2.507	2.459	2.394
2015/01/26	2.555	2.576	2.555	2.558	628.00	161339	44	2.556	2.555	2.559	2.52	2.469	2.397
2015/01/27	2.553	2.553	2.506	2.510	626.00	157256	41	2.534	2.541	2.552	2.523	2.475	2.4
2015/01/28	2.522	2.558	2.522	2.558	4045.00	1031421	32	2.534	2.542	2.547	2.535	2.483	2.404
2015/01/29	2.550	2.550	2.513	2.540	239.00	60612	11	2.549	2.536	2.544	2.545	2.491	2.408
2015/01/30	2.513	2.522	2.485	2.509	43.00	10768	9	2.524	2.536	2.535	2.546	2.497	2.412
2015/02/02	2.529	2.529	2.526	2.529	20.00	5015	6	2.519	2.526	2.529	2.544	2.503	2.416
2015/02/03	2.520	2.532	2.498	2.531	223.00	55903	24	2.53	2.523	2.533	2.543	2.505	2.42
2015/02/04	2.502	2.510	2.502	2.510	18.00	4514	3	2.52	2.523	2.524	2.535	2.508	2.424
2015/02/05	2.541	2.541	2.505	2.520	55.00	13867	8	2.515	2.52	2.52	2.532	2.513	2.428
2015/02/06	2.502	2.504	2.502	2.504	10.00	2483	3	2.512	2.511	2.519	2.527	2.517	2.431
2015/02/09	2.470	2.470	2.462	2.463	177.00	43654	14	2.484	2.496	2.506	2.517	2.519	2.433
2015/02/10	2.463	2.471	2.430	2.471	85.00	20802	6	2.467	2.479	2.494	2.513	2.518	2.436
2015/02/11	2.440	2.465	2.440	2.465	12.00	3001	4	2.468	2.466	2.485	2.504	2.52	2.438
2015/02/12	2.425	2.430	2.425	2.430	31.00	7430	7	2.447	2.455	2.467	2.493	2.519	2.439
2015/02/13	2.439	2.445	2.439	2.445	631.00	154243	11	2.438	2.447	2.455	2.487	2.517	2.441
2015/02/16	2.425	2.470	2.425	2.467	63.00	15497	7	2.456	2.447	2.456	2.481	2.512	2.443
2015/02/17	2.488	2.488	2.488	2.488	1.00	248	1	2.477	2.467	2.459	2.476	2.509	2.445
2015/02/25	2.488	2.488	2.430	2.449	1536.00	373911	34	2.468	2.468	2.456	2.47	2.503	2.446
2015/02/26	2.415	2.447	2.415	2.447	171.00	41680	10	2.448	2.461	2.459	2.463	2.497	2.447
2015/02/27	2.417	2.500	2.417	2.420	479.00	116128	19	2.434	2.439	2.454	2.454	2.491	2.448
2015/03/02	2.479	2.590	2.453	2.482	532.00	135464	30	2.451	2.45	2.457	2.456	2.487	2.45
2015/03/03	2.490	2.562	2.427	2.440	337.00	84538	20	2.461	2.447	2.448	2.453	2.483	2.451
2015/03/04	2.436	2.487	2.436	2.452	450.00	111377	20	2.446	2.458	2.448	2.452	2.478	2.454
2015/03/05	2.452	2.452	2.418	2.428	252.00	61194	13	2.44	2.44	2.444	2.452	2.473	2.455
2015/03/06	2.404	2.453	2.403	2.422	632.00	153103	22	2.425	2.434	2.445	2.45	2.468	2.455
2015/03/09	2.342	2.383	2.342	2.381	60.00	14259	15	2.401	2.41	2.425	2.441	2.461	2.455
2015/03/10	2.440	2.440	2.359	2.396	524.00	127225	14	2.388	2.4	2.416	2.432	2.454	2.455
2015/03/11	2.477	2.477	2.354	2.399	572.00	135402	24	2.398	2.392	2.405	2.427	2.448	2.456
2015/03/12	2.399	2.399	2.330	2.346	1161.00	272220	101	2.372	2.38	2.389	2.417	2.44	2.455
2015/03/13	2.359	2.359	2.335	2.343	771.00	180675	64	2.345	2.363	2.373	2.409	2.432	2.452
2015/03/16	2.343	2.360	2.310	2.349	1987.00	465020	73	2.346	2.346	2.367	2.396	2.426	2.451
2015/03/17	2.338	2.364	2.331	2.354	869.00	203549	59	2.352	2.349	2.358	2.387	2.42	2.45
2015/03/18	2.345	2.359	2.341	2.348	771.00	181430	47	2.351	2.35	2.348	2.377	2.414	2.448
2015/03/19	2.377	2.388	2.351	2.380	5253.00	1244166	133	2.364	2.361	2.355	2.372	2.412	2.448
2015/03/20	2.380	2.384	2.330	2.353	5077.00	1194961	185	2.366	2.36	2.357	2.365	2.407	2.447
2015/03/23	2.363	2.370	2.352	2.368	1475.00	348104	81	2.36	2.367	2.361	2.364	2.402	2.447
2015/03/24	2.377	2.377	2.364	2.373	1560.00	369738	54	2.371	2.365	2.364	2.361	2.397	2.446
2015/03/25	2.382	2.430	2.370	2.376	802.00	192110	31	2.374	2.372	2.37	2.359	2.393	2.446
2015/03/26	2.378	2.387	2.369	2.384	1296.00	308089	53	2.38	2.378	2.371	2.363	2.39	2.446
2015/03/27	2.399	2.410	2.382	2.386	1402.00	334621	76	2.385	2.382	2.377	2.367	2.388	2.446
2015/03/30	2.386	2.386	2.361	2.369	1750.00	414480	78	2.378	2.38	2.378	2.369	2.382	2.446
2015/03/31	2.350	2.360	2.315	2.345	2112.00	493098	46	2.357	2.367	2.372	2.368	2.378	2.445
2015/04/01	2.348	2.358	2.340	2.340	186.00	43723	18	2.342	2.351	2.365	2.367	2.372	2.444
2015/04/02	2.388	2.388	2.362	2.367	2899.00	689985	79	2.353	2.351	2.361	2.366	2.369	2.444
2015/04/03	2.367	2.383	2.367	2.380	667.00	158569	50	2.374	2.362	2.36	2.369	2.367	2.444
2015/04/07	2.382	2.410	2.382	2.401	2547.00	611639	84	2.391	2.383	2.367	2.372	2.368	2.444
2015/04/08	2.401	2.408	2.401	2.402	1217.00	292342	41	2.401	2.394	2.378	2.375	2.368	2.442
2015/04/09	2.381	2.400	2.380	2.395	515.00	123457	24	2.398	2.399	2.389	2.377	2.368	2.442
2015/04/10	2.381	2.409	2.381	2.391	180.00	43138	13	2.393	2.396	2.394	2.378	2.37	2.441
2015/04/13	2.367	2.409	2.367	2.386	751.00	179289	53	2.388	2.391	2.395	2.378	2.372	2.44
2015/04/14	2.398	2.398	2.379	2.380	589.00	140407	47	2.383	2.386	2.391	2.379	2.374	2.439
2015/04/15	2.341	2.378	2.336	2.352	635.00	149208	51	2.366	2.373	2.381	2.379	2.374	2.437
2015/04/16	2.390	2.391	2.361	2.370	1780.00	421439	64	2.361	2.367	2.376	2.382	2.375	2.436
2015/04/17	2.365	2.393	2.365	2.389	1001.00	238359	42	2.379	2.37	2.375	2.385	2.375	2.435
2015/04/20	2.389	2.409	2.370	2.399	1978.00	473878	84	2.394	2.386	2.378	2.386	2.378	2.434
2015/04/21	2.372	2.398	2.372	2.384	727.00	173274	31	2.391	2.391	2.379	2.385	2.378	2.431
2015/04/22	2.386	2.390	2.378	2.384	672.00	160155	44	2.384	2.389	2.385	2.383	2.379	2.428
2015/04/23	2.384	2.384	2.361	2.368	997.00	236583	54	2.376	2.379	2.385	2.38	2.379	2.425
2015/04/24	2.388	2.388	2.371	2.388	701.00	166681	35	2.378	2.38	2.385	2.38	2.379	2.422
2015/04/27	2.371	2.371	2.361	2.369	1171.00	277001	38	2.378	2.375	2.379	2.378	2.378	2.419
2015/04/28	2.370	2.408	2.370	2.386	568.00	135814	45	2.378	2.381	2.379	2.379	2.379	2.416
2015/04/29	2.399	2.413	2.380	2.410	2001.00	480029	110	2.398	2.388	2.384	2.385	2.382	2.414
2015/04/30	2.410	2.410	2.382	2.408	1330.00	318880	63	2.409	2.401	2.392	2.388	2.385	2.412
2015/05/04	2.371	2.389	2.370	2.388	714.00	169873	38	2.398	2.402	2.392	2.388	2.386	2.409
2015/05/05	2.389	2.389	2.370	2.377	903.00	214256	39	2.383	2.391	2.394	2.386	2.386	2.407
2015/05/06	2.380	2.409	2.368	2.368	430.00	102555	52	2.372	2.378	2.39	2.385	2.385	2.404
2015/05/07	2.365	2.396	2.339	2.357	531.00	125622	57	2.363	2.367	2.38	2.382	2.382	2.402
2015/05/08	2.333	2.397	2.333	2.356	685.00	161705	27	2.357	2.36	2.369	2.381	2.381	2.399
2015/05/11	2.361	2.367	2.356	2.365	440.00	104026	30	2.36	2.359	2.365	2.378	2.379	2.396
2015/05/12	2.352	2.366	2.352	2.363	607.00	143416	26	2.364	2.361	2.362	2.378	2.378	2.394
2015/05/13	2.370	2.387	2.360	2.368	1423.00	336784	73	2.365	2.365	2.362	2.376	2.377	2.392
2015/05/14	2.385	2.405	2.385	2.391	1479.00	353986	74	2.379	2.374	2.369	2.374	2.379	2.391
2015/05/15	2.392	2.405	2.368	2.395	1114.00	266376	76	2.393	2.385	2.376	2.373	2.381	2.39
2015/05/18	2.397	2.475	2.396	2.450	3688.00	894415	134	2.423	2.412	2.393	2.379	2.384	2.39
2015/05/19	2.440	2.458	2.422	2.443	1984.00	483923	34	2.447	2.429	2.409	2.386	2.386	2.39
2015/05/20	2.426	2.426	2.252	2.380	2377.00	567291	106	2.411	2.424	2.412	2.387	2.386	2.389
2015/05/21	2.380	2.391	2.380	2.382	345.00	82162	25	2.381	2.402	2.41	2.389	2.386	2.387
2015/05/22	2.397	2.397	2.380	2.387	864.00	205738	46	2.385	2.383	2.408	2.392	2.387	2.386
2015/05/25	2.387	2.396	2.381	2.393	519.00	124071	42	2.39	2.387	2.397	2.395	2.387	2.385
2015/05/26	2.500	2.500	2.405	2.407	9545.00	2315727	118	2.4	2.396	2.39	2.4	2.389	2.385
2015/05/27	2.405	2.405	2.300	2.375	2233.00	526420	88	2.391	2.392	2.389	2.4	2.388	2.383
2015/05/28	2.376	2.396	2.370	2.378	1948.00	462365	62	2.377	2.387	2.388	2.399	2.387	2.382
2015/05/29	2.378	2.388	2.350	2.360	823.00	194650	56	2.369	2.371	2.383	2.395	2.384	2.381
2015/06/01	2.355	2.366	2.344	2.362	3350.00	787831	63	2.361	2.367	2.376	2.387	2.383	2.379
2015/06/02	2.352	2.362	2.350	2.354	743.00	174864	32	2.358	2.359	2.366	2.378	2.382	2.378
2015/06/03	2.355	2.368	2.354	2.355	859.00	202673	41	2.355	2.357	2.362	2.375	2.381	2.378
2015/06/04	2.340	2.358	2.340	2.352	397.00	93271	38	2.353	2.354	2.357	2.372	2.381	2.377
2015/06/05	2.352	2.358	2.344	2.352	420.00	98898	40	2.352	2.353	2.355	2.369	2.381	2.376
2015/06/08	2.348	2.393	2.348	2.352	324.00	76292	26	2.352	2.352	2.353	2.365	2.38	2.376
2015/06/09	2.355	2.367	2.347	2.356	1499.00	353308	83	2.354	2.353	2.353	2.36	2.38	2.377
2015/06/10	2.359	2.359	2.343	2.353	436.00	102429	46	2.354	2.354	2.353	2.357	2.379	2.377
2015/06/11	2.355	2.358	2.350	2.358	323.00	76037	30	2.355	2.356	2.354	2.355	2.377	2.377
2015/06/12	2.338	2.357	2.337	2.349	1227.00	287460	52	2.353	2.353	2.354	2.354	2.375	2.377
2015/06/15	2.349	2.388	2.345	2.351	554.00	130689	47	2.35	2.353	2.353	2.353	2.37	2.376
2015/06/16	2.359	2.375	2.351	2.366	568.00	134452	58	2.359	2.355	2.355	2.354	2.366	2.377
2015/06/17	2.370	2.373	2.352	2.358	592.00	139271	37	2.362	2.358	2.356	2.355	2.365	2.376
2015/06/18	2.352	2.363	2.338	2.349	926.00	217428	68	2.353	2.358	2.355	2.354	2.363	2.376
2015/06/19	2.352	2.397	2.347	2.349	819.00	193345	74	2.349	2.352	2.355	2.354	2.361	2.376
2015/06/23	2.320	2.365	2.320	2.349	696.00	163988	55	2.349	2.349	2.354	2.354	2.359	2.375
2015/06/24	2.340	2.353	2.333	2.340	400.00	93624	27	2.345	2.346	2.349	2.352	2.356	2.374
2015/06/25	2.340	2.343	2.339	2.343	446.00	104417	21	2.341	2.344	2.346	2.351	2.354	2.374
2015/06/26	2.331	2.345	2.331	2.331	410.00	95853	35	2.337	2.338	2.342	2.349	2.352	2.374
2015/06/29	2.330	2.342	2.318	2.327	655.00	152199	33	2.329	2.334	2.338	2.346	2.35	2.373
2015/06/30	2.322	2.333	2.300	2.315	1246.00	287643	51	2.321	2.324	2.331	2.343	2.348	2.372
2015/07/01	2.310	2.322	2.310	2.319	826.00	191505	38	2.317	2.32	2.327	2.338	2.346	2.371
2015/07/02	2.305	2.313	2.297	2.297	808.00	185844	37	2.308	2.31	2.318	2.332	2.343	2.37
2015/07/03	2.280	2.297	2.276	2.281	1376.00	314703	42	2.289	2.299	2.308	2.325	2.34	2.368
2015/07/06	2.288	2.308	2.288	2.306	538.00	123696	35	2.293	2.295	2.304	2.321	2.337	2.366
2015/07/07	2.306	2.306	2.286	2.287	491.00	112524	24	2.296	2.291	2.298	2.315	2.334	2.364
2015/07/08	2.260	2.260	2.210	2.210	431.00	95748	37	2.248	2.268	2.276	2.302	2.327	2.362
2015/07/09	2.180	2.310	2.180	2.275	1628.00	366624	75	2.243	2.257	2.272	2.295	2.323	2.36
2015/07/10	2.223	2.320	2.223	2.284	1183.00	271760	52	2.28	2.256	2.272	2.29	2.319	2.359
2015/07/13	2.296	2.300	2.260	2.288	498.00	113729	22	2.286	2.282	2.269	2.286	2.316	2.357
2015/07/14	2.225	2.295	2.225	2.281	3496.00	798041	43	2.285	2.284	2.268	2.283	2.313	2.355
2015/07/15	2.276	2.285	2.275	2.285	181.00	41240	8	2.283	2.285	2.283	2.279	2.309	2.354
2015/07/16	2.280	2.289	2.252	2.263	584.00	132510	10	2.274	2.276	2.28	2.276	2.304	2.352
2015/07/17	2.280	2.288	2.259	2.262	27.00	6132	14	2.263	2.27	2.276	2.274	2.3	2.35
2015/07/20	2.260	2.262	2.220	2.256	761.00	170300	30	2.259	2.26	2.269	2.269	2.295	2.348
2015/07/21	2.210	2.255	2.210	2.220	250.00	55647	20	2.238	2.246	2.257	2.262	2.289	2.345
2015/07/22	2.221	2.221	2.200	2.202	266.00	58604	24	2.211	2.226	2.241	2.262	2.282	2.342
2015/07/23	2.218	2.218	2.190	2.216	619.00	136509	28	2.209	2.213	2.231	2.256	2.275	2.339
2015/07/24	2.217	2.217	2.191	2.211	176.00	38804	22	2.214	2.21	2.221	2.248	2.269	2.336
2015/07/27	2.210	2.220	2.180	2.186	1847.00	407893	34	2.199	2.204	2.207	2.238	2.262	2.332
2015/07/28	2.170	2.205	2.170	2.195	1365.00	297282	25	2.191	2.197	2.202	2.23	2.256	2.329
2015/07/29	2.173	2.194	2.173	2.181	293.00	63818	12	2.188	2.187	2.198	2.219	2.249	2.326
2015/07/30	2.176	2.189	2.175	2.176	242.00	52749	24	2.179	2.184	2.19	2.211	2.243	2.323
2015/07/31	2.173	2.182	2.131	2.143	178.00	38499	24	2.16	2.167	2.176	2.199	2.236	2.319
2015/08/03	2.178	2.178	2.145	2.164	360.00	77831	26	2.154	2.161	2.172	2.189	2.229	2.316
2015/08/04	2.165	2.178	2.152	2.178	302.00	65637	18	2.171	2.162	2.168	2.185	2.224	2.313
2015/08/05	2.166	2.166	2.166	2.166	43.00	9296	6	2.172	2.169	2.165	2.182	2.222	2.309
2015/08/06	2.163	2.175	2.163	2.163	50.00	10862	5	2.164	2.169	2.163	2.176	2.216	2.306
2015/08/07	2.173	2.173	2.163	2.168	143.00	31031	15	2.166	2.166	2.168	2.172	2.21	2.302
2015/08/10	2.170	2.179	2.170	2.179	218.00	47530	11	2.174	2.17	2.171	2.171	2.205	2.299
2015/08/11	2.180	2.250	2.180	2.240	1243.00	275060	52	2.209	2.196	2.183	2.176	2.203	2.295
2015/08/12	2.249	2.301	2.249	2.300	1411.00	321968	75	2.27	2.24	2.21	2.188	2.203	2.293
2015/08/13	2.318	2.369	2.308	2.320	1986.00	464965	121	2.31	2.287	2.241	2.202	2.206	2.292
2015/08/14	2.295	2.295	2.255	2.267	1581.00	358830	109	2.293	2.296	2.261	2.214	2.207	2.29
2015/08/17	2.277	2.290	2.270	2.286	548.00	124875	32	2.276	2.291	2.283	2.227	2.208	2.288
2015/08/18	2.296	2.299	2.272	2.281	798.00	182357	34	2.283	2.278	2.291	2.237	2.211	2.286
2015/08/19	2.274	2.289	2.271	2.287	1162.00	264772	40	2.284	2.285	2.288	2.249	2.215	2.284
2015/08/20	2.306	2.340	2.291	2.327	3271.00	758450	110	2.307	2.298	2.29	2.266	2.221	2.283
2015/08/21	2.350	2.431	2.350	2.421	3947.00	945899	124	2.374	2.345	2.32	2.291	2.231	2.284
2015/08/24	2.421	2.663	2.413	2.508	25876.00	6686884	723	2.464	2.419	2.365	2.324	2.247	2.287
2015/08/25	2.454	2.600	2.335	2.356	22716.00	5456486	706	2.432	2.428	2.38	2.335	2.256	2.287
2015/08/26	2.315	2.366	2.293	2.323	15742.00	3643494	359	2.339	2.396	2.387	2.338	2.263	2.286
2015/08/27	2.310	2.323	2.221	2.302	9363.00	2144656	229	2.313	2.327	2.382	2.336	2.269	2.285
2015/08/28	2.281	2.340	2.281	2.324	6090.00	1410798	157	2.313	2.316	2.363	2.342	2.278	2.285
2015/08/31	2.324	2.348	2.308	2.321	3678.00	854932	124	2.322	2.316	2.325	2.345	2.286	2.284
2015/09/01	2.340	2.421	2.340	2.345	7275.00	1715113	192	2.333	2.33	2.323	2.351	2.294	2.284
2015/09/02	2.338	2.345	2.319	2.334	7385.00	1717268	130	2.339	2.333	2.325	2.356	2.303	2.284
2015/09/07	2.318	2.364	2.284	2.309	3486.00	800415	102	2.322	2.329	2.327	2.354	2.31	2.283
2015/09/08	2.288	2.310	2.288	2.292	1338.00	307118	39	2.3	2.312	2.32	2.341	2.316	2.282
2015/09/09	2.290	2.307	2.290	2.303	1390.00	319084	55	2.298	2.301	2.317	2.321	2.322	2.281
2015/09/10	2.268	2.297	2.268	2.277	1789.00	407094	68	2.29	2.291	2.303	2.313	2.324	2.28
2015/09/11	2.282	2.282	2.270	2.270	973.00	221037	46	2.273	2.283	2.29	2.308	2.323	2.278
2015/09/14	2.265	2.272	2.260	2.260	498.00	112756	31	2.265	2.269	2.28	2.303	2.32	2.277
2015/09/15	2.279	2.287	2.254	2.260	555.00	125614	39	2.26	2.263	2.274	2.297	2.319	2.275
2015/09/16	2.244	2.260	2.244	2.260	2081.00	469354	29	2.26	2.26	2.265	2.291	2.318	2.274
2015/09/17	2.297	2.298	2.285	2.298	2548.00	584191	69	2.279	2.273	2.27	2.286	2.319	2.273
2015/09/18	2.332	2.332	2.306	2.307	1653.00	381606	30	2.303	2.288	2.277	2.284	2.32	2.272
2015/09/21	2.310	2.340	2.310	2.340	710.00	165449	40	2.323	2.315	2.293	2.287	2.32	2.272
2015/09/22	2.338	2.338	2.313	2.327	568.00	131968	29	2.333	2.325	2.306	2.29	2.316	2.272
2015/09/23	2.333	2.333	2.307	2.319	570.00	132078	25	2.323	2.329	2.318	2.292	2.306	2.272
2015/09/24	2.319	2.358	2.319	2.340	462.00	107941	25	2.329	2.329	2.327	2.298	2.306	2.272
2015/09/25	2.345	2.379	2.345	2.346	3109.00	730475	61	2.343	2.335	2.334	2.306	2.307	2.273
2015/09/28	2.331	2.333	2.331	2.331	52.00	12121	6	2.339	2.339	2.333	2.313	2.308	2.273
2015/09/29	2.312	2.328	2.300	2.300	895.00	206425	45	2.316	2.326	2.327	2.317	2.307	2.274
2015/09/30	2.291	2.291	2.267	2.278	2362.00	537893	52	2.289	2.303	2.319	2.319	2.305	2.273
2015/10/08	2.302	2.342	2.302	2.315	2622.00	608325	45	2.297	2.298	2.314	2.32	2.303	2.274
2015/10/09	2.316	2.338	2.316	2.330	1127.00	262898	52	2.322	2.308	2.311	2.323	2.303	2.276
2015/10/12	2.342	2.364	2.340	2.364	1721.00	403997	71	2.347	2.336	2.317	2.325	2.306	2.277
2015/10/13	2.341	2.357	2.333	2.343	1999.00	468545	50	2.353	2.346	2.326	2.327	2.308	2.278
2015/10/14	2.352	2.387	2.352	2.380	831.00	197287	41	2.362	2.362	2.346	2.333	2.312	2.28
2015/10/15	2.390	2.407	2.390	2.396	1197.00	287269	48	2.388	2.373	2.363	2.338	2.318	2.282
2015/10/16	2.385	2.399	2.380	2.392	1051.00	251159	36	2.394	2.389	2.375	2.343	2.324	2.283
2015/10/19	2.370	2.396	2.370	2.382	352.00	84053	10	2.387	2.39	2.379	2.348	2.33	2.285
2015/10/20	2.372	2.393	2.372	2.393	383.00	91041	15	2.387	2.389	2.389	2.357	2.337	2.288
2015/10/21	2.391	2.393	2.384	2.384	508.00	121364	15	2.388	2.386	2.389	2.368	2.343	2.29
2015/10/22	2.363	2.390	2.362	2.373	428.00	101444	17	2.378	2.383	2.385	2.374	2.347	2.292
2015/10/23	2.366	2.396	2.366	2.396	526.00	125619	18	2.385	2.384	2.386	2.38	2.351	2.296
2015/10/26	2.390	2.400	2.373	2.377	716.00	170780	18	2.386	2.382	2.385	2.382	2.353	2.298
2015/10/27	2.372	2.400	2.372	2.375	677.00	161635	35	2.376	2.383	2.381	2.385	2.356	2.301
2015/10/28	2.374	2.399	2.373	2.390	1962.00	469445	32	2.383	2.381	2.382	2.386	2.359	2.304
2015/10/29	2.390	2.390	2.366	2.368	373.00	88512	26	2.379	2.378	2.381	2.383	2.361	2.307
2015/10/30	2.362	2.362	2.338	2.338	723.00	169354	33	2.353	2.365	2.37	2.378	2.36	2.31
2015/11/02	2.338	2.338	2.313	2.333	182.00	42161	18	2.336	2.346	2.361	2.373	2.36	2.312
2015/11/03	2.327	2.327	2.315	2.319	69.00	15999	10	2.326	2.33	2.35	2.365	2.361	2.315
2015/11/04	2.333	2.333	2.286	2.307	1439.00	330056	60	2.313	2.32	2.333	2.358	2.363	2.318
2015/11/05	2.266	2.314	2.266	2.284	1207.00	275325	65	2.295	2.303	2.316	2.349	2.361	2.32
2015/11/06	2.265	2.314	2.264	2.274	1486.00	338123	55	2.279	2.288	2.303	2.336	2.358	2.321
2015/11/09	2.274	2.274	2.201	2.244	2430.00	544045	78	2.259	2.267	2.286	2.323	2.352	2.323
2015/11/10	2.250	2.250	2.240	2.242	440.00	98656	39	2.243	2.253	2.27	2.31	2.347	2.324
2015/11/11	2.242	2.255	2.235	2.241	1661.00	372304	69	2.241	2.242	2.257	2.295	2.34	2.325
2015/11/12	2.240	2.248	2.235	2.235	1273.00	284771	62	2.238	2.239	2.247	2.282	2.332	2.325
2015/11/13	2.228	2.228	2.218	2.222	990.00	219853	46	2.228	2.233	2.237	2.27	2.324	2.324
2015/11/16	2.240	2.260	2.235	2.258	1932.00	434734	90	2.24	2.238	2.24	2.263	2.318	2.323
2015/11/17	2.245	2.245	2.220	2.225	4169.00	928332	142	2.241	2.235	2.236	2.253	2.309	2.322
2015/11/18	2.214	2.214	2.192	2.202	5815.00	1281556	69	2.214	2.228	2.228	2.243	2.3	2.32
2015/11/19	2.219	2.220	2.209	2.217	873.00	193604	39	2.209	2.215	2.225	2.236	2.292	2.319
2015/11/20	2.219	2.226	2.219	2.224	579.00	128657	40	2.22	2.214	2.225	2.231	2.284	2.318
2015/11/23	2.223	2.223	2.193	2.201	1566.00	344973	66	2.213	2.214	2.214	2.227	2.275	2.316
2015/11/24	2.200	2.207	2.200	2.202	436.00	96009	27	2.201	2.209	2.209	2.223	2.266	2.313
2015/11/25	2.215	2.226	2.213	2.215	1377.00	305336	62	2.208	2.206	2.212	2.22	2.258	2.308
2015/11/26	2.213	2.213	2.206	2.209	322.00	71146	32	2.212	2.209	2.21	2.217	2.25	2.305
2015/11/27	2.203	2.205	2.183	2.187	2270.00	497195	94	2.198	2.204	2.203	2.214	2.242	2.303
2015/11/30	2.161	2.183	2.161	2.167	3817.00	826135	153	2.177	2.188	2.196	2.205	2.234	2.301
2015/12/01	2.167	2.213	2.167	2.194	1341.00	294221	40	2.181	2.183	2.194	2.202	2.227	2.299
2015/12/02	2.198	2.199	2.186	2.192	213.00	46693	22	2.193	2.184	2.19	2.201	2.222	2.296
2015/12/03	2.160	2.180	2.158	2.177	676.00	146602	44	2.184	2.188	2.183	2.197	2.216	2.294
2015/12/04	2.186	2.190	2.181	2.187	1059.00	231182	44	2.182	2.185	2.183	2.193	2.212	2.291
2015/12/07	2.230	2.232	2.221	2.231	2534.00	564166	81	2.209	2.198	2.196	2.196	2.211	2.29
2015/12/08	2.208	2.216	2.201	2.215	334.00	73917	33	2.223	2.211	2.2	2.197	2.21	2.289
2015/12/09	2.213	2.225	2.213	2.221	341.00	75714	23	2.218	2.222	2.206	2.198	2.209	2.287
2015/12/10	2.206	2.228	2.206	2.218	866.00	192203	41	2.22	2.218	2.214	2.199	2.208	2.286
2015/12/11	2.202	2.222	2.200	2.222	2237.00	494508	61	2.22	2.22	2.221	2.202	2.208	2.285
2015/12/14	2.230	2.237	2.225	2.232	1388.00	309856	49	2.227	2.224	2.222	2.209	2.207	2.285
2015/12/15	2.205	2.224	2.203	2.216	290.00	64287	14	2.224	2.223	2.222	2.211	2.206	2.284
2015/12/16	2.230	2.230	2.210	2.217	454.00	100764	33	2.217	2.222	2.221	2.214	2.207	2.284
2015/12/17	2.229	2.229	2.209	2.219	1202.00	267215	46	2.218	2.217	2.221	2.218	2.207	2.282
2015/12/18	2.211	2.211	2.186	2.207	580.00	127877	31	2.213	2.214	2.218	2.22	2.206	2.281
2015/12/21	2.202	2.225	2.161	2.225	23362.00	5128318	310	2.216	2.217	2.217	2.219	2.208	2.279
2015/12/22	2.235	2.241	2.232	2.241	5532.00	1237437	94	2.233	2.224	2.222	2.222	2.21	2.277
2015/12/23	2.235	2.237	2.230	2.237	1105.00	246807	47	2.239	2.234	2.226	2.223	2.211	2.276
2015/12/24	2.230	2.237	2.228	2.231	1149.00	256490	30	2.234	2.236	2.228	2.225	2.212	2.274
2015/12/25	2.321	2.321	2.235	2.245	1268.00	284839	57	2.238	2.238	2.236	2.227	2.215	2.272
2015/12/28	2.245	2.245	2.233	2.237	451.00	100786	36	2.241	2.238	2.238	2.227	2.218	2.271
2015/12/29	2.238	2.240	2.234	2.239	413.00	92405	32	2.238	2.24	2.238	2.23	2.22	2.27
2015/12/30	2.227	2.239	2.227	2.232	1285.00	286901	23	2.236	2.236	2.237	2.231	2.222	2.269
2015/12/31	2.220	2.228	2.220	2.223	379.00	84237	17	2.227	2.231	2.235	2.232	2.225	2.267
2016/01/04	2.218	2.225	2.217	2.222	925.00	205472	20	2.222	2.226	2.231	2.233	2.227	2.266
2016/01/05	2.250	2.263	2.222	2.261	2807.00	632213	116	2.241	2.235	2.235	2.237	2.228	2.264
2016/01/06	2.261	2.330	2.241	2.281	5054.00	1153397	202	2.271	2.255	2.244	2.241	2.231	2.263
2016/01/07	2.303	2.312	2.282	2.312	69.00	15921	13	2.296	2.285	2.26	2.248	2.236	2.262
2016/01/08	2.320	2.339	2.317	2.326	4313.00	1003427	147	2.319	2.306	2.28	2.258	2.241	2.261
2016/01/11	2.333	2.399	2.320	2.343	4352.00	1020879	97	2.334	2.327	2.305	2.268	2.247	2.26
2016/01/12	2.340	2.340	2.304	2.309	4128.00	952737	109	2.326	2.326	2.314	2.275	2.251	2.259
2016/01/13	2.265	2.308	2.265	2.288	740.00	169266	60	2.299	2.313	2.316	2.28	2.255	2.257
2016/01/14	2.290	2.315	2.220	2.304	1243.00	286329	78	2.296	2.3	2.314	2.287	2.259	2.255
2016/01/15	2.281	2.302	2.280	2.283	687.00	157001	38	2.293	2.292	2.305	2.293	2.262	2.254
2016/01/18	2.306	2.306	2.293	2.298	431.00	99075	18	2.291	2.295	2.296	2.3	2.267	2.252
2016/01/19	2.281	2.346	2.200	2.291	1795.00	409256	53	2.294	2.291	2.293	2.303	2.27	2.251
2016/01/20	2.305	2.322	2.293	2.316	1243.00	286463	42	2.303	2.302	2.298	2.307	2.274	2.25
2016/01/21	2.355	2.358	2.313	2.327	1353.00	316996	43	2.321	2.311	2.303	2.309	2.278	2.249
2016/01/22	2.340	2.340	2.311	2.316	357.00	83018	21	2.321	2.32	2.31	2.307	2.283	2.248
2016/01/25	2.316	2.329	2.205	2.313	1017.00	234123	33	2.314	2.319	2.313	2.305	2.286	2.248
2016/01/26	2.345	2.394	2.344	2.394	1261.00	297188	57	2.353	2.341	2.333	2.313	2.294	2.249
2016/01/27	2.400	2.400	2.360	2.372	3559.00	847219	67	2.383	2.36	2.344	2.321	2.301	2.25
2016/01/28	2.351	2.395	2.351	2.372	1233.00	292433	49	2.372	2.379	2.353	2.328	2.308	2.251
2016/01/29	2.347	2.370	2.340	2.350	1701.00	401112	75	2.361	2.365	2.36	2.335	2.314	2.252
2016/02/01	2.346	2.378	2.346	2.375	2316.00	549938	78	2.362	2.366	2.373	2.343	2.322	2.253
2016/02/02	2.378	2.399	2.378	2.381	5095.00	1213666	105	2.378	2.369	2.37	2.352	2.328	2.256
2016/02/03	2.386	2.391	2.386	2.391	1236.00	295288	59	2.386	2.382	2.374	2.359	2.333	2.258
2016/02/04	2.395	2.411	2.395	2.410	5272.00	1266734	123	2.401	2.394	2.381	2.367	2.338	2.261
2016/02/05	2.440	2.448	2.432	2.441	6978.00	1701807	136	2.425	2.414	2.4	2.38	2.344	2.264
2016/02/15	2.590	2.685	2.537	2.545	51588.00	13331842	1005	2.493	2.465	2.434	2.403	2.354	2.27
2016/02/16	2.550	2.550	2.493	2.509	35763.00	8957242	493	2.527	2.498	2.459	2.415	2.364	2.274
2016/02/17	2.493	2.530	2.493	2.525	73758.00	18552740	503	2.517	2.526	2.486	2.43	2.376	2.279
2016/02/18	2.532	2.532	2.521	2.526	63986.00	16166659	377	2.526	2.52	2.509	2.445	2.387	2.284
2016/02/19	2.557	2.564	2.555	2.560	114780.00	29369628	592	2.543	2.537	2.533	2.466	2.401	2.29
2016/02/22	2.553	2.558	2.537	2.540	71225.00	18116512	446	2.55	2.542	2.532	2.483	2.413	2.295
2016/02/23	2.526	2.554	2.523	2.547	93947.00	23934548	431	2.543	2.549	2.54	2.499	2.425	2.301
2016/02/24	2.575	2.580	2.562	2.566	160811.00	41347568	725	2.556	2.551	2.548	2.517	2.438	2.307
2016/02/25	2.581	2.600	2.581	2.590	130936.00	33938844	770	2.578	2.568	2.561	2.535	2.451	2.313
2016/02/26	2.594	2.606	2.590	2.604	143699.00	37351440	695	2.597	2.587	2.569	2.551	2.466	2.32
2016/02/29	2.589	2.590	2.560	2.589	106100.00	27383308	700	2.596	2.594	2.579	2.556	2.479	2.327
2016/03/01	2.659	2.659	2.610	2.617	156852.00	41032924	822	2.603	2.603	2.593	2.566	2.49	2.334
2016/03/02	2.587	2.590	2.581	2.585	212379.00	54946604	811	2.601	2.597	2.597	2.572	2.501	2.341
2016/03/03	2.591	2.615	2.591	2.609	169425.00	44154432	475	2.597	2.604	2.601	2.581	2.513	2.348
2016/03/04	2.635	2.648	2.635	2.640	192920.00	50969052	672	2.625	2.611	2.608	2.589	2.527	2.355
2016/03/07	2.647	2.669	2.625	2.637	189553.00	49992512	625	2.639	2.629	2.618	2.598	2.541	2.363
2016/03/08	2.646	2.662	2.646	2.656	194731.00	51675448	764	2.647	2.644	2.625	2.609	2.554	2.37
2016/03/09	2.638	2.638	2.605	2.627	101594.00	26683816	606	2.641	2.64	2.634	2.615	2.566	2.377
2016/03/10	2.615	2.626	2.608	2.611	148491.00	38854680	662	2.619	2.631	2.634	2.618	2.576	2.383
2016/03/11	2.669	2.672	2.647	2.647	218526.00	58128856	891	2.629	2.628	2.636	2.622	2.586	2.39
2016/03/14	2.626	2.626	2.605	2.617	104197.00	27307046	633	2.632	2.625	2.632	2.625	2.59	2.397
2016/03/15	2.570	2.585	2.560	2.571	190895.00	49051440	1110	2.594	2.612	2.615	2.62	2.593	2.403
2016/03/16	2.569	2.589	2.569	2.589	60280.00	15563972	347	2.58	2.592	2.607	2.62	2.596	2.409
2016/03/17	2.628	2.629	2.613	2.615	105765.00	27712006	1873	2.602	2.592	2.608	2.621	2.601	2.416
2016/03/18	2.650	2.650	2.614	2.619	67732.00	17755626	403	2.617	2.608	2.602	2.619	2.604	2.422
2016/03/21	2.600	2.607	2.581	2.584	120049.00	31214548	420	2.602	2.606	2.596	2.614	2.606	2.429
2016/03/22	2.580	2.601	2.580	2.599	123925.00	32164096	276	2.592	2.601	2.601	2.608	2.609	2.435
2016/03/23	2.600	2.600	2.568	2.568	87934.00	22680644	521	2.583	2.584	2.597	2.602	2.609	2.44
2016/03/24	2.553	2.553	2.530	2.544	85997.00	21885760	294	2.556	2.57	2.583	2.595	2.606	2.445
2016/03/25	2.544	2.554	2.544	2.552	81557.00	20817408	186	2.548	2.555	2.569	2.586	2.604	2.451
2016/03/28	2.532	2.552	2.529	2.539	66295.00	16791240	302	2.546	2.545	2.56	2.578	2.601	2.456
2016/03/29	2.540	2.549	2.540	2.543	95924.00	24405276	242	2.541	2.545	2.549	2.575	2.598	2.461
2016/03/30	2.573	2.590	2.570	2.573	67652.00	17414262	314	2.558	2.552	2.55	2.574	2.597	2.466
2016/03/31	2.555	2.555	2.545	2.550	47843.00	12198505	191	2.562	2.555	2.551	2.567	2.594	2.472
2016/04/01	2.550	2.567	2.550	2.562	70166.00	17955674	190	2.556	2.562	2.553	2.561	2.59	2.477
2016/04/05	2.569	2.569	2.544	2.550	77978.00	19881596	225	2.556	2.554	2.556	2.558	2.586	2.483
2016/04/06	2.558	2.561	2.551	2.553	41670.00	10658300	146	2.551	2.555	2.558	2.553	2.581	2.488
2016/04/07	2.548	2.559	2.547	2.552	85339.00	21784678	180	2.553	2.552	2.553	2.552	2.577	2.492
2016/04/08	2.566	2.575	2.566	2.570	91501.00	23530238	276	2.561	2.558	2.557	2.554	2.575	2.496
2016/04/11	2.583	2.629	2.583	2.595	104049.00	26982196	278	2.582	2.572	2.564	2.559	2.572	2.501
2016/04/12	2.608	2.608	2.599	2.605	44398.00	11549216	209	2.6	2.59	2.575	2.565	2.572	2.505
2016/04/13	2.601	2.602	2.590	2.593	81014.00	21017126	280	2.599	2.598	2.583	2.57	2.573	2.51
2016/04/14	2.572	2.572	2.561	2.570	58022.00	14891109	462	2.582	2.589	2.587	2.57	2.572	2.515
2016/04/15	2.561	2.569	2.556	2.564	42788.00	10959585	357	2.567	2.576	2.585	2.571	2.569	2.519
2016/04/18	2.600	2.629	2.563	2.564	61848.00	15903371	283	2.564	2.566	2.579	2.572	2.566	2.524
2016/04/19	2.560	2.584	2.558	2.584	50149.00	12869703	264	2.574	2.571	2.575	2.575	2.566	2.528
2016/04/20	2.602	2.610	2.581	2.593	92410.00	24030024	870	2.589	2.58	2.575	2.579	2.566	2.533
2016/04/21	2.597	2.625	2.593	2.625	76493.00	19953756	467	2.609	2.601	2.586	2.586	2.569	2.539
2016/04/22	2.602	2.606	2.594	2.594	73775.00	19204640	412	2.609	2.604	2.592	2.589	2.572	2.543
2016/04/25	2.578	2.583	2.571	2.581	38982.00	10046859	256	2.588	2.6	2.595	2.587	2.573	2.547
2016/04/26	2.587	2.588	2.565	2.576	41796.00	10785761	214	2.579	2.584	2.594	2.584	2.575	2.552
2016/04/27	2.598	2.603	2.590	2.603	84606.00	21952592	309	2.589	2.587	2.596	2.585	2.578	2.555
2016/04/28	2.593	2.620	2.584	2.613	188507.00	49042512	633	2.608	2.597	2.593	2.59	2.58	2.559
2016/04/29	2.639	2.663	2.638	2.646	134793.00	35730040	633	2.629	2.621	2.604	2.598	2.585	2.564
2016/05/03	2.692	2.696	2.678	2.696	97792.00	26302988	535	2.671	2.652	2.627	2.611	2.591	2.57
2016/05/04	2.685	2.685	2.671	2.676	96535.00	25827436	397	2.686	2.673	2.647	2.62	2.598	2.575
2016/05/05	2.674	2.681	2.673	2.673	70137.00	18777404	355	2.674	2.682	2.661	2.628	2.604	2.58
2016/05/06	2.671	2.676	2.668	2.674	116909.00	31243128	471	2.674	2.674	2.673	2.633	2.61	2.584
2016/05/09	2.682	2.688	2.669	2.669	93326.00	24982152	534	2.671	2.672	2.678	2.641	2.615	2.589
2016/05/10	2.651	2.654	2.617	2.654	103729.00	27502412	374	2.661	2.666	2.669	2.648	2.618	2.592
2016/05/11	2.659	2.668	2.656	2.667	89165.00	23713904	380	2.661	2.663	2.667	2.657	2.621	2.594
2016/05/12	2.670	2.670	2.657	2.658	69041.00	18381500	327	2.662	2.66	2.664	2.663	2.624	2.597
2016/05/13	2.658	2.676	2.646	2.675	129559.00	34528612	444	2.667	2.667	2.665	2.669	2.629	2.599
2016/05/16	2.675	2.692	2.675	2.688	150716.00	40434844	468	2.681	2.674	2.668	2.673	2.635	2.602
2016/05/17	2.681	2.684	2.672	2.677	94079.00	25203780	445	2.682	2.68	2.673	2.671	2.641	2.604
2016/05/18	2.684	2.686	2.674	2.677	124343.00	33332996	415	2.677	2.681	2.675	2.671	2.646	2.606
2016/05/19	2.656	2.658	2.634	2.637	104662.00	27681604	612	2.657	2.664	2.671	2.668	2.648	2.608
2016/05/20	2.640	2.642	2.629	2.636	104897.00	27646912	378	2.636	2.65	2.663	2.664	2.648	2.609
2016/05/23	2.639	2.641	2.628	2.630	105307.00	27743504	346	2.633	2.634	2.651	2.66	2.65	2.609
2016/05/24	2.629	2.629	2.618	2.618	65031.00	17065880	305	2.624	2.628	2.64	2.656	2.652	2.61
2016/05/25	2.592	2.596	2.576	2.577	105562.00	27297354	541	2.597	2.608	2.62	2.647	2.652	2.609
2016/05/26	2.593	2.594	2.580	2.589	102552.00	26568130	401	2.583	2.595	2.61	2.64	2.651	2.609
2016/05/27	2.575	2.575	2.557	2.573	124764.00	32015208	539	2.581	2.58	2.597	2.63	2.649	2.609
2016/05/30	2.550	2.550	2.400	2.547	201738.00	51228788	537	2.56	2.57	2.581	2.616	2.645	2.608
2016/05/31	2.562	2.573	2.562	2.573	230500.00	59203628	470	2.56	2.564	2.572	2.606	2.638	2.607
2016/06/01	2.573	2.582	2.573	2.577	351927.00	90748512	625	2.575	2.566	2.572	2.596	2.633	2.606
2016/06/02	2.567	2.576	2.561	2.574	110263.00	28350608	256	2.576	2.575	2.569	2.589	2.628	2.604
2016/06/03	2.567	2.572	2.564	2.570	134626.00	34553480	304	2.572	2.574	2.568	2.583	2.623	2.603
2016/06/06	2.618	2.624	2.617	2.618	160943.00	42166936	334	2.594	2.587	2.582	2.582	2.621	2.603
2016/06/07	2.625	2.626	2.616	2.620	134269.00	35226488	249	2.619	2.603	2.592	2.582	2.619	2.603
2016/06/08	2.625	2.643	2.625	2.642	128604.00	33888160	341	2.631	2.627	2.605	2.588	2.618	2.603
2016/06/13	2.691	2.734	2.680	2.723	334656.00	90523888	1033	2.682	2.662	2.635	2.602	2.621	2.606
2016/06/14	2.723	2.723	2.708	2.714	268069.00	72839328	636	2.719	2.693	2.663	2.616	2.623	2.608
2016/06/15	2.719	2.730	2.719	2.728	147021.00	40052548	499	2.721	2.722	2.685	2.634	2.625	2.61
2016/06/16	2.748	2.778	2.743	2.775	209720.00	57783172	624	2.752	2.739	2.716	2.654	2.63	2.612
2016/06/17	2.716	2.723	2.708	2.713	255941.00	69521672	621	2.744	2.739	2.731	2.668	2.632	2.615
2016/06/20	2.718	2.726	2.711	2.716	162003.00	44003104	425	2.714	2.735	2.729	2.682	2.636	2.617
2016/06/21	2.720	2.725	2.707	2.710	261006.00	70958648	433	2.713	2.713	2.728	2.696	2.639	2.619
2016/06/22	2.691	2.692	2.671	2.677	181263.00	48646252	431	2.694	2.701	2.718	2.702	2.642	2.621
2016/06/23	2.677	2.687	2.674	2.681	254330.00	68137096	342	2.679	2.689	2.699	2.708	2.645	2.623
2016/06/24	2.692	2.948	2.686	2.802	392939.00	109662840	2343	2.741	2.72	2.717	2.724	2.656	2.628
2016/06/27	2.826	2.833	2.819	2.826	270742.00	76518256	872	2.814	2.77	2.739	2.734	2.668	2.632
2016/06/28	2.850	2.850	2.814	2.817	199717.00	56326344	683	2.821	2.815	2.761	2.744	2.68	2.636
2016/06/29	2.818	2.830	2.817	2.830	224453.00	63397344	757	2.823	2.824	2.791	2.755	2.694	2.641
2016/06/30	2.828	2.828	2.812	2.817	339049.00	95522024	867	2.823	2.821	2.818	2.759	2.707	2.645
2016/07/01	2.832	2.865	2.830	2.852	346930.00	98802664	1489	2.834	2.833	2.828	2.773	2.72	2.65
2016/07/04	2.895	2.940	2.880	2.898	253198.00	73434792	879	2.875	2.856	2.843	2.791	2.736	2.656
2016/07/05	2.900	2.900	2.867	2.892	328727.00	94722384	833	2.895	2.881	2.858	2.809	2.753	2.662
2016/07/06	2.942	2.957	2.941	2.944	396214.00	116820840	992	2.918	2.911	2.881	2.836	2.769	2.668
2016/07/07	2.948	2.950	2.935	2.937	569740.00	167895552	1022	2.941	2.924	2.905	2.862	2.785	2.674
2016/07/08	2.915	2.922	2.913	2.917	351051.00	102422592	690	2.927	2.933	2.918	2.873	2.798	2.679
