'399394'	国证医药	日线
日期	开盘	最高	最低	收盘	成交量	成交额
2012/10/29	4618.51	4674.10	4603.02	4673.65	2183975.00	3507508992
2012/10/30	4665.09	4712.84	4660.06	4668.69	2748066.00	4012997376
2012/10/31	4667.91	4733.24	4665.16	4733.24	3084587.00	4559104512
2012/11/01	4729.54	4789.83	4729.54	4780.52	3171863.00	4635479040
2012/11/02	4781.22	4792.09	4758.19	4782.26	2487695.00	3782901248
2012/11/05	4782.86	4798.50	4742.55	4754.24	2920683.00	4280958720
2012/11/06	4753.42	4757.24	4667.55	4737.11	2653357.00	4110519808
2012/11/07	4728.31	4734.59	4691.29	4715.52	2206638.00	3321348096
2012/11/08	4685.33	4720.49	4652.85	4654.29	2657168.00	3843700992
2012/11/09	4644.92	4665.67	4593.51	4599.60	2255289.00	3348163584
2012/11/12	4591.24	4614.28	4506.02	4548.00	2385981.00	3888346368
2012/11/13	4542.81	4542.81	4475.98	4487.67	2381560.00	3312110848
2012/11/14	4483.87	4529.25	4477.29	4529.15	2007584.00	2888601344
2012/11/15	4508.58	4560.19	4493.44	4505.38	2346243.00	3214206464
2012/11/16	4495.06	4500.92	4426.32	4456.60	2260772.00	3144822016
2012/11/19	4447.68	4447.68	4389.23	4434.23	2096142.00	2948406528
2012/11/20	4439.99	4450.27	4414.28	4416.80	1688031.00	2268209664
2012/11/21	4418.82	4450.86	4359.78	4437.27	2080806.00	2790877440
2012/11/22	4420.28	4420.28	4374.54	4375.73	1760149.00	2300177920
2012/11/23	4382.23	4396.13	4367.03	4378.94	1769278.00	2472634880
2012/11/26	4368.54	4373.69	4334.99	4343.35	1704675.00	2280193024
2012/11/27	4332.47	4332.75	4222.73	4226.94	2628417.00	3198998784
2012/11/28	4214.90	4216.11	4143.22	4159.31	2159146.00	2815255552
2012/11/29	4155.85	4194.75	4155.85	4157.81	1761733.00	2285963776
2012/11/30	4155.20	4192.26	4146.02	4192.17	1795816.00	2298167296
2012/12/03	4192.54	4192.54	4095.14	4099.48	2131818.00	2701696000
2012/12/04	4088.95	4120.60	4042.42	4120.60	2525191.00	3292588544
2012/12/05	4111.85	4259.42	4105.00	4243.57	3567037.00	4635252736
2012/12/06	4243.10	4253.61	4203.51	4228.26	2207415.00	2923966976
2012/12/07	4224.02	4300.72	4204.48	4300.65	3337921.00	4303547392
2012/12/10	4304.43	4310.79	4267.71	4310.79	3643335.00	4931659264
2012/12/11	4295.10	4308.03	4278.22	4290.21	3042928.00	3899335424
2012/12/12	4283.03	4296.61	4246.14	4272.76	2393578.00	3040750848
2012/12/13	4260.12	4283.35	4242.69	4260.70	2315489.00	3114338560
2012/12/14	4264.07	4392.51	4261.36	4390.70	4666979.00	6277312512
2012/12/17	4356.79	4365.17	4283.26	4320.38	4358960.00	6213864960
2012/12/18	4310.17	4337.59	4291.56	4311.61	6026420.00	8007144960
2012/12/19	4305.43	4339.32	4297.73	4328.20	4353557.00	5716756992
2012/12/20	4317.50	4323.27	4268.84	4301.56	4489249.00	5754201088
2012/12/21	4301.81	4366.90	4294.26	4356.37	4757251.00	6483804160
2012/12/24	4352.67	4442.98	4352.67	4442.14	4314623.00	6353558528
2012/12/25	4441.35	4539.65	4432.42	4537.62	6139523.00	8520666112
2012/12/26	4533.18	4551.55	4505.40	4550.91	4579522.00	6421747712
2012/12/27	4554.31	4562.13	4512.36	4524.43	4675149.00	6272684544
2012/12/28	4530.08	4568.95	4502.77	4568.93	4335749.00	6007563264
2012/12/31	4573.83	4604.65	4543.44	4604.65	5212684.00	7882818048
2013/01/04	4613.09	4613.09	4471.06	4504.70	5475413.00	8449070592
2013/01/07	4526.93	4608.80	4526.93	4607.47	7048307.00	9862010880
2013/01/08	4616.91	4748.71	4615.00	4728.75	9761372.00	13779321856
2013/01/09	4722.05	4747.30	4691.89	4718.33	7186982.00	9748688896
2013/01/10	4714.88	4749.05	4708.39	4748.79	5767317.00	8445850624
2013/01/11	4746.56	4756.83	4680.90	4691.54	5627028.00	8331290112
2013/01/14	4697.72	4870.62	4697.72	4869.95	7612471.00	11287619584
2013/01/15	4876.55	4957.57	4868.38	4938.92	8462649.00	11917826048
2013/01/16	4937.60	5017.05	4907.19	4982.42	7315509.00	11144146944
2013/01/17	4981.91	5047.07	4971.35	4997.40	5515067.00	8625965056
2013/01/18	5005.17	5079.84	4985.97	5063.69	4883378.00	8198950912
2013/01/21	5072.56	5087.26	5043.56	5079.25	5109277.00	8275322368
2013/01/22	5073.38	5073.38	4958.27	4979.40	4976954.00	7978357248
2013/01/23	4972.20	5015.64	4956.44	5014.71	4094490.00	6709253632
2013/01/24	5011.11	5072.37	4914.40	4945.96	5858399.00	8702193664
2013/01/25	4947.35	5068.99	4947.35	5061.54	4466378.00	7482273792
2013/01/28	5060.61	5196.07	5060.61	5195.78	6190571.00	9862166528
2013/01/29	5190.16	5212.19	5185.25	5193.53	5893711.00	9104812032
2013/01/30	5189.77	5189.77	5137.58	5178.79	6186581.00	9454362624
2013/01/31	5181.41	5191.49	5125.44	5150.39	5098312.00	7946829312
2013/02/01	5132.35	5202.10	5129.70	5161.57	5547463.00	8871041024
2013/02/04	5173.25	5180.06	5040.64	5054.19	5389539.00	9273954304
2013/02/05	5043.02	5174.21	5040.56	5156.71	4626767.00	7696813568
2013/02/06	5152.62	5257.40	5151.99	5256.56	5205834.00	9508430848
2013/02/07	5240.90	5316.29	5234.59	5309.55	4683067.00	8188605440
2013/02/08	5307.17	5449.38	5307.04	5416.57	5190838.00	8785707008
2013/02/18	5435.32	5436.86	5365.00	5409.62	4932477.00	8026144256
2013/02/19	5400.97	5423.64	5360.60	5375.57	5939043.00	8934104064
2013/02/20	5368.43	5621.36	5366.67	5621.31	8291673.00	13221699584
2013/02/21	5606.98	5651.68	5461.20	5526.76	8827423.00	13837817856
2013/02/22	5516.70	5553.97	5441.88	5451.69	5300436.00	8504223232
2013/02/25	5452.38	5512.66	5432.54	5500.65	4458463.00	7161534976
2013/02/26	5477.65	5596.00	5462.40	5469.98	6319237.00	10013947904
2013/02/27	5473.22	5507.30	5361.18	5398.29	5017542.00	8293391360
2013/02/28	5407.54	5481.75	5357.44	5481.45	5270047.00	8848571392
2013/03/01	5477.31	5599.38	5475.13	5595.54	6153081.00	9866917888
2013/03/04	5566.80	5673.09	5475.26	5515.71	7289826.00	11988840448
2013/03/05	5531.77	5696.14	5527.91	5695.86	7011685.00	11717486592
2013/03/06	5718.65	5809.67	5718.65	5760.55	7984185.00	12856346624
2013/03/07	5749.17	5749.17	5534.97	5596.93	7527167.00	12507871232
2013/03/08	5602.85	5635.01	5496.78	5518.07	5068647.00	8824560640
2013/03/11	5512.95	5577.63	5476.68	5565.43	4013988.00	7106840064
2013/03/12	5559.39	5587.25	5333.62	5405.86	5813489.00	9609872384
2013/03/13	5388.83	5392.96	5317.09	5371.08	3758875.00	6047722496
2013/03/14	5347.41	5471.51	5345.49	5471.04	3430191.00	6244789248
2013/03/15	5470.57	5613.81	5435.15	5507.96	4588996.00	8498418688
2013/03/18	5504.50	5568.11	5446.40	5457.07	4388960.00	7889014784
2013/03/19	5462.40	5475.02	5348.09	5414.50	4565896.00	7601125376
2013/03/20	5414.17	5551.23	5400.23	5551.23	4844024.00	8292238336
2013/03/21	5548.87	5645.16	5541.57	5635.90	5409285.00	9255955456
2013/03/22	5627.33	5683.73	5614.37	5681.46	4470977.00	7902578688
2013/03/25	5692.08	5709.31	5626.39	5651.36	4494454.00	8037969408
2013/03/26	5632.64	5671.81	5544.95	5669.55	5284870.00	8981923840
2013/03/27	5665.15	5750.11	5663.26	5736.77	5446490.00	9520809984
2013/03/28	5696.30	5737.52	5636.58	5677.39	5882938.00	10309847040
2013/03/29	5674.26	5694.42	5627.25	5635.37	4989300.00	8188724736
2013/04/01	5670.16	5688.72	5631.72	5669.48	5628729.00	9237788672
2013/04/02	5669.37	5683.26	5432.65	5443.74	6482743.00	11699859456
2013/04/03	5475.48	5528.38	5426.64	5450.45	7980772.00	10822083584
2013/04/08	5467.76	5540.68	5444.81	5539.68	9443257.00	13459036160
2013/04/09	5531.86	5538.19	5428.77	5442.02	6316390.00	9904415744
2013/04/10	5427.75	5427.75	5282.22	5342.43	5818987.00	9652073472
2013/04/11	5348.04	5355.81	5311.76	5346.53	4822593.00	7160950784
2013/04/12	5333.46	5358.65	5308.82	5313.34	4079245.00	6025304064
2013/04/15	5329.87	5351.11	5274.28	5295.04	3932203.00	6178188288
2013/04/16	5258.20	5324.44	5238.77	5319.76	3712890.00	5791662592
2013/04/17	5322.08	5437.79	5319.08	5433.18	4437026.00	7759366144
2013/04/18	5405.01	5462.79	5382.76	5408.05	4136115.00	7950854656
2013/04/19	5409.91	5520.22	5409.91	5501.44	5024085.00	8481639424
2013/04/22	5531.79	5572.10	5520.58	5555.27	6940606.00	10238027776
2013/04/23	5548.69	5548.69	5409.87	5415.13	5696146.00	8976519168
2013/04/24	5411.62	5529.39	5397.72	5526.96	5236388.00	8788174848
2013/04/25	5517.34	5598.74	5482.78	5511.41	6523649.00	11531024384
2013/04/26	5503.00	5523.00	5408.94	5420.89	4558270.00	7935466496
2013/05/02	5398.58	5488.71	5376.73	5488.71	4707398.00	8242734592
2013/05/03	5496.34	5629.98	5496.34	5628.82	5712474.00	9821297664
2013/05/06	5641.48	5714.37	5641.48	5703.51	5637858.00	9981323264
2013/05/07	5700.52	5700.52	5643.94	5675.36	4443507.00	7865280512
2013/05/08	5689.27	5792.49	5686.74	5790.38	5771878.00	10020368384
2013/05/09	5776.51	5780.78	5707.07	5756.31	5735342.00	9368807424
2013/05/10	5728.24	5780.17	5698.78	5766.51	5697315.00	9492244480
2013/05/13	5762.33	5770.86	5712.98	5746.30	5165555.00	8316654592
2013/05/14	5737.89	5737.89	5640.06	5693.22	4642029.00	7556998144
2013/05/15	5692.42	5786.43	5682.83	5786.43	5454497.00	8368774656
2013/05/16	5779.28	5875.40	5757.19	5821.36	7031351.00	11831736320
2013/05/17	5813.47	5860.07	5793.33	5843.56	6439527.00	10675859456
2013/05/20	5824.44	5824.65	5599.42	5675.49	9945752.00	17597956096
2013/05/21	5640.24	5718.84	5614.28	5718.64	7429233.00	12535759872
2013/05/22	5699.33	5801.50	5691.85	5718.37	6817009.00	12076745728
2013/05/23	5696.89	5760.10	5684.76	5716.02	6636962.00	11811980288
2013/05/24	5724.80	5807.46	5724.80	5805.53	5407577.00	9847809024
2013/05/27	5802.55	5871.95	5802.07	5871.95	6739722.00	11921029120
2013/05/28	5870.92	5907.38	5833.50	5898.97	6555035.00	11550181376
2013/05/29	5909.04	5955.81	5903.52	5954.39	6166974.00	10521763840
2013/05/30	5944.61	6029.88	5940.50	6015.12	7594590.00	12745339904
2013/05/31	6024.98	6091.81	6023.20	6025.14	8144899.00	14023214080
2013/06/03	6023.63	6062.34	5970.22	5985.87	7841997.00	12957548544
2013/06/04	5973.52	5975.02	5821.60	5859.36	6402971.00	10608576512
2013/06/05	5852.51	5883.88	5817.50	5882.99	5095321.00	8659089408
2013/06/06	5863.99	5864.48	5760.30	5762.35	4856195.00	8245693952
2013/06/07	5765.37	5783.03	5622.47	5665.02	4630391.00	8184260608
2013/06/13	5587.02	5587.02	5423.69	5577.40	4427620.00	7784823808
2013/06/14	5588.74	5722.93	5588.74	5713.81	4220664.00	7948196864
2013/06/17	5724.94	5840.21	5703.58	5821.67	4488494.00	9053210624
2013/06/18	5828.01	5838.09	5738.64	5802.38	3541628.00	6962671616
2013/06/19	5770.02	5772.24	5701.42	5768.37	3582647.00	6324616192
2013/06/20	5739.60	5747.26	5571.89	5575.17	3697079.00	6736010240
2013/06/21	5485.58	5600.51	5450.27	5584.71	3400557.00	5957040640
2013/06/24	5568.64	5568.64	5269.90	5339.22	5531934.00	9275206656
2013/06/25	5277.04	5336.26	4969.47	5295.29	6822786.00	11456210944
2013/06/26	5301.82	5473.46	5271.32	5472.40	5200649.00	9248353280
2013/06/27	5483.23	5580.30	5425.14	5445.61	5538370.00	10150165504
2013/06/28	5406.89	5489.12	5350.99	5397.63	3832715.00	6860474368
2013/07/01	5380.62	5569.95	5367.78	5569.72	4437235.00	9053430784
2013/07/02	5572.32	5771.75	5564.81	5771.75	6537198.00	13162190848
2013/07/03	5751.83	5850.38	5707.43	5823.16	5593174.00	11068563456
2013/07/04	5777.08	5828.61	5742.92	5751.79	5141976.00	10116872192
2013/07/05	5753.70	5776.28	5680.93	5680.97	4426416.00	8103694848
2013/07/08	5602.86	5677.70	5506.32	5566.03	4425546.00	7949495296
2013/07/09	5551.60	5647.88	5550.21	5627.48	3212519.00	6441701888
2013/07/10	5608.24	5721.36	5606.40	5721.00	3624549.00	6929617408
2013/07/11	5729.62	5879.39	5728.43	5836.67	5749697.00	10408974336
2013/07/12	5830.56	5940.62	5825.10	5850.79	5128318.00	10400573440
2013/07/15	5856.48	6025.98	5856.48	6025.19	5514539.00	11023255552
2013/07/16	6021.47	6073.16	5997.82	6061.98	5263143.00	10504320000
2013/07/17	6053.02	6064.37	5904.71	5927.81	5149072.00	10193872896
2013/07/18	5904.87	5947.27	5847.48	5899.17	4499608.00	8311994368
2013/07/19	5892.20	5933.14	5787.77	5788.34	5160688.00	9464070144
2013/07/22	5759.37	5945.70	5739.50	5945.01	4724607.00	8468797952
2013/07/23	5950.66	6072.42	5950.66	6072.42	5894339.00	10840926208
2013/07/24	6067.69	6181.94	6046.08	6173.63	6879675.00	12950065152
2013/07/25	6177.03	6195.64	6030.99	6057.24	5770140.00	10837530624
2013/07/26	6030.45	6089.97	5988.94	6038.98	4477166.00	8491987456
2013/07/29	5998.74	6056.02	5953.78	5983.23	4146377.00	8156944384
2013/07/30	6000.09	6024.79	5841.17	5898.44	4371791.00	8032461824
2013/07/31	5914.28	5954.18	5859.09	5874.90	3452448.00	6636778496
2013/08/01	5887.14	6018.22	5874.94	6018.20	4451613.00	8340912640
2013/08/02	6042.03	6064.66	6009.14	6014.93	4386378.00	8135176192
2013/08/05	6012.82	6166.78	6003.86	6166.41	5463166.00	10341320704
2013/08/06	6149.90	6240.10	6139.23	6226.43	5760237.00	11290269696
2013/08/07	6219.02	6219.07	6109.92	6124.32	5430406.00	10635312128
2013/08/08	6106.41	6228.88	6102.68	6207.47	5935917.00	10926145536
2013/08/09	6213.65	6245.24	6141.58	6217.59	5127055.00	9832471552
2013/08/12	6225.09	6259.99	6158.70	6212.05	5800551.00	11391473664
2013/08/13	6205.81	6205.81	6151.13	6193.21	4460793.00	8366351872
2013/08/14	6196.33	6214.87	6136.61	6163.93	5114654.00	9130838016
2013/08/15	6155.19	6155.19	5975.25	5979.84	5659895.00	10893021184
2013/08/16	5947.42	6047.62	5837.86	5847.67	5684854.00	10587936768
2013/08/19	5816.49	5941.38	5814.48	5940.17	3926110.00	7814060032
2013/08/20	5936.97	5976.29	5866.16	5889.87	4500325.00	8601905152
2013/08/21	5896.38	5905.05	5844.22	5893.01	4147235.00	7844599296
2013/08/22	5882.15	5957.19	5877.36	5947.92	4387231.00	8391510528
2013/08/23	5956.27	6015.30	5877.39	5976.27	4768965.00	9265276928
2013/08/26	5980.04	6065.14	5980.04	6062.74	5404559.00	9581224960
2013/08/27	6061.32	6081.37	6031.35	6067.05	5306889.00	8998237184
2013/08/28	6035.47	6035.47	5910.54	5916.78	6431986.00	11467532288
2013/08/29	5940.31	5958.08	5885.84	5917.42	4735482.00	8305921024
2013/08/30	5911.49	5911.49	5798.23	5817.27	5541747.00	9595076608
2013/09/02	5812.16	5851.62	5795.12	5851.17	4695441.00	8720017408
2013/09/03	5861.83	5933.86	5851.26	5933.46	4319246.00	7770762240
2013/09/04	5926.52	5928.74	5870.59	5881.79	4141141.00	7275269632
2013/09/05	5877.86	5901.73	5847.60	5887.25	4602336.00	7780939776
2013/09/06	5876.75	5913.69	5871.74	5911.33	4246330.00	7299657728
2013/09/09	5905.67	5905.67	5846.48	5883.08	5418495.00	9614793728
2013/09/10	5874.43	5874.43	5786.33	5831.46	6210315.00	11105721344
2013/09/11	5829.42	5832.89	5741.28	5789.58	5987324.00	10680135680
2013/09/12	5767.85	5818.00	5766.01	5791.73	5216513.00	8438076416
2013/09/13	5790.81	5845.97	5760.40	5844.26	4347697.00	7505741312
2013/09/16	5854.74	5904.62	5854.17	5894.73	4799048.00	8749806592
2013/09/17	5889.05	5890.20	5813.23	5818.25	4404307.00	8219266048
2013/09/18	5818.29	5902.23	5818.29	5896.02	4243056.00	8773356544
2013/09/23	5905.42	6046.78	5902.29	6041.17	5479154.00	10802480128
2013/09/24	6029.32	6050.76	5992.52	6048.46	5744919.00	10261953536
2013/09/25	6043.45	6064.57	5992.71	6001.85	6099391.00	10359077888
2013/09/26	5989.05	6119.76	5980.27	6091.78	6743864.00	12372594688
2013/09/27	6095.72	6225.28	6095.72	6204.18	6791925.00	12347598848
2013/09/30	6222.09	6241.11	6169.38	6224.31	5330731.00	9196001280
2013/10/08	6219.88	6250.77	6209.15	6233.04	5857830.00	10646762496
2013/10/09	6222.76	6241.06	6201.78	6240.69	6298533.00	11243517952
2013/10/10	6232.96	6234.31	6149.36	6159.78	6481508.00	11674356736
2013/10/11	6161.82	6226.72	6156.72	6226.17	6431639.00	11317678080
2013/10/14	6226.60	6227.75	6166.82	6184.39	7348557.00	14078495744
2013/10/15	6242.12	6326.81	6228.46	6266.99	9724771.00	17250822144
2013/10/16	6252.95	6252.95	6119.31	6154.17	8012343.00	14221120512
2013/10/17	6180.13	6206.92	6095.44	6113.70	6764152.00	12013577216
2013/10/18	6095.61	6123.54	6049.98	6122.53	5802399.00	10611523584
2013/10/21	6144.35	6270.99	6143.48	6270.78	7089120.00	13601817600
2013/10/22	6303.46	6312.05	6219.22	6233.50	7633983.00	14493962240
2013/10/23	6238.46	6253.76	6089.49	6125.11	6718327.00	12070889472
2013/10/24	6115.69	6153.51	6084.68	6088.96	5239889.00	9750222848
2013/10/25	6080.60	6090.23	5890.67	5926.76	5783032.00	10336287744
2013/10/28	5927.58	5927.58	5836.48	5859.13	4519566.00	8685806592
2013/10/29	5860.90	5907.04	5645.70	5779.91	5990383.00	10590653440
2013/10/30	5769.82	5852.12	5762.15	5852.08	4531622.00	8375231488
2013/10/31	5814.15	5814.15	5732.87	5749.17	4047335.00	7588291072
2013/11/01	5727.81	5794.36	5710.91	5778.09	3309066.00	6250464256
2013/11/04	5786.77	5799.98	5706.04	5717.60	3541998.00	7058324992
2013/11/05	5702.64	5733.98	5628.76	5733.20	4009687.00	7438064640
2013/11/06	5719.68	5729.60	5653.28	5654.87	3966041.00	7147575296
2013/11/07	5639.47	5642.25	5542.44	5559.44	3487640.00	6531706368
2013/11/08	5537.23	5557.92	5470.25	5482.29	3409865.00	6190928384
2013/11/11	5477.06	5629.61	5461.60	5627.48	3671710.00	6975207936
2013/11/12	5625.15	5708.59	5624.83	5708.33	3933417.00	7801133568
2013/11/13	5676.86	5676.86	5606.75	5610.27	2932022.00	5255630848
2013/11/14	5610.11	5706.07	5604.55	5692.96	3187787.00	5830130688
2013/11/15	5692.34	5789.76	5691.02	5742.41	4692026.00	8586717696
2013/11/18	5772.63	5799.78	5751.05	5798.84	5827295.00	10720372736
2013/11/19	5799.62	5801.24	5751.73	5775.21	4667426.00	8581871104
2013/11/20	5803.69	5810.39	5751.00	5801.97	3877475.00	7154003968
2013/11/21	5793.65	5798.11	5740.25	5793.57	3988692.00	7263192576
2013/11/22	5798.00	5806.29	5751.01	5754.53	5208747.00	8366916096
2013/11/25	5729.11	5786.86	5717.05	5765.74	4059777.00	7011904512
2013/11/26	5764.07	5789.53	5747.72	5770.00	3878083.00	6549695488
2013/11/27	5770.54	5820.85	5762.32	5814.75	4163222.00	7267499520
2013/11/28	5822.87	5888.61	5820.41	5865.28	4926933.00	8814594048
2013/11/29	5859.12	5930.58	5858.44	5925.44	4322002.00	8705215488
2013/12/02	5837.17	5880.70	5696.17	5722.71	6228433.00	10901299200
2013/12/03	5702.00	5850.58	5697.71	5839.35	3896130.00	7504251904
2013/12/04	5831.48	5940.43	5823.70	5913.81	5525139.00	9751834624
2013/12/05	5908.10	5927.11	5876.92	5913.51	4505033.00	8118651392
2013/12/06	5914.32	5942.28	5890.46	5898.05	3631295.00	7319266304
2013/12/09	5905.04	5929.86	5880.01	5908.45	3435297.00	6812074496
2013/12/10	5896.62	5899.26	5838.12	5859.58	3806621.00	7278360064
2013/12/11	5835.27	5835.27	5785.37	5814.40	3333810.00	6008172544
2013/12/12	5808.95	5891.20	5806.27	5860.61	3208526.00	5831252992
2013/12/13	5816.69	5900.82	5815.80	5883.74	3589341.00	6428518400
2013/12/16	5883.13	5883.13	5784.72	5784.75	3979534.00	7475891200
2013/12/17	5777.93	5848.21	5777.93	5830.84	3425323.00	6983954432
2013/12/18	5832.80	5881.48	5820.55	5867.10	3799239.00	7178032128
2013/12/19	5869.41	5880.85	5815.86	5816.91	3983260.00	7691339264
2013/12/20	5816.32	5866.14	5768.12	5785.75	4251129.00	8570443776
2013/12/23	5791.43	5956.18	5791.43	5949.35	6026214.00	11602511872
2013/12/24	5945.84	5970.95	5890.62	5927.90	5454283.00	10924572672
2013/12/25	5917.69	5938.29	5892.91	5929.69	4710639.00	9326615552
2013/12/26	5929.34	5953.16	5890.36	5891.71	5312686.00	9907769344
2013/12/27	5897.17	5954.33	5878.73	5939.71	4569761.00	8490652160
2013/12/30	5949.92	5962.97	5918.48	5938.11	3992511.00	7977357824
2013/12/31	5920.07	5988.64	5919.01	5987.09	4529259.00	9209175040
2014/01/02	5987.75	6108.70	5971.90	6102.52	5985020.00	11909707776
2014/01/03	6093.98	6109.98	6034.23	6062.39	4907678.00	9266777088
2014/01/06	6050.97	6050.97	5923.29	5931.54	4342232.00	7637447680
2014/01/07	5899.37	5999.76	5895.49	5995.30	3963699.00	7319900672
2014/01/08	6006.84	6062.03	6005.62	6046.74	4457636.00	8265555968
2014/01/09	6036.11	6101.00	5996.93	6001.63	4961125.00	9490708480
2014/01/10	5985.82	6010.62	5879.94	5884.73	4214119.00	7758883840
2014/01/13	5883.15	5918.60	5819.87	5850.89	3808675.00	6856853504
2014/01/14	5850.06	5927.04	5822.95	5927.04	3733383.00	6831868416
2014/01/15	5938.09	6005.90	5929.01	6005.79	3785741.00	7299982848
2014/01/16	6009.42	6018.24	5964.03	5968.07	3263688.00	6394213888
2014/01/17	5961.36	5973.21	5880.40	5882.20	3165616.00	5877651456
2014/01/20	5871.50	5897.67	5760.56	5811.12	3616399.00	6958253568
2014/01/21	5807.00	5858.35	5807.00	5849.90	3207603.00	5907917312
2014/01/22	5858.45	5961.96	5856.17	5961.28	4283606.00	7844260864
2014/01/23	5961.78	5993.29	5947.37	5962.93	4188953.00	7994507264
2014/01/24	5962.06	6043.93	5956.02	6038.28	5267259.00	10364584960
2014/01/27	6025.80	6029.24	5972.92	5975.84	4436880.00	8873222144
2014/01/28	5994.50	6018.63	5966.45	5995.75	5267478.00	9870473216
2014/01/29	6008.93	6046.13	5994.36	6046.13	4580111.00	8358789632
2014/01/30	6036.83	6054.65	6015.61	6030.42	3511318.00	6567314944
2014/02/07	5994.17	6041.39	5968.58	6041.21	4591901.00	8527496704
2014/02/10	6066.81	6231.64	6066.81	6230.62	7371805.00	14164665344
2014/02/11	6239.78	6309.04	6208.73	6252.89	7265435.00	14120186880
2014/02/12	6262.04	6298.33	6208.43	6298.14	6922297.00	12297340928
2014/02/13	6280.43	6285.01	6159.23	6160.40	6527530.00	11865501696
2014/02/14	6163.54	6280.75	6163.47	6280.75	5688689.00	10258618368
2014/02/17	6297.55	6363.43	6292.32	6363.43	6974319.00	13013929984
2014/02/18	6363.68	6396.48	6343.41	6379.57	7877025.00	14476806144
2014/02/19	6368.88	6464.03	6358.51	6431.24	7823638.00	14119997440
2014/02/20	6441.03	6444.87	6354.99	6359.67	7657527.00	12964632576
2014/02/21	6351.17	6382.68	6299.93	6347.53	5451169.00	10030935040
2014/02/24	6318.51	6411.77	6267.08	6403.91	7748901.00	14828696576
2014/02/25	6410.93	6486.83	6215.10	6246.81	9958192.00	18536366080
2014/02/26	6213.16	6277.54	6114.64	6277.54	6812597.00	12821888000
2014/02/27	6284.01	6309.89	6054.18	6068.22	7526549.00	14234443776
2014/02/28	6034.58	6095.67	5950.56	6092.07	5980131.00	11505967104
2014/03/03	6085.72	6169.54	6072.07	6169.21	5694162.00	10635036672
2014/03/04	6153.24	6153.37	6059.36	6122.81	5345423.00	10038177792
2014/03/05	6133.73	6147.63	6052.08	6064.66	4598795.00	8355216896
2014/03/06	6054.56	6062.55	5953.99	6008.88	5316000.00	10387344384
2014/03/07	5998.02	6108.31	5995.85	6075.32	5707584.00	11264710656
2014/03/10	6037.82	6037.82	5919.13	5928.11	5449316.00	10011199488
2014/03/11	5919.33	5988.92	5915.54	5984.46	4349400.00	7960288768
2014/03/12	5982.17	6032.73	5915.56	5971.30	4701175.00	8410692096
2014/03/13	5972.36	6051.26	5971.32	6043.91	4115753.00	7799604224
2014/03/14	6017.91	6039.64	5957.45	6000.30	3950530.00	7208310784
2014/03/17	6016.08	6109.60	6001.14	6107.87	4468963.00	8468003840
2014/03/18	6114.07	6158.67	6109.43	6119.29	6042810.00	10582583296
2014/03/19	6105.49	6105.49	6043.07	6080.81	5268524.00	9360516096
2014/03/20	6068.42	6095.70	5932.97	5933.91	5013781.00	8762757120
2014/03/21	5905.91	6005.34	5847.90	6004.17	4726452.00	8186056192
2014/03/24	5998.83	6007.02	5971.67	5985.99	4554576.00	7596173312
2014/03/25	5975.00	5996.37	5949.39	5971.82	4234836.00	6862936576
2014/03/26	5992.95	6079.22	5992.95	6043.15	4527657.00	7920418304
2014/03/27	6038.60	6041.01	5954.68	5954.87	4748663.00	8617118720
2014/03/28	5949.03	5962.48	5816.61	5838.46	4811609.00	8445553152
2014/03/31	5835.46	5862.19	5773.70	5808.46	3239089.00	5965045760
2014/04/01	5798.44	5854.30	5798.44	5853.81	3237341.00	6278575104
2014/04/02	5854.21	5860.23	5780.21	5798.35	3520110.00	6698449920
2014/04/03	5805.54	5822.16	5767.87	5782.67	3398970.00	5997577728
2014/04/04	5778.57	5832.87	5762.21	5832.61	3240660.00	5836006400
2014/04/08	5810.07	5925.96	5805.58	5925.88	4825137.00	8583252480
2014/04/09	5923.32	5971.81	5917.43	5971.63	4864403.00	8734410752
2014/04/10	5974.35	5995.08	5954.39	5980.63	4976694.00	9133051904
2014/04/11	5976.24	6034.36	5968.70	6013.49	4939837.00	9398306816
2014/04/14	6013.04	6029.62	5991.39	6029.62	4192542.00	7554177024
2014/04/15	6016.23	6020.98	5978.96	5989.00	4474113.00	7763762688
2014/04/16	5981.80	5991.34	5945.65	5976.13	3852190.00	6502882304
2014/04/17	5981.78	5999.14	5949.50	5949.53	4109361.00	6363568640
2014/04/18	5932.77	5966.13	5912.56	5962.88	3273745.00	5604368384
2014/04/21	5932.54	5983.81	5890.88	5892.17	3821474.00	6746475008
2014/04/22	5872.89	5895.70	5768.39	5824.52	3863123.00	7073376256
2014/04/23	5817.97	5841.21	5783.08	5804.99	3194838.00	5851600896
2014/04/24	5789.06	5789.75	5729.36	5734.62	3080804.00	5520782336
2014/04/25	5732.10	5735.57	5648.91	5653.39	3682860.00	6678322688
2014/04/28	5631.72	5633.70	5491.86	5500.82	4259059.00	7289751552
2014/04/29	5492.10	5563.78	5492.00	5562.48	3132699.00	5332313600
2014/04/30	5567.01	5640.49	5567.01	5637.76	2718072.00	4928683520
2014/05/05	5629.57	5681.49	5622.05	5677.80	2774858.00	4670078464
2014/05/06	5665.68	5727.59	5658.24	5698.75	3160462.00	5596517376
2014/05/07	5688.06	5693.53	5627.99	5628.34	2740933.00	4863282688
2014/05/08	5617.00	5677.06	5612.04	5623.58	2757126.00	4743831552
2014/05/09	5628.69	5645.57	5566.68	5594.69	3075237.00	5468835840
2014/05/12	5617.09	5661.68	5590.21	5660.62	3643062.00	6664692224
2014/05/13	5652.68	5655.91	5625.25	5644.56	3047989.00	5259702272
2014/05/14	5642.95	5666.51	5637.45	5659.37	2592446.00	4520248832
2014/05/15	5655.01	5655.54	5565.34	5573.40	3034917.00	5158901760
2014/05/16	5568.24	5573.03	5489.01	5527.22	2686336.00	4584872960
2014/05/19	5510.35	5510.35	5424.77	5463.15	2827106.00	5141217792
2014/05/20	5477.30	5525.69	5467.47	5476.34	2825763.00	4619739136
2014/05/21	5462.72	5518.71	5436.57	5518.71	2282736.00	3759420416
2014/05/22	5519.17	5584.14	5518.30	5533.45	2885892.00	5129929728
2014/05/23	5532.54	5589.88	5532.54	5584.38	2689252.00	4827524608
2014/05/26	5610.06	5700.55	5610.06	5697.39	4422094.00	7839473152
2014/05/27	5694.52	5707.06	5667.14	5674.08	3231819.00	5448560128
2014/05/28	5669.30	5729.23	5660.90	5727.58	3215724.00	5729197568
2014/05/29	5734.80	5786.72	5699.58	5703.87	3816996.00	7044364800
2014/05/30	5703.26	5720.23	5669.58	5705.88	3049716.00	5381322752
2014/06/03	5712.28	5736.80	5712.08	5714.80	3027761.00	5127739904
2014/06/04	5709.32	5709.32	5616.77	5645.11	3067749.00	5121590784
2014/06/05	5644.36	5709.46	5635.73	5708.76	2806027.00	5001297920
2014/06/06	5708.74	5730.48	5692.39	5712.94	2934571.00	5411075584
2014/06/09	5710.17	5747.78	5692.73	5698.24	3157969.00	5515267072
2014/06/10	5691.22	5743.50	5671.24	5742.48	3358151.00	5863668224
2014/06/11	5736.82	5804.84	5729.44	5797.20	3895820.00	7180083712
2014/06/12	5791.02	5795.69	5758.09	5778.44	3841647.00	6875327488
2014/06/13	5765.40	5816.38	5761.95	5806.65	3690863.00	6709932032
2014/06/16	5808.47	5811.06	5782.76	5790.78	3642789.00	6704664064
2014/06/17	5786.36	5791.96	5734.37	5737.60	3525649.00	6862684160
2014/06/18	5739.50	5763.37	5709.28	5718.25	3241442.00	6080253440
2014/06/19	5721.83	5733.77	5597.98	5617.71	3760720.00	6814628864
2014/06/20	5611.09	5652.12	5603.38	5650.89	2728699.00	4879444480
2014/06/23	5658.45	5695.09	5657.56	5678.87	3261759.00	6029999616
2014/06/24	5680.69	5735.87	5680.50	5735.38	3332765.00	5964052480
2014/06/25	5728.43	5728.43	5694.23	5718.91	3023930.00	5346283520
2014/06/26	5723.63	5778.12	5723.63	5776.49	3957884.00	6630180352
2014/06/27	5779.93	5817.46	5765.41	5796.46	4696100.00	7456613888
2014/06/30	5804.17	5841.32	5800.22	5840.71	4674385.00	7955178496
2014/07/01	5851.09	5854.35	5814.62	5845.79	3708364.00	6511974912
2014/07/02	5851.33	5883.31	5827.90	5883.20	3756700.00	6835012096
2014/07/03	5883.37	5987.01	5872.31	5979.06	5475819.00	9472475136
2014/07/04	5973.79	5980.19	5922.53	5923.20	3728162.00	6570416640
2014/07/07	5923.48	5938.46	5864.84	5881.29	3709841.00	6887320064
2014/07/08	5876.94	5911.74	5847.30	5909.74	3845992.00	7088356352
2014/07/09	5912.00	5913.52	5805.33	5807.02	4465889.00	8072919040
2014/07/10	5801.88	5845.52	5800.96	5813.20	4019584.00	6641151488
2014/07/11	5816.71	5859.02	5803.82	5823.02	3747699.00	6398382592
2014/07/14	5819.50	5856.17	5786.76	5855.27	4065252.00	7203329024
2014/07/15	5855.56	5882.75	5825.45	5873.50	4900913.00	8129004544
2014/07/16	5875.00	5902.39	5811.62	5820.57	4100321.00	6867174400
2014/07/17	5814.64	5814.64	5754.23	5781.30	3202126.00	5279815168
2014/07/18	5772.21	5819.97	5766.04	5783.55	3364582.00	5538464256
2014/07/21	5779.15	5831.60	5769.52	5819.05	3288647.00	6224821248
2014/07/22	5798.03	5859.24	5797.73	5854.61	3338658.00	6044147712
2014/07/23	5850.94	5853.78	5753.41	5772.09	3651679.00	6524303872
2014/07/24	5771.34	5793.38	5711.57	5761.61	3865593.00	7010685952
2014/07/25	5768.57	5789.55	5751.12	5788.59	3872697.00	6273065472
2014/07/28	5802.85	5871.85	5802.85	5871.04	5388804.00	9486685184
2014/07/29	5877.35	5934.59	5856.18	5917.28	5320166.00	9038386176
2014/07/30	5905.01	5966.10	5901.43	5965.81	5148251.00	8759291904
2014/07/31	5973.13	5999.62	5962.88	5998.70	4556512.00	8063271936
2014/08/01	5993.51	6114.18	5987.67	6017.88	7873177.00	13537771520
2014/08/04	6034.19	6063.35	6012.09	6051.48	5756628.00	9494524928
2014/08/05	6052.05	6057.86	5998.34	6052.07	5881420.00	9365822464
2014/08/06	6034.73	6083.99	6022.03	6072.52	5034677.00	8465216512
2014/08/07	6072.09	6084.91	6014.13	6018.19	4770266.00	7928971264
2014/08/08	6020.34	6057.04	6011.26	6034.06	3834207.00	6579244544
2014/08/11	6053.87	6117.15	6053.87	6116.67	5098827.00	8982915072
2014/08/12	6114.62	6114.62	6078.90	6102.22	4642937.00	8239131136
2014/08/13	6099.17	6113.22	6042.43	6081.12	4567185.00	8168558592
2014/08/14	6078.95	6096.60	6049.17	6054.06	5225023.00	8633999360
2014/08/15	6056.43	6111.21	6053.01	6110.87	4330750.00	7829523456
2014/08/18	6128.13	6180.28	6128.13	6179.90	5510754.00	10030895104
2014/08/19	6192.52	6196.27	6140.15	6173.01	5337087.00	9760049152
2014/08/20	6169.94	6169.94	6134.55	6153.37	5083689.00	9260865536
2014/08/21	6157.35	6162.51	6085.06	6141.81	5391426.00	9871659008
2014/08/22	6135.92	6196.95	6134.48	6190.59	5433856.00	10462705664
2014/08/25	6193.11	6194.36	6120.68	6135.77	5430229.00	10675937280
2014/08/26	6128.53	6141.95	6021.82	6040.13	5400878.00	10002079744
2014/08/27	6036.43	6064.23	6021.27	6033.95	3659636.00	6651135488
2014/08/28	6041.55	6045.12	5968.95	5997.15	3747306.00	6687757824
2014/08/29	5997.90	6043.09	5984.76	6042.56	2889252.00	5326690816
2014/09/01	6047.33	6113.36	6047.07	6113.36	4243643.00	7721499648
2014/09/02	6127.45	6165.39	6111.73	6165.07	5577153.00	9625165824
2014/09/03	6186.80	6211.90	6175.92	6205.69	6405550.00	11831429120
2014/09/04	6212.57	6226.15	6178.72	6225.33	6159953.00	11481522176
2014/09/05	6239.71	6257.47	6215.57	6256.78	6568772.00	11995285504
2014/09/09	6262.93	6295.19	6223.53	6289.21	7885574.00	13893882880
2014/09/10	6278.22	6289.41	6251.83	6278.85	5915399.00	10254996480
2014/09/11	6281.84	6342.90	6243.82	6259.59	7615380.00	13659374592
2014/09/12	6254.34	6293.31	6234.08	6293.30	5300193.00	9808345088
2014/09/15	6287.80	6333.15	6274.88	6332.87	7029878.00	13281275904
2014/09/16	6344.40	6360.77	6175.45	6182.19	8254275.00	15754403840
2014/09/17	6182.74	6238.09	6147.68	6237.98	5821895.00	11214426112
2014/09/18	6239.55	6332.69	6231.37	6332.69	6631774.00	12783388672
2014/09/19	6345.46	6401.35	6339.29	6398.65	6285071.00	12104218624
2014/09/22	6401.36	6401.36	6327.06	6344.47	7050635.00	13048883200
2014/09/23	6348.06	6400.56	6334.76	6397.86	6033449.00	11269929984
2014/09/24	6389.25	6447.32	6373.82	6446.59	7348335.00	13956656128
2014/09/25	6459.95	6473.38	6394.26	6417.93	7138321.00	13795808256
2014/09/26	6406.69	6431.52	6387.13	6429.57	5398074.00	10369611776
2014/09/29	6449.91	6480.26	6446.14	6473.68	6345780.00	11838738432
2014/09/30	6480.31	6521.54	6477.92	6518.77	6228589.00	11800983552
2014/10/08	6529.89	6748.87	6523.26	6748.22	9983418.00	20933937152
2014/10/09	6749.46	6779.90	6648.65	6718.52	9272121.00	17705011200
2014/10/10	6691.74	6773.00	6669.91	6725.38	8362301.00	15656262656
2014/10/13	6706.22	6774.43	6659.84	6773.57	7186958.00	13543501824
2014/10/14	6765.44	6800.27	6706.32	6738.88	8190381.00	14806731776
2014/10/15	6731.32	6901.23	6720.82	6878.30	11568761.00	21332758528
2014/10/16	6854.21	7021.80	6805.24	6807.43	13976857.00	24908644352
2014/10/17	6794.62	6820.51	6620.31	6743.77	9114569.00	16155330560
2014/10/20	6761.60	6860.78	6761.60	6837.85	7486740.00	14358365184
2014/10/21	6826.61	6826.61	6719.32	6727.59	6921319.00	12984281088
2014/10/22	6720.74	6733.16	6592.60	6600.66	6123800.00	11374835712
2014/10/23	6589.88	6616.20	6456.83	6493.77	6195077.00	10845667328
2014/10/24	6495.92	6539.63	6484.52	6505.06	4435164.00	7907381760
2014/10/27	6487.46	6576.87	6463.87	6576.10	4777243.00	9046070272
2014/10/28	6583.90	6684.59	6583.90	6684.29	6250596.00	12082399232
2014/10/29	6698.34	6713.48	6651.09	6701.83	7284551.00	14169077760
2014/10/30	6702.93	6768.66	6681.82	6698.28	7622722.00	14961436672
2014/10/31	6708.39	6727.08	6603.26	6671.24	6480050.00	12671643648
2014/11/03	6667.66	6668.84	6623.25	6662.36	6628468.00	12827252736
2014/11/04	6656.97	6656.97	6545.12	6570.41	6074543.00	11794803712
2014/11/05	6566.69	6572.75	6527.17	6565.79	5521688.00	10583148544
2014/11/06	6569.58	6596.64	6541.33	6595.72	4669952.00	9345150976
2014/11/07	6598.10	6601.92	6504.42	6525.46	6004907.00	11985880064
2014/11/10	6544.15	6561.83	6520.98	6561.83	5637974.00	11436673024
2014/11/11	6569.91	6573.01	6371.39	6415.43	7882935.00	15183839232
2014/11/12	6399.52	6468.11	6396.15	6467.65	4380462.00	8747860992
2014/11/13	6469.93	6469.93	6339.52	6375.49	5315093.00	10074853376
2014/11/14	6360.85	6428.63	6345.92	6426.72	4547491.00	9632839680
2014/11/17	6475.31	6511.57	6426.95	6493.33	5742227.00	11098704896
2014/11/18	6488.44	6502.17	6447.43	6465.64	4338237.00	8175007744
2014/11/19	6466.30	6515.86	6461.08	6510.14	4864797.00	8966162432
2014/11/20	6489.86	6489.86	6454.51	6462.32	3551426.00	6794100224
2014/11/21	6463.24	6493.37	6459.19	6490.23	4893137.00	9293699072
2014/11/24	6512.58	6522.15	6454.57	6474.88	7286931.00	14524151808
2014/11/25	6477.41	6543.56	6469.56	6543.50	6704459.00	12862011392
2014/11/26	6547.41	6560.81	6513.75	6559.48	7391497.00	14455075840
2014/11/27	6576.48	6591.36	6555.61	6591.11	8756013.00	17064046592
2014/11/28	6591.89	6593.96	6510.66	6560.43	8166060.00	16478119936
2014/12/01	6564.58	6572.73	6485.08	6572.04	8320060.00	17755428864
2014/12/02	6564.94	6611.51	6555.57	6608.87	7603337.00	15931752448
2014/12/03	6614.87	6661.75	6557.59	6661.41	10559377.00	21591687168
2014/12/04	6667.60	6772.09	6667.60	6762.28	12178331.00	24056285184
2014/12/05	6763.85	6763.85	6495.87	6623.52	11793665.00	23403732992
2014/12/08	6591.69	6595.40	6537.27	6594.02	10414282.00	21180516352
2014/12/09	6583.90	6587.63	6433.62	6446.82	12085305.00	24864129024
2014/12/10	6441.87	6669.67	6441.87	6668.87	9241838.00	19186515968
2014/12/11	6659.25	6704.92	6622.40	6673.31	7882249.00	15833332736
2014/12/12	6678.76	6710.05	6659.06	6708.68	7123452.00	13937756160
2014/12/15	6686.99	6845.29	6686.99	6836.57	9988108.00	19765377024
2014/12/16	6835.31	6840.11	6743.13	6766.22	7552270.00	15337746432
2014/12/17	6755.81	6755.81	6611.94	6652.77	7547721.00	14815447040
2014/12/18	6642.85	6671.52	6609.84	6620.65	5635941.00	11535266816
2014/12/19	6614.74	6614.74	6460.64	6524.15	6548544.00	12773409792
2014/12/22	6505.55	6505.55	6278.08	6310.88	7697220.00	14169739264
2014/12/23	6298.98	6382.45	6262.86	6272.39	5446047.00	10588440576
2014/12/24	6298.76	6356.65	6297.95	6354.85	4796367.00	9304890368
2014/12/25	6363.65	6393.14	6327.01	6366.88	5087493.00	9218030592
2014/12/26	6364.69	6383.20	6341.88	6383.12	5289300.00	9785155584
2014/12/29	6377.28	6377.42	6260.83	6289.36	6646162.00	12581048320
2014/12/30	6283.82	6334.25	6260.06	6269.43	6632816.00	12935794688
2014/12/31	6266.22	6315.33	6207.93	6315.33	5848919.00	12321340416
2015/01/05	6313.33	6391.33	6251.28	6376.08	7544983.00	14999021568
2015/01/06	6353.38	6659.04	6326.90	6609.24	11014471.00	23299719168
2015/01/07	6599.39	6610.60	6520.32	6555.93	6265189.00	13004835840
2015/01/08	6551.69	6650.28	6551.69	6570.68	6261763.00	13082777600
2015/01/09	6565.16	6646.62	6537.07	6539.63	6371141.00	13965259776
2015/01/12	6524.82	6596.59	6462.38	6582.21	5970654.00	12377077760
2015/01/13	6576.70	6678.82	6576.70	6647.12	5821032.00	11932914688
2015/01/14	6661.70	6674.12	6599.86	6620.04	7178224.00	14189862912
2015/01/15	6621.05	6645.00	6581.84	6614.03	5802304.00	11497944064
2015/01/16	6611.29	6663.43	6591.23	6663.06	6027660.00	12415906816
2015/01/19	6554.37	6778.89	6488.78	6570.06	10450351.00	21928847360
2015/01/20	6605.55	6788.14	6605.55	6788.14	9723166.00	20608047104
2015/01/21	6810.17	6899.66	6795.66	6898.40	10524196.00	22615150592
2015/01/22	6904.11	6966.53	6901.19	6965.41	8706504.00	18390427648
2015/01/23	6962.10	6971.80	6865.55	6884.44	8137928.00	16609019904
2015/01/26	6900.64	7024.57	6900.35	7019.24	8253584.00	17804355584
2015/01/27	7028.95	7079.84	6960.52	7048.62	8751846.00	19156678656
2015/01/28	7028.00	7072.36	6987.02	7002.69	7032053.00	14616984576
2015/01/29	6964.09	6982.65	6899.95	6912.05	5402001.00	12060925952
2015/01/30	6924.08	6938.87	6826.45	6857.57	5092619.00	10958067712
2015/02/02	6808.73	6911.83	6793.95	6869.17	4702410.00	11179868160
2015/02/03	6894.35	6942.22	6881.33	6930.91	5543905.00	12332918784
2015/02/04	6934.71	6938.28	6850.12	6855.16	5039262.00	11518981120
2015/02/05	6888.14	6893.38	6812.66	6813.45	6264724.00	13864290304
2015/02/06	6811.82	6831.70	6699.31	6721.60	5571128.00	12251688960
2015/02/09	6718.73	6744.72	6680.10	6693.20	3880683.00	8602755072
2015/02/10	6693.59	6755.45	6693.57	6754.25	4403301.00	10032529408
2015/02/11	6755.48	6852.30	6753.19	6852.23	6381707.00	13288130560
2015/02/12	6855.14	6898.04	6855.14	6894.32	6468318.00	13829146624
2015/02/13	6925.42	7048.50	6925.42	7017.73	8419495.00	17836230656
2015/02/16	7042.46	7176.17	7042.46	7176.01	9539359.00	20659906560
2015/02/17	7192.79	7214.25	7161.71	7201.48	7294931.00	15532356608
2015/02/25	7215.08	7242.06	7169.21	7201.29	7374950.00	15998679040
2015/02/26	7194.22	7228.13	7144.96	7181.51	6790316.00	14734438400
2015/02/27	7188.67	7222.53	7179.31	7222.51	6838648.00	15093317632
2015/03/02	7236.68	7310.10	7202.42	7310.07	9885123.00	21757786112
2015/03/03	7290.33	7359.80	7270.51	7274.75	10220660.00	22612156416
2015/03/04	7295.42	7532.24	7295.42	7532.24	12537463.00	28675698688
2015/03/05	7546.03	7661.18	7538.31	7587.65	11112882.00	26229985280
2015/03/06	7621.87	7637.32	7413.75	7415.88	9291107.00	21284128768
2015/03/09	7399.00	7532.22	7358.77	7531.12	7977166.00	18613538816
2015/03/10	7521.16	7636.80	7521.16	7636.54	8777560.00	20091785216
2015/03/11	7627.98	7639.76	7530.98	7558.16	7466913.00	17514014720
2015/03/12	7556.73	7569.11	7469.71	7529.89	7480270.00	17748187136
2015/03/13	7537.03	7635.93	7527.64	7634.18	7237251.00	17468327936
2015/03/16	7699.15	7856.43	7695.87	7851.30	11509811.00	26869485568
2015/03/17	7864.52	7896.10	7796.00	7854.62	11704413.00	27329548288
2015/03/18	7863.37	7979.49	7835.17	7979.49	11950940.00	27363938304
2015/03/19	7990.30	7990.30	7897.55	7960.01	11874598.00	26400253952
2015/03/20	7970.13	8052.10	7970.13	8051.19	12057420.00	29223661568
2015/03/23	8073.24	8225.68	8073.24	8224.95	13695200.00	33575282688
2015/03/24	8237.17	8323.28	8032.69	8311.99	15860059.00	39084040192
2015/03/25	8285.27	8489.81	8248.98	8462.62	16486631.00	40077348864
2015/03/26	8424.07	8446.84	8258.07	8311.93	12805996.00	31357939712
2015/03/27	8310.92	8418.73	8297.73	8405.95	10166330.00	23598530560
2015/03/30	8432.99	8510.27	8420.21	8484.29	11840540.00	29146066944
2015/03/31	8527.15	8634.48	8492.55	8541.17	14076856.00	33978273792
2015/04/01	8560.40	8804.02	8560.40	8779.76	12978692.00	33373110272
2015/04/02	8849.14	8958.41	8787.52	8919.02	13611843.00	36236906496
2015/04/03	8887.21	9015.84	8834.51	9011.07	12695490.00	33322287104
2015/04/07	9035.67	9290.82	9035.67	9290.53	13769920.00	38175473664
2015/04/08	9318.75	9351.30	9031.22	9222.85	13887016.00	39290658816
2015/04/09	9226.58	9226.58	8814.44	9183.84	14321118.00	38835658752
2015/04/10	9178.25	9501.43	9133.01	9496.37	13257238.00	38334332928
2015/04/13	9569.01	9880.12	9567.31	9844.75	16163506.00	48329084928
2015/04/14	9909.39	10018.26	9809.48	9906.50	14483708.00	43733012480
2015/04/15	9878.52	9878.52	9486.78	9499.33	13185128.00	39593132032
2015/04/16	9401.50	9791.25	9325.60	9662.96	10949000.00	32941531136
2015/04/17	9693.31	9744.78	9521.02	9576.49	12600302.00	38310494208
2015/04/20	9564.83	9565.74	9258.31	9282.40	14006745.00	40644988928
2015/04/21	9307.17	9663.83	9307.17	9663.82	11142916.00	33039376384
2015/04/22	9722.61	9872.48	9722.61	9859.60	12240966.00	35625439232
2015/04/23	9884.43	9915.76	9784.09	9879.96	13464484.00	37235384320
2015/04/24	9749.11	9934.80	9703.63	9908.78	15066455.00	41046425600
2015/04/27	9983.58	10099.99	9881.23	9978.40	14096769.00	39548665856
2015/04/28	10023.50	10049.17	9639.82	9717.33	14435654.00	39618441216
2015/04/29	9695.44	9940.04	9677.60	9933.92	10740101.00	31479783424
2015/04/30	9996.65	10060.84	9939.47	9939.54	11339748.00	33902286848
2015/05/04	9955.46	9956.59	9826.09	9930.14	8268247.00	23366100992
2015/05/05	9925.00	9982.74	9609.62	9676.23	10729849.00	31220701184
2015/05/06	9749.39	9885.11	9579.80	9638.44	9734366.00	28669818880
2015/05/07	9613.95	9661.04	9444.32	9455.82	8358541.00	23148304384
2015/05/08	9545.20	9788.60	9545.20	9788.38	9538655.00	29044463616
2015/05/11	9868.04	10221.46	9782.36	10216.38	13241960.00	41507618816
2015/05/12	10258.34	10374.49	10179.19	10368.13	13763780.00	41598885888
2015/05/13	10326.38	10498.80	10227.51	10429.19	14408825.00	42637123584
2015/05/14	10422.95	10470.14	10318.99	10400.58	11910434.00	35285491712
2015/05/15	10378.96	10378.96	10144.27	10272.81	10750957.00	31487225856
2015/05/18	10283.68	10549.57	10275.31	10510.52	12673711.00	37302456320
2015/05/19	10544.67	10745.30	10430.78	10738.02	13551765.00	41278337024
2015/05/20	10774.20	11045.20	10770.66	10884.10	15728112.00	47836434432
2015/05/21	10942.97	11437.00	10941.18	11436.06	16847854.00	55062269952
2015/05/22	11651.07	11697.12	11240.29	11441.44	18179130.00	58065870848
2015/05/25	11330.01	11692.79	11271.04	11691.97	18562112.00	57320554496
2015/05/26	11713.44	11998.16	11698.21	11996.71	17989644.00	57446273024
2015/05/27	12005.43	12130.69	11749.98	12080.11	17072458.00	55405002752
2015/05/28	12058.79	12213.95	11324.27	11325.58	19438958.00	61890662400
2015/05/29	11310.69	11739.30	10912.58	11599.69	16216439.00	50101665792
2015/06/01	11766.56	12293.12	11766.56	12292.63	15760215.00	53142650880
2015/06/02	12404.15	12706.90	12354.32	12704.66	18949606.00	61271031808
2015/06/03	12718.15	12750.46	12333.32	12651.80	16464224.00	53952946176
2015/06/04	12654.64	12662.44	11775.48	12537.78	15794955.00	52826689536
2015/06/05	12665.25	12823.25	12413.43	12644.97	17418076.00	58587197440
2015/06/08	12639.55	12651.36	12298.47	12481.00	15784128.00	51773124608
2015/06/09	12467.47	12553.86	12228.87	12399.76	13685486.00	47022358528
2015/06/10	12380.56	12860.64	12297.39	12742.82	14874223.00	51061637120
2015/06/11	12769.96	13026.16	12679.05	13020.93	16356350.00	54521790464
2015/06/12	13097.33	13264.63	13080.18	13198.79	17189500.00	59794178048
2015/06/15	13249.72	13250.07	12851.90	12888.86	16560336.00	58792484864
2015/06/16	12813.17	12824.10	12407.10	12560.47	15046629.00	50683404288
2015/06/17	12531.44	12750.05	12093.74	12699.59	13584871.00	43586736128
2015/06/18	12656.28	12718.36	12164.48	12178.44	13306609.00	42701651968
2015/06/19	11939.14	12032.54	11365.78	11414.32	12698744.00	38570160128
2015/06/23	11375.25	11685.21	10807.03	11685.13	13523089.00	39648550912
2015/06/24	11724.32	11909.87	11509.56	11824.34	13741114.00	40391413760
2015/06/25	11832.17	11832.53	11191.09	11316.24	13335585.00	36790190080
2015/06/26	10985.99	10985.99	10293.96	10352.79	13831073.00	37656891392
2015/06/29	10582.88	10595.79	9495.31	9778.15	17559400.00	44467253248
2015/06/30	9587.16	10442.87	9247.21	10440.67	20047540.00	50099802112
2015/07/01	10371.13	10841.46	10064.01	10137.44	19817588.00	55858065408
2015/07/02	10164.11	10233.40	9473.56	9676.52	18656680.00	49683619840
2015/07/03	9460.40	9964.91	8927.83	9284.29	19607632.00	50123132928
2015/07/06	10033.43	10033.43	8767.41	9261.83	23927090.00	60972122112
2015/07/07	8948.29	9023.85	8578.91	8631.88	16582412.00	39613157376
2015/07/08	8196.74	8365.25	8185.79	8284.75	21710330.00	46321885184
2015/07/09	8236.56	8660.59	8192.77	8659.81	10044327.00	25793638400
2015/07/10	8914.61	9154.76	8914.61	9147.05	7965251.00	24543645696
2015/07/13	9512.36	9731.72	9445.90	9703.78	12485547.00	38702903296
2015/07/14	9914.66	10136.26	9797.70	9878.19	19072564.00	49610088448
2015/07/15	9833.41	9844.72	9244.00	9318.62	19182228.00	49010425856
2015/07/16	9249.57	9773.23	8935.96	9559.39	18078232.00	45750890496
2015/07/17	9627.89	10158.11	9627.89	10084.80	16808480.00	44908326912
2015/07/20	10112.86	10336.71	9959.22	10131.84	17553436.00	46757847040
2015/07/21	9981.15	10289.77	9939.42	10264.58	14319710.00	38961070080
2015/07/22	10260.07	10346.83	10046.46	10277.73	15660608.00	39616557056
2015/07/23	10273.23	10584.49	10221.73	10554.20	17891920.00	45881532416
2015/07/24	10573.56	10623.04	10269.38	10344.17	18879356.00	50010738688
2015/07/27	10112.13	10304.64	9487.55	9489.02	17485508.00	44688093184
2015/07/28	9172.43	9674.92	8947.72	9432.64	21035124.00	51106394112
2015/07/29	9545.85	9812.85	9257.53	9811.42	16904280.00	42063974400
2015/07/30	9723.93	9837.01	9373.80	9400.33	14080128.00	34432487424
2015/07/31	9285.05	9552.59	9285.05	9459.38	11268710.00	27968002048
2015/08/03	9335.16	9446.87	9192.54	9406.98	13504886.00	33409462272
2015/08/04	9425.53	9830.55	9375.56	9829.57	13373456.00	32459476992
2015/08/05	9796.63	9903.14	9624.12	9670.42	12394287.00	28827453440
2015/08/06	9485.61	9703.40	9464.97	9563.22	9098753.00	19823841280
2015/08/07	9635.31	9809.24	9625.14	9787.42	11399107.00	26338746368
2015/08/10	9871.10	10268.96	9830.51	10228.77	15958354.00	39551217664
2015/08/11	10217.45	10294.29	10087.13	10149.94	13992164.00	34991960064
2015/08/12	10044.99	10163.01	9959.03	9960.31	11150146.00	28186791936
2015/08/13	9932.13	10070.20	9797.12	10070.20	10705058.00	26504749056
2015/08/14	10127.69	10210.65	10060.86	10130.17	13292906.00	32687120384
2015/08/17	10113.83	10324.39	10062.15	10324.39	13803654.00	33613639680
2015/08/18	10365.94	10395.36	9620.16	9675.16	19075966.00	48777994240
2015/08/19	9442.53	9951.41	9247.43	9924.70	14669253.00	35619004416
2015/08/20	9818.76	9875.34	9604.65	9604.74	12440424.00	29998694400
2015/08/21	9483.40	9586.72	9130.98	9166.62	13787853.00	30780289024
2015/08/24	8751.22	8789.96	8371.26	8378.26	12698905.00	28056752128
2015/08/25	7820.21	8116.24	7715.40	7751.62	15657997.00	31469264896
2015/08/26	7831.66	8120.02	7505.23	7666.89	17507040.00	33231056896
2015/08/27	7820.96	8002.26	7610.37	8001.37	14114030.00	26361049088
2015/08/28	8110.95	8432.86	8044.02	8411.25	14914246.00	29175631872
2015/08/31	8301.51	8301.51	8070.06	8196.00	12524784.00	24283707392
2015/09/01	8096.34	8096.34	7713.64	7855.86	12508401.00	24401909760
2015/09/02	7512.68	7984.09	7512.68	7893.25	13768476.00	26281603072
2015/09/07	7928.34	8205.24	7810.71	7861.42	10074126.00	19625334784
2015/09/08	7818.96	8211.08	7785.78	8198.29	8620149.00	16367091712
2015/09/09	8236.47	8463.27	8199.77	8351.51	14641817.00	28153729024
2015/09/10	8238.56	8376.30	8213.94	8253.55	8729148.00	17477900288
2015/09/11	8244.35	8323.01	8123.94	8224.46	7882696.00	15350016000
2015/09/14	8238.13	8252.18	7713.93	7837.89	11364709.00	20872562688
2015/09/15	7673.44	7797.57	7496.93	7516.94	8386022.00	14558365696
2015/09/16	7552.58	8068.86	7528.06	8002.39	9481435.00	16659375104
2015/09/17	7954.60	8079.71	7790.01	7790.88	11162719.00	18877659136
2015/09/18	7820.58	7892.29	7750.94	7845.70	6894456.00	11591345152
2015/09/21	7770.73	8085.48	7745.98	8074.58	11753041.00	18106533888
2015/09/22	8096.03	8205.07	8060.87	8127.66	12350498.00	19868241920
2015/09/23	8015.75	8088.07	7948.50	8002.36	8810515.00	14429349888
2015/09/24	8035.57	8120.15	8009.77	8119.69	7870050.00	13920398336
2015/09/25	8093.03	8132.24	7842.34	7890.61	8619010.00	14655254528
2015/09/28	7890.78	8032.24	7823.88	8029.67	5675850.00	10927822848
2015/09/29	7913.64	7988.22	7841.45	7877.72	8001087.00	13219123200
2015/09/30	7914.71	7949.66	7833.29	7899.27	5057432.00	9914824704
2015/10/08	8229.33	8343.51	8183.58	8271.58	10222139.00	19831674880
2015/10/09	8288.23	8375.76	8271.87	8353.28	11252271.00	21949024256
2015/10/12	8384.97	8736.04	8379.60	8615.91	16567736.00	33784223744
2015/10/13	8555.80	8655.75	8538.84	8634.13	10784544.00	21640998912
2015/10/14	8589.33	8672.94	8536.17	8549.34	11084778.00	22911369216
2015/10/15	8522.21	8786.30	8513.44	8786.30	13498149.00	27182929920
2015/10/16	8841.12	8906.27	8704.77	8843.69	14228815.00	29189902336
2015/10/19	8872.59	8888.12	8710.61	8811.36	12947777.00	27614451712
2015/10/20	8807.17	8951.87	8771.82	8951.87	11925185.00	24834052096
2015/10/21	8981.29	9140.18	8582.53	8638.26	18571600.00	39600275456
2015/10/22	8680.83	9058.37	8680.83	9057.06	16056090.00	33800394752
2015/10/23	9241.64	9415.20	9241.64	9379.74	20513244.00	44419923968
2015/10/26	9501.41	9501.41	9254.11	9368.51	23973380.00	45467512832
2015/10/27	9302.90	9476.75	9043.75	9419.53	19310116.00	38507421696
2015/10/28	9341.74	9441.85	9111.07	9148.46	15580740.00	32722917376
2015/10/29	9198.16	9257.48	9067.64	9205.44	11492564.00	24922918912
2015/10/30	9190.44	9251.63	9046.91	9131.93	12964929.00	28454088704
2015/11/02	8973.42	9182.23	8925.94	8945.35	11240259.00	24355629056
2015/11/03	8956.76	9004.46	8837.70	8875.34	9775259.00	20346986496
2015/11/04	8911.37	9326.94	8911.37	9326.94	16259626.00	35266256896
2015/11/05	9336.23	9432.65	9242.18	9289.37	20470212.00	45106024448
2015/11/06	9291.83	9450.01	9291.83	9440.42	16374073.00	36417212416
2015/11/09	9413.88	9594.79	9359.11	9545.10	18865268.00	42537947136
2015/11/10	9494.53	9623.47	9459.97	9515.79	19149412.00	41603956736
2015/11/11	9513.80	9674.44	9468.97	9673.27	19567892.00	42018078720
2015/11/12	9724.33	9762.40	9591.70	9700.98	19579566.00	44154044416
2015/11/13	9575.35	9600.92	9385.12	9449.08	17100596.00	35950505984
2015/11/16	9280.34	9586.57	9280.34	9586.01	13543060.00	26986934272
2015/11/17	9653.40	9693.52	9486.45	9508.24	18081244.00	38621564928
2015/11/18	9511.73	9529.00	9325.74	9345.98	12169913.00	25428021248
2015/11/19	9366.21	9530.74	9366.21	9530.74	10348673.00	22321541120
2015/11/20	9554.54	9596.74	9492.32	9571.95	15057868.00	29982298112
2015/11/23	9576.21	9676.38	9525.22	9558.52	14995879.00	32351451136
2015/11/24	9545.09	9597.37	9444.10	9597.37	11189630.00	24479100928
2015/11/25	9581.75	9793.83	9553.14	9778.59	15735898.00	34943418368
2015/11/26	9817.96	9823.63	9652.62	9675.92	15131949.00	32747753472
2015/11/27	9634.94	9634.94	9109.71	9171.44	15464249.00	31824445440
2015/11/30	9185.24	9247.61	8849.37	9179.91	12751837.00	25426192384
2015/12/01	9189.57	9338.92	9143.22	9290.61	11455947.00	22692708352
2015/12/02	9263.26	9337.14	9095.81	9334.92	10623732.00	21883568128
2015/12/03	9345.28	9482.42	9340.58	9481.13	9607089.00	20840089600
2015/12/04	9455.01	9528.58	9383.10	9427.01	10494727.00	21642385408
2015/12/07	9445.21	9602.95	9416.49	9602.85	10611604.00	24586801152
2015/12/08	9556.36	9556.36	9407.01	9415.87	10845605.00	23380189184
2015/12/09	9386.96	9418.00	9320.71	9364.66	9419561.00	19251230720
2015/12/10	9365.93	9462.85	9362.33	9393.17	9649644.00	19945965568
2015/12/11	9364.04	9364.04	9270.34	9285.47	9150826.00	18551128064
2015/12/14	9194.17	9401.94	9179.56	9401.63	9301077.00	19640721408
2015/12/15	9415.14	9500.64	9404.83	9456.72	10241224.00	23665002496
2015/12/16	9468.07	9509.11	9433.15	9453.72	9992466.00	21220513792
2015/12/17	9494.84	9633.80	9494.84	9633.56	13537888.00	29692911616
2015/12/18	9620.81	9712.53	9602.88	9684.61	12620079.00	30189850624
2015/12/21	9687.83	9960.34	9684.78	9953.75	15214301.00	38849679360
2015/12/22	9976.85	9990.92	9829.10	9929.13	12832828.00	31331987456
2015/12/23	9948.13	10088.15	9903.60	9926.92	15076505.00	36641828864
2015/12/24	9894.11	9933.25	9680.93	9825.83	10578514.00	24893132800
2015/12/25	9842.14	9900.21	9820.65	9882.46	9466464.00	21742284800
2015/12/28	9906.72	9935.69	9648.94	9653.47	13186211.00	29940660224
2015/12/29	9626.86	9726.39	9579.07	9726.39	8261824.00	19801726976
2015/12/30	9743.59	9784.53	9682.88	9767.08	9055031.00	20785225728
2015/12/31	9772.91	9819.88	9679.17	9689.83	8320986.00	21411889152
2016/01/04	9669.66	9670.33	8880.47	8886.59	8059949.00	18190200832
2016/01/05	8576.77	8981.04	8474.50	8762.16	12132694.00	25691592704
2016/01/06	8800.74	8918.01	8712.57	8914.62	8338394.00	18374985728
2016/01/07	8767.61	8767.61	8152.03	8178.95	2405487.00	4893739008
2016/01/08	8389.53	8470.45	7946.82	8321.61	10690279.00	21539033088
2016/01/11	8178.63	8280.06	7781.18	7781.18	10054296.00	18796836864
2016/01/12	7829.39	7961.70	7707.90	7886.87	8616583.00	16388354048
2016/01/13	7934.94	7993.02	7636.41	7636.65	7271101.00	13768527872
2016/01/14	7443.70	7922.55	7432.42	7916.88	8693363.00	15799244800
2016/01/15	7868.24	7924.77	7629.51	7687.96	8028485.00	15167160320
2016/01/18	7577.45	7873.60	7573.99	7796.68	7140903.00	14215992320
2016/01/19	7782.16	8068.50	7779.80	8058.60	8472294.00	16872241152
2016/01/20	8030.63	8112.37	7903.36	7950.58	8663059.00	17612392448
2016/01/21	7838.02	8085.99	7740.07	7740.47	9432349.00	18237442048
2016/01/22	7819.12	7863.29	7606.53	7791.93	7414557.00	14602127360
2016/01/25	7846.35	7922.56	7777.40	7858.46	5759764.00	12182616064
2016/01/26	7787.14	7798.83	7346.67	7368.09	9497449.00	16583198720
2016/01/27	7380.54	7417.91	7009.60	7318.93	10243573.00	17283631104
2016/01/28	7228.91	7328.08	7086.50	7111.41	7640542.00	12914720768
2016/01/29	7102.75	7387.22	7082.98	7340.96	7576307.00	13360475136
2016/02/01	7319.13	7395.22	7201.88	7280.06	6021879.00	10815164416
2016/02/02	7294.49	7516.90	7294.49	7496.41	6328601.00	11471152128
2016/02/03	7419.29	7538.37	7368.40	7510.52	5925671.00	10653385728
2016/02/04	7528.47	7656.64	7528.47	7637.10	6721851.00	12289530880
2016/02/05	7651.40	7670.73	7595.91	7614.14	5305899.00	10022980608
2016/02/15	7431.39	7716.15	7429.60	7685.10	6024463.00	10893267968
2016/02/16	7709.34	7938.53	7709.34	7922.48	8493253.00	15620546560
2016/02/17	7908.99	7944.55	7813.89	7944.55	8210742.00	15896893440
2016/02/18	7987.62	8004.37	7895.26	7903.53	8386944.00	15889841152
2016/02/19	7891.16	7951.89	7856.54	7919.97	6526652.00	12333472768
2016/02/22	8010.66	8048.61	7979.73	8034.77	8389292.00	15840260096
2016/02/23	8033.48	8042.47	7882.61	7993.06	7401621.00	14484231168
2016/02/24	7987.38	8052.73	7873.80	7998.48	7225385.00	13579006976
2016/02/25	7986.90	7987.16	7423.05	7449.86	10083726.00	18145613824
2016/02/26	7501.92	7546.91	7369.53	7491.14	7283022.00	12875134976
2016/02/29	7467.39	7467.41	7066.76	7169.18	8542506.00	14823946240
2016/03/01	7173.90	7323.82	7078.05	7284.64	7154299.00	11955630080
2016/03/02	7283.51	7584.24	7282.96	7577.50	9352273.00	16181617664
2016/03/03	7556.44	7675.50	7546.10	7609.66	10286130.00	17520803840
2016/03/04	7571.65	7606.13	7357.63	7473.96	9916441.00	17271394304
2016/03/07	7519.14	7647.43	7498.86	7556.67	7244419.00	12624997376
2016/03/08	7540.82	7616.18	7315.14	7615.76	8130101.00	13465123840
2016/03/09	7484.04	7606.16	7424.48	7557.62	7149969.00	12057163776
2016/03/10	7538.66	7587.90	7440.79	7444.52	5781507.00	9953824768
2016/03/11	7380.59	7452.44	7334.21	7424.95	4587610.00	7817023488
2016/03/14	7496.32	7695.35	7496.32	7600.55	8320157.00	14499670016
2016/03/15	7581.69	7621.29	7535.25	7614.69	6454931.00	11342737408
2016/03/16	7644.21	7670.63	7555.19	7575.54	6484940.00	11801454592
2016/03/17	7588.50	7788.08	7575.59	7758.54	8827362.00	15715146752
2016/03/18	7785.54	7987.17	7783.25	7935.04	13534903.00	23893510144
2016/03/21	8003.11	8070.33	7987.68	8069.47	13165476.00	24887224320
2016/03/22	8025.23	8092.49	7985.20	8043.32	10343314.00	19729770496
2016/03/23	8027.35	8070.97	7953.64	8029.62	8448303.00	15830255616
2016/03/24	7979.59	8017.14	7908.88	7919.01	8920973.00	16719963136
2016/03/25	7915.61	7988.31	7903.37	7977.92	7578702.00	14512332800
2016/03/28	8013.79	8128.83	7952.36	7971.91	9812482.00	18945732608
2016/03/29	7947.74	7968.75	7766.94	7806.29	7602337.00	14026106880
2016/03/30	7870.72	8072.73	7870.72	8072.73	8981616.00	17787322368
2016/03/31	8092.80	8124.37	8036.42	8063.58	9052853.00	18641571840
2016/04/01	8040.14	8054.82	7881.74	8009.63	7287865.00	14240253952
2016/04/05	8003.50	8190.24	7998.12	8185.60	9707320.00	18946416640
2016/04/06	8157.17	8238.06	8147.65	8237.01	10615693.00	19136243712
2016/04/07	8281.54	8294.21	8115.47	8115.58	10267511.00	19947395072
2016/04/08	8058.49	8074.77	7965.38	8050.53	8443978.00	15951630336
2016/04/11	8111.61	8283.88	8111.61	8256.02	11676725.00	23659384832
2016/04/12	8254.53	8284.96	8127.06	8190.21	9819860.00	20977842176
2016/04/13	8225.21	8345.01	8219.54	8262.02	11708269.00	24146106368
2016/04/14	8291.94	8315.10	8225.21	8306.71	8154804.00	16915637248
2016/04/15	8303.62	8314.22	8246.19	8279.90	7028109.00	14729304064
2016/04/18	8239.35	8239.35	8113.35	8143.92	7253557.00	14935037952
2016/04/19	8176.03	8197.74	8096.48	8142.43	5769992.00	11506880512
2016/04/20	8148.99	8164.86	7693.76	7837.73	11257505.00	22619889664
2016/04/21	7809.35	7876.96	7758.12	7762.51	6314904.00	12448702464
2016/04/22	7741.42	7840.56	7730.57	7840.56	5076912.00	10282473472
2016/04/25	7828.02	7828.02	7716.51	7804.33	5142410.00	10826991616
2016/04/26	7791.50	7893.83	7791.50	7893.83	4976298.00	10183827456
2016/04/27	7906.06	7938.84	7861.94	7868.66	5028312.00	10261701632
2016/04/28	7875.30	7890.34	7746.02	7853.39	6101791.00	11601035264
2016/04/29	7821.19	7875.39	7806.60	7845.52	4272848.00	8743621632
2016/05/03	7827.65	8066.74	7799.00	8066.74	7675771.00	15831782400
2016/05/04	8040.28	8119.64	8034.85	8060.06	6620908.00	13382510592
2016/05/05	8042.73	8077.32	7999.33	8066.17	5207796.00	10858284032
2016/05/06	8069.92	8088.91	7810.46	7810.83	7860839.00	15531299840
2016/05/09	7756.41	7756.41	7572.19	7604.92	6370351.00	11843826688
2016/05/10	7593.07	7640.51	7578.18	7605.58	4194187.00	8016965120
2016/05/11	7640.16	7854.34	7625.42	7725.94	7078838.00	14744018944
2016/05/12	7633.77	7712.60	7547.89	7706.85	5361596.00	10545774592
2016/05/13	7681.57	7760.17	7630.05	7672.60	4341533.00	8812533760
2016/05/16	7648.14	7766.98	7610.78	7766.59	5360602.00	10478176256
2016/05/17	7770.44	7859.23	7705.12	7789.79	6250563.00	11952766976
2016/05/18	7736.81	7736.81	7557.53	7633.42	6332263.00	11534172160
2016/05/19	7621.19	7730.82	7621.19	7626.06	5154532.00	9766762496
2016/05/20	7581.72	7683.94	7561.27	7683.84	4421747.00	8419766272
2016/05/23	7694.82	7734.56	7682.41	7725.11	5199530.00	10084024320
2016/05/24	7717.81	7717.81	7624.76	7664.17	4485344.00	8416609280
2016/05/25	7699.93	7726.59	7604.86	7617.53	4261681.00	8088791040
2016/05/26	7611.47	7648.76	7498.26	7644.80	4918813.00	8979129344
2016/05/27	7625.68	7655.90	7587.51	7626.08	3941806.00	7526790144
2016/05/30	7593.50	7639.32	7527.73	7587.30	3741624.00	7129767936
2016/05/31	7591.43	7841.66	7591.43	7841.66	8781955.00	16078085120
2016/06/01	7853.74	7904.49	7834.00	7848.55	7614637.00	14427265024
2016/06/02	7840.18	7871.60	7809.23	7870.14	6432279.00	11674223616
2016/06/03	7872.13	8000.64	7854.18	7968.65	9014036.00	17359067136
2016/06/06	7983.44	7997.33	7924.49	7958.19	7186535.00	13414184960
2016/06/07	7969.79	7980.93	7926.56	7958.21	5949895.00	11634358272
2016/06/08	7951.66	7951.66	7872.31	7911.09	5758987.00	10844922880
2016/06/13	7834.01	7872.76	7647.49	7648.27	7673639.00	13520079872
2016/06/14	7620.64	7683.97	7602.61	7674.22	5225059.00	9081161728
2016/06/15	7603.55	7837.04	7590.82	7818.75	6947599.00	12279169024
2016/06/16	7805.16	7822.97	7731.79	7749.77	6358556.00	10789128192
2016/06/17	7763.61	7904.43	7763.61	7865.25	7693472.00	14446063616
2016/06/20	7854.54	7895.08	7790.50	7881.59	5871440.00	11382840320
2016/06/21	7914.18	7965.44	7791.73	7810.92	6738710.00	12321539072
2016/06/22	7789.36	7917.92	7784.49	7917.92	5140312.00	9886416896
2016/06/23	7903.34	7910.16	7836.91	7876.78	5216337.00	9698246656
2016/06/24	7854.94	7922.35	7659.29	7799.91	9107574.00	15539101696
2016/06/27	7756.85	7947.56	7755.95	7947.01	7552021.00	13609220096
2016/06/28	7919.74	8126.62	7915.39	8119.52	11796072.00	21848631296
2016/06/29	8145.44	8160.95	8083.75	8096.19	8574208.00	15679705088
2016/06/30	8112.81	8162.59	8098.27	8122.31	6956758.00	13082472448
2016/07/01	8138.82	8176.67	8084.84	8097.08	6146834.00	12497067008
2016/07/04	8065.77	8219.02	8061.93	8211.91	7586382.00	15447611392
2016/07/05	8225.92	8235.84	8182.28	8218.49	8053634.00	15774089216
2016/07/06	8199.03	8331.69	8168.24	8331.50	8075985.00	17351792640
2016/07/07	8339.52	8517.63	8338.42	8453.30	11968649.00	25291810816
2016/07/08	8433.72	8457.61	8384.55	8406.33	8462950.00	17138902016
2016/07/11	8415.22	8536.61	8396.63	8451.66	9547409.00	20366114816
2016/07/12	8457.28	8667.57	8457.22	8666.84	12313789.00	26103492608
2016/07/13	8689.91	8740.24	8621.49	8651.68	10048793.00	20646809600
2016/07/14	8635.52	8642.23	8572.42	8633.44	6832236.00	14234692608
2016/07/15	8633.43	8665.92	8580.29	8639.65	6443619.00	13567912960
2016/07/18	8633.48	8645.53	8556.98	8594.84	6720320.00	14759016448
2016/07/19	8594.57	8600.83	8502.26	8570.05	6466331.00	13410591744
2016/07/20	8569.41	8620.26	8556.90	8557.94	5931255.00	12442242048
2016/07/21	8559.63	8632.03	8550.79	8576.77	7018444.00	14444649472
2016/07/22	8577.57	8582.00	8478.35	8482.34	6472620.00	13917687808
2016/07/25	8472.81	8554.17	8469.27	8519.29	5397421.00	11441400832
2016/07/26	8522.20	8638.88	8521.42	8637.40	5874546.00	12007732224
2016/07/27	8653.37	8698.34	8316.77	8464.01	11615341.00	23667017728
2016/07/28	8440.78	8561.94	8409.73	8535.21	7286175.00	15972692992
2016/07/29	8532.30	8608.18	8532.09	8569.65	7894598.00	16817807360
2016/08/01	8552.32	8552.32	8359.91	8429.26	7047458.00	14663985152
2016/08/02	8401.00	8459.13	8369.23	8456.80	4953645.00	10049143808
2016/08/03	8437.92	8492.82	8417.44	8465.27	5125811.00	10624827392
2016/08/04	8462.73	8481.93	8413.20	8462.42	4779935.00	9686463488
2016/08/05	8459.26	8492.44	8433.34	8434.74	5332170.00	10952047616
2016/08/08	8418.06	8511.32	8363.26	8511.30	4752881.00	10139856896
2016/08/09	8515.63	8590.82	8510.37	8590.80	5624189.00	11888577536
2016/08/10	8583.58	8616.57	8552.42	8558.67	5447959.00	12063737856
2016/08/11	8545.47	8577.58	8463.66	8464.44	4783499.00	10685327360
2016/08/12	8453.77	8536.39	8447.64	8535.63	4503673.00	10017266688
2016/08/15	8542.45	8688.27	8503.95	8683.34	7665557.00	16585562112
2016/08/16	8684.17	8724.91	8647.53	8694.50	8077857.00	18272280576
2016/08/17	8687.99	8716.94	8662.21	8698.42	6136541.00	13419194368
2016/08/18	8686.90	8699.88	8629.17	8654.07	6079111.00	13160722432
2016/08/19	8648.91	8688.91	8619.53	8669.88	5484493.00	10819581952
2016/08/22	8689.29	8718.09	8644.95	8646.42	6749600.00	14112840704
2016/08/23	8637.51	8716.24	8637.51	8688.08	5853143.00	13032382464
2016/08/24	8695.42	8730.96	8673.26	8691.82	5326711.00	11690706944
2016/08/25	8654.43	8702.91	8586.21	8691.00	6818156.00	14248311808
2016/08/26	8695.54	8806.01	8694.39	8721.33	7771682.00	15930969088
2016/08/29	8728.69	8801.55	8728.13	8772.89	6848794.00	14788476928
2016/08/30	8775.26	8808.02	8725.87	8740.93	5660150.00	11807680512
2016/08/31	8739.33	8759.87	8691.92	8749.73	5239969.00	11154064384
2016/09/01	8752.91	8767.60	8692.43	8693.82	5575862.00	11239733248
2016/09/02	8681.33	8718.30	8631.64	8675.72	6224716.00	13725316096
2016/09/05	8686.93	8709.29	8664.09	8673.37	5040353.00	11155104768
2016/09/06	8680.64	8750.52	8608.46	8745.61	6235575.00	13311598592
2016/09/07	8751.01	8780.63	8731.43	8760.43	7831261.00	15888945152
2016/09/08	8749.59	8773.30	8740.08	8773.30	6741463.00	13028454400
2016/09/09	8776.67	8802.82	8707.58	8708.62	6401232.00	12553854976
2016/09/12	8580.48	8614.32	8510.35	8536.82	7223621.00	14708646912
2016/09/13	8565.67	8584.38	8509.03	8553.77	4764062.00	9391937536
2016/09/14	8529.25	8569.71	8505.05	8529.07	5064529.00	9201474560
2016/09/19	8536.63	8608.94	8536.63	8608.34	4401382.00	8509721600
2016/09/20	8608.67	8624.94	8600.49	8615.13	3755745.00	7620666880
2016/09/21	8618.15	8652.16	8610.72	8632.77	3970979.00	7722132480
2016/09/22	8677.25	8697.28	8662.67	8676.67	4777045.00	9592364032
2016/09/23	8685.72	8691.97	8661.70	8677.41	4072712.00	8499718144
2016/09/26	8664.92	8667.03	8524.61	8524.61	5226595.00	10266411008
2016/09/27	8510.41	8581.15	8486.41	8580.82	3868448.00	7476278784
2016/09/28	8608.35	8608.89	8555.58	8580.89	3155786.00	6464408064
2016/09/29	8583.09	8642.14	8582.92	8616.30	3531435.00	7553096704
2016/09/30	8614.12	8678.65	8609.54	8662.45	3525337.00	7381889024
2016/10/10	8706.41	8863.61	8706.41	8863.00	6289179.00	13351737344
2016/10/11	8873.38	8899.27	8855.28	8899.08	5257845.00	10986251264
2016/10/12	8874.32	8915.95	8860.51	8906.13	5932052.00	11203975168
2016/10/13	8904.78	8921.24	8864.56	8884.08	5373028.00	10388117504
2016/10/14	8867.15	8879.03	8827.11	8874.84	4836249.00	9445783552
2016/10/17	8875.96	8922.81	8817.44	8837.02	5699250.00	11629815808
2016/10/18	8827.37	8924.73	8827.37	8923.97	5443301.00	10978479104
2016/10/19	8927.64	8940.81	8874.79	8894.10	5309379.00	10390705152
2016/10/20	8898.74	8903.46	8830.23	8838.17	4522033.00	9441343488
2016/10/21	8833.55	8840.72	8743.34	8782.97	4704047.00	9583145984
2016/10/24	8783.20	8852.29	8776.80	8833.94	5032953.00	10277474304
2016/10/25	8834.54	8840.40	8798.89	8815.43	4644417.00	9998331904
2016/10/26	8828.81	8850.38	8795.75	8816.15	6018632.00	11973207040
2016/10/27	8805.44	8806.05	8751.91	8788.68	4675697.00	8850688000
2016/10/28	8777.55	8814.54	8733.91	8737.49	5489410.00	9917045760
2016/10/31	8718.63	8734.65	8683.60	8719.78	5118777.00	10040269824
2016/11/01	8729.48	8797.11	8723.98	8792.27	5069416.00	10214205440
2016/11/02	8777.60	8799.50	8742.99	8757.45	5768269.00	10792138752
2016/11/03	8736.88	8804.72	8726.50	8776.71	5483371.00	10238489600
2016/11/04	8772.37	8809.63	8730.26	8754.24	5374690.00	10231453696
2016/11/07	8752.79	8763.13	8701.21	8719.34	5333130.00	9826592768
2016/11/08	8736.31	8779.26	8733.88	8778.98	4831954.00	9366332416
2016/11/09	8778.54	8783.05	8631.22	8718.25	5705188.00	10604546048
2016/11/10	8767.06	8799.49	8762.44	8796.05	5626223.00	10496439296
2016/11/11	8787.71	8800.12	8751.04	8783.30	6406662.00	11745259520
2016/11/14	8778.28	8820.57	8737.21	8792.69	7743122.00	14284547072
2016/11/15	8782.90	8816.74	8765.88	8816.74	5520009.00	10397272064
2016/11/16	8825.00	8848.64	8817.82	8820.95	5815112.00	11209274368
2016/11/17	8818.54	8828.97	8773.01	8828.42	4827379.00	10445161472
2016/11/18	8819.95	8839.05	8787.12	8794.67	4678119.00	10595317760
2016/11/21	8790.74	8824.25	8783.79	8800.04	5035626.00	10845881344
2016/11/22	8809.81	8831.23	8801.80	8830.17	5432828.00	11999016960
2016/11/23	8830.62	8837.04	8772.74	8786.19	5318363.00	11360540672
2016/11/24	8779.74	8825.30	8767.12	8798.05	5388977.00	11933782016
2016/11/25	8792.86	8832.29	8718.26	8831.34	5216206.00	11335915520
2016/11/28	8848.83	8853.48	8803.05	8810.73	5367164.00	12036874240
2016/11/29	8801.58	8869.19	8793.52	8807.38	5423709.00	13021014016
2016/11/30	8798.58	8824.10	8782.64	8802.18	5003226.00	10539197440
2016/12/01	8799.70	8822.54	8791.11	8819.53	5490796.00	11319556096
2016/12/02	8812.58	8821.98	8717.58	8728.69	5523106.00	11839259648
2016/12/05	8657.36	8721.70	8647.53	8694.24	4249076.00	9412776960
2016/12/06	8696.61	8733.66	8693.96	8714.69	3897098.00	7901521920
2016/12/07	8717.27	8776.60	8708.32	8775.87	4351927.00	8704002048
2016/12/08	8786.84	8788.29	8725.05	8730.87	4614216.00	9209563136
2016/12/09	8726.65	8744.62	8682.71	8692.44	4628870.00	9713970176
2016/12/12	8680.74	8685.50	8390.87	8412.47	7291577.00	14163175424
2016/12/13	8392.44	8429.52	8332.80	8410.89	4362025.00	8521711104
2016/12/14	8405.32	8411.43	8332.39	8342.83	3485099.00	6814631424
2016/12/15	8322.53	8394.24	8309.38	8324.82	3529041.00	6976331776
2016/12/16	8329.96	8412.49	8327.95	8412.31	3422625.00	6639385088
