'H30537'	淘金100	日线
日期	开盘	最高	最低	收盘	成交量	成交额
2015/01/21	4948.45	5070.30	4943.47	5068.75	57802096.00	89903767552
2015/01/22	5073.37	5132.41	5064.61	5120.72	46914552.00	76289900544
2015/01/23	5129.57	5136.62	5047.59	5068.46	42955248.00	71348051968
2015/01/26	5080.17	5154.51	5079.43	5154.51	37042900.00	58141896704
2015/01/27	5164.07	5192.31	5087.95	5173.09	54301556.00	78695555072
2015/01/28	5152.13	5191.85	5117.25	5129.44	38797672.00	56701923328
2015/01/29	5077.88	5100.90	5043.21	5061.43	33970288.00	51226456064
2015/01/30	5066.01	5094.64	5002.52	5018.83	38212440.00	52988047360
2015/02/02	4961.78	5036.60	4934.24	4997.68	31030336.00	45468045312
2015/02/03	5018.90	5090.20	5015.67	5088.63	31655300.00	50564882432
2015/02/04	5100.41	5124.27	5060.46	5064.77	33000180.00	47940562944
2015/02/05	5120.86	5132.86	5045.48	5047.36	36687916.00	57716342784
2015/02/06	5034.52	5044.18	4925.57	4948.75	31665784.00	45303234560
2015/02/09	4949.13	4970.72	4923.19	4932.30	12835820.00	29813626880
2015/02/10	4942.06	5023.66	4942.03	5023.66	12943908.00	25783580672
2015/02/11	5043.16	5109.33	5042.84	5104.97	19895894.00	30713589760
2015/02/12	5122.34	5160.66	5116.92	5156.63	21321678.00	29354487808
2015/02/13	5192.69	5257.80	5192.69	5235.89	20607656.00	34675605504
2015/02/16	5256.38	5335.41	5249.07	5333.56	21082328.00	35163246592
2015/02/17	5348.41	5363.06	5328.89	5345.89	17982986.00	33237467136
2015/02/25	5354.66	5366.34	5305.57	5322.41	17470584.00	32496306176
2015/02/26	5316.27	5389.88	5312.71	5389.64	18028384.00	33967142912
2015/02/27	5387.64	5459.71	5385.10	5451.22	20339752.00	33013571584
2015/03/02	5486.51	5559.91	5471.22	5559.47	27530516.00	49422327808
2015/03/03	5538.93	5583.66	5511.61	5518.95	29381864.00	54059081728
2015/03/04	5535.26	5621.22	5523.76	5621.19	27284694.00	46987636736
2015/03/05	5616.87	5634.12	5581.64	5634.12	25778790.00	48538357760
2015/03/06	5641.02	5653.03	5568.47	5588.58	23404120.00	38364893184
2015/03/09	5590.67	5694.48	5550.51	5694.48	17691388.00	38701101056
2015/03/10	5713.41	5769.57	5707.32	5754.06	24513648.00	44942790656
2015/03/11	5775.93	5812.36	5774.20	5796.97	21788992.00	44710662144
2015/03/12	5820.90	5842.29	5798.18	5829.49	25656056.00	57735933952
2015/03/13	5836.52	5896.26	5836.52	5896.26	21090008.00	46375854080
2015/03/16	5935.18	6078.84	5935.16	6078.84	27471640.00	63026597888
2015/03/17	6116.14	6169.72	6078.67	6149.44	35207608.00	74966884352
2015/03/18	6151.04	6263.44	6138.59	6263.44	39095672.00	78763016192
2015/03/19	6264.17	6297.29	6220.47	6291.67	39589116.00	79240552448
2015/03/20	6303.38	6360.61	6297.65	6350.68	36990728.00	88679309312
2015/03/23	6389.59	6500.03	6389.59	6490.71	36985832.00	80445030400
2015/03/24	6502.78	6545.37	6322.02	6539.22	39835104.00	86898065408
2015/03/25	6521.51	6654.67	6492.98	6610.66	35706880.00	78093770752
2015/03/26	6583.68	6671.87	6530.25	6608.39	38603820.00	87352123392
2015/03/27	6624.95	6682.21	6589.40	6667.20	32458304.00	68464709632
2015/03/30	6688.02	6779.78	6688.02	6765.90	36128056.00	80606642176
2015/03/31	6812.80	6823.85	6715.04	6727.18	38641288.00	88409096192
2015/04/01	6727.71	6854.62	6722.60	6844.86	28302032.00	65690910720
2015/04/02	6872.38	6930.42	6831.54	6930.10	29135658.00	65603117056
2015/04/03	6898.39	7023.80	6872.49	7023.80	28663180.00	63356960768
2015/04/07	7070.70	7190.18	7070.06	7189.73	36863580.00	87344185344
2015/04/08	7237.39	7262.94	7055.53	7178.15	40895292.00	100614627328
2015/04/09	7175.04	7175.87	6864.78	7133.80	27547648.00	75610456064
2015/04/10	7098.20	7356.83	7073.53	7343.62	21217768.00	64815710208
2015/04/13	7383.93	7543.58	7373.23	7524.88	22815000.00	67065696256
2015/04/14	7531.26	7580.90	7433.39	7494.68	21554744.00	60284465152
2015/04/15	7447.68	7447.85	7175.22	7187.94	19910548.00	54964707328
2015/04/16	7096.70	7372.13	7008.33	7301.95	20171548.00	63906693120
2015/04/17	7340.65	7381.81	7286.78	7321.75	23733652.00	68380078080
2015/04/20	7285.62	7330.45	7100.71	7122.08	25152928.00	70559981568
2015/04/21	7113.90	7415.85	7110.92	7415.85	19615016.00	56517156864
2015/04/22	7465.96	7627.68	7465.67	7627.68	24393700.00	68043653120
2015/04/23	7653.48	7766.18	7586.83	7715.23	25120314.00	68124774400
2015/04/24	7610.02	7730.04	7548.28	7714.40	23656472.00	67548532736
2015/04/27	7776.43	7875.40	7710.11	7791.87	26207328.00	67800236032
2015/04/28	7773.37	7792.07	7496.08	7555.49	26698570.00	73656500224
2015/04/29	7525.50	7728.75	7496.60	7727.75	20738172.00	58462953472
2015/04/30	7761.58	7837.13	7751.27	7751.70	25367304.00	71527776256
2015/05/04	7760.52	7778.70	7646.71	7769.57	20185576.00	58128519168
2015/05/05	7746.59	7767.13	7457.18	7493.50	19803196.00	58078461952
2015/05/06	7514.90	7639.90	7320.43	7373.99	24161152.00	87036223488
2015/05/07	7319.80	7347.73	7226.35	7265.67	17095996.00	51648540672
2015/05/08	7346.24	7576.67	7346.02	7576.67	17827202.00	52104970240
2015/05/11	7691.68	7977.22	7660.74	7977.22	32723312.00	81662337024
2015/05/12	8064.80	8200.34	8021.79	8199.86	33583540.00	81617076224
2015/05/13	8194.67	8356.40	8102.51	8286.45	31271826.00	75860705280
2015/05/14	8342.39	8405.55	8267.18	8365.48	27716872.00	68450930688
2015/05/15	8386.79	8436.95	8238.70	8361.24	26475148.00	63427379200
2015/05/18	8388.26	8608.00	8360.96	8607.64	24981570.00	59081695232
2015/05/19	8685.83	8959.26	8683.57	8959.26	29480656.00	68800282624
2015/05/20	9061.79	9341.20	9060.39	9167.33	34688320.00	74843103232
2015/05/21	9240.58	9576.47	9240.24	9576.47	32014772.00	68251844608
2015/05/22	9746.45	9801.18	9518.61	9749.37	41245552.00	95751790592
2015/05/25	9661.84	10024.14	9579.59	10003.28	45805464.00	100682874880
2015/05/26	10066.90	10300.09	10004.73	10297.44	43744508.00	101075533824
2015/05/27	10336.70	10508.64	10116.26	10487.64	41138472.00	92448563200
2015/05/28	10486.05	10658.37	9838.79	9849.96	51294320.00	108468862976
2015/05/29	9814.17	10095.80	9342.61	9902.02	38064560.00	82027061248
2015/06/01	9962.99	10481.43	9957.60	10481.43	35973240.00	82394079232
2015/06/02	10582.43	10926.28	10513.80	10924.84	40877672.00	91688157184
2015/06/03	10966.39	11086.45	10680.35	11039.91	40869532.00	95139536896
2015/06/04	11042.29	11071.49	10272.19	11023.02	40179932.00	98031468544
2015/06/05	11168.90	11282.99	10913.21	11162.46	45649108.00	101421031424
2015/06/08	11152.01	11191.74	10934.61	11084.76	34015560.00	88942288896
2015/06/09	11078.00	11149.22	10903.93	11011.47	30273616.00	69521670144
2015/06/10	10968.01	11410.62	10858.58	11296.00	26747316.00	62005219328
2015/06/11	11305.57	11549.27	11283.25	11548.47	26826362.00	70384959488
2015/06/12	11659.98	11864.12	11644.40	11808.02	27656680.00	68818059264
2015/06/15	11851.18	11942.94	11654.99	11694.23	29300080.00	75824742400
2015/06/16	11565.27	11587.75	11213.90	11335.68	28102748.00	71129497600
2015/06/17	11331.94	11608.77	10937.20	11596.57	24265090.00	62552436736
2015/06/18	11619.80	11798.16	11317.94	11332.76	25576996.00	65703976960
2015/06/19	11051.33	11196.67	10537.80	10583.55	25088308.00	60836392960
2015/06/23	10523.86	10741.03	9887.37	10740.84	26592576.00	63310499840
2015/06/24	10852.16	11060.32	10681.11	11047.83	31524892.00	70338658304
2015/06/25	11087.90	11117.71	10462.96	10608.93	28540794.00	63594348544
2015/06/26	10201.17	10241.94	9629.50	9651.78	26280748.00	62918893568
2015/06/29	9853.00	9881.17	8799.26	9084.44	34720952.00	76332605440
2015/06/30	8847.21	9575.66	8397.37	9567.33	35867232.00	80981229568
2015/07/01	9480.84	9766.67	8927.10	8958.91	29654810.00	67477647360
2015/07/02	8885.33	8934.87	8245.72	8292.08	25408192.00	54351421440
2015/07/03	7898.65	8388.40	7612.14	7742.39	26050884.00	53321510912
2015/07/06	8334.63	8337.26	7211.29	7464.81	36447372.00	79004442624
2015/07/07	7149.57	7208.48	6930.78	6970.80	31815424.00	97359667200
2015/07/08	6495.50	6670.40	6486.73	6621.07	61197792.00	100175233024
2015/07/09	6460.74	7063.22	6460.74	7055.40	52612892.00	97962655744
2015/07/10	7274.05	7549.87	7254.37	7532.87	52361900.00	103697260544
2015/07/13	7863.32	8080.53	7774.41	8049.65	63282008.00	111143936000
2015/07/14	8191.95	8444.57	8048.74	8137.61	60341004.00	101873680384
2015/07/15	8097.92	8111.67	7594.13	7628.78	46044260.00	78028824576
2015/07/16	7465.93	8010.18	7265.37	7839.35	38487972.00	61425913856
2015/07/17	7909.58	8381.49	7895.89	8315.31	42393596.00	70803087360
2015/07/20	8380.29	8622.85	8265.54	8512.02	45110760.00	78379483136
2015/07/21	8422.71	8733.74	8310.82	8657.17	43374408.00	70194954240
2015/07/22	8657.03	8795.40	8485.20	8750.94	43826500.00	71855357952
2015/07/23	8760.88	9043.98	8717.90	9008.46	47592484.00	82250399744
2015/07/24	9020.45	9163.60	8767.33	8861.47	50785128.00	84675674112
2015/07/27	8662.83	8930.56	8133.41	8136.58	48594944.00	75244380160
2015/07/28	7706.77	8241.70	7496.35	7912.03	50905368.00	75879088128
2015/07/29	8045.47	8339.52	7755.37	8337.39	38316476.00	61091938304
2015/07/30	8309.63	8522.05	8079.50	8124.42	37767080.00	62677790720
2015/07/31	7971.58	8185.22	7849.40	7970.23	29647620.00	49109667840
2015/08/03	7836.13	7920.09	7551.25	7686.28	31369948.00	48441839616
2015/08/04	7684.55	8149.14	7655.53	8149.14	34738848.00	49723322368
2015/08/05	8136.78	8309.67	7977.65	8076.28	33022154.00	48675819520
2015/08/06	7886.44	8166.12	7849.27	8063.73	22841900.00	34599997440
2015/08/07	8149.85	8342.51	8113.97	8339.37	29665752.00	46790823936
2015/08/10	8464.83	8860.68	8445.39	8813.25	41814128.00	63011639296
2015/08/11	8822.70	9031.97	8775.35	8905.23	44636120.00	66233241600
2015/08/12	8801.79	8957.74	8754.21	8759.01	36102336.00	53281169408
2015/08/13	8701.50	8964.86	8617.95	8963.58	30577428.00	45696741376
2015/08/14	9042.58	9160.10	8967.25	9049.05	31832204.00	49371336704
2015/08/17	9024.09	9239.39	8923.46	9239.29	35503404.00	54444343296
2015/08/18	9238.88	9276.21	8504.38	8538.15	39840192.00	61985443840
2015/08/19	8221.82	8816.47	8010.93	8766.15	31558192.00	48080388096
2015/08/20	8640.56	8814.35	8437.40	8440.09	24796176.00	39579312128
2015/08/21	8259.54	8361.35	7885.56	7916.96	30043828.00	43201781760
2015/08/24	7517.43	7549.48	7204.13	7204.60	30132628.00	40324829184
2015/08/25	6623.69	6853.11	6585.37	6614.77	34181736.00	42471612416
2015/08/26	6627.25	6879.59	6294.14	6397.54	39006812.00	48379371520
2015/08/27	6535.63	6703.11	6311.40	6702.96	33139240.00	43642089472
2015/08/28	6820.50	7155.97	6789.18	7152.77	36758192.00	49241604096
2015/08/31	7109.34	7109.34	6857.03	6892.02	31712080.00	42404102144
2015/09/01	6793.75	6793.75	6465.10	6521.13	34781548.00	44739174400
2015/09/02	6210.68	6666.97	6173.69	6355.77	35566556.00	46250631168
2015/09/07	6422.88	6628.25	6331.35	6383.53	23870780.00	30495215616
2015/09/08	6348.32	6690.87	6274.66	6682.12	18093020.00	24547678208
2015/09/09	6723.39	6955.87	6688.58	6908.61	27498024.00	38173786112
2015/09/10	6783.67	6949.59	6748.61	6793.83	18798604.00	27162492928
2015/09/11	6793.65	6908.23	6750.21	6881.33	16207005.00	23348355072
2015/09/14	6941.92	6971.86	6317.31	6374.56	26354588.00	35202957312
2015/09/15	6184.50	6344.33	5999.05	6018.99	20069080.00	24782884864
2015/09/16	6051.39	6523.16	6034.76	6491.97	22604404.00	28425367552
2015/09/17	6481.05	6707.91	6381.24	6381.45	25652920.00	33686140928
2015/09/18	6444.12	6523.25	6359.30	6484.89	17481092.00	24667412480
2015/09/21	6401.12	6759.92	6379.11	6758.94	19119744.00	28116979712
2015/09/22	6780.83	6915.66	6709.66	6838.43	23132620.00	33927938048
2015/09/23	6694.44	6823.28	6648.37	6715.36	18080488.00	25406121984
2015/09/24	6744.03	6841.00	6706.48	6797.97	15746444.00	20473135104
2015/09/25	6769.24	6817.57	6492.96	6543.37	16534864.00	21377886208
2015/09/28	6538.99	6678.99	6454.90	6678.99	10797204.00	14316021760
2015/09/29	6554.24	6646.71	6513.92	6554.17	12435927.00	17224011776
2015/09/30	6593.96	6652.93	6521.90	6611.39	12125103.00	18414540800
2015/10/08	6853.73	6950.89	6804.63	6881.38	19269698.00	30544584704
2015/10/09	6869.17	7040.69	6847.80	7014.97	18563990.00	27589165056
2015/10/12	7069.97	7386.88	7064.92	7334.67	29342350.00	44628185088
2015/10/13	7281.34	7428.68	7249.89	7415.11	22844330.00	34578939904
2015/10/14	7379.92	7453.53	7320.43	7336.72	21631304.00	32826241024
2015/10/15	7313.21	7584.22	7311.90	7584.22	22129180.00	35818921984
2015/10/16	7649.02	7702.38	7509.62	7696.23	26674220.00	42975035392
2015/10/19	7713.15	7756.08	7569.70	7678.49	25103766.00	41375502336
2015/10/20	7656.62	7845.36	7644.66	7845.36	21538040.00	35757158400
2015/10/21	7845.99	7848.25	7260.91	7295.05	30883056.00	48507944960
2015/10/22	7300.01	7598.78	7289.00	7598.50	24567726.00	39807172608
2015/10/23	7641.28	7840.10	7616.18	7813.84	26365126.00	43058003968
2015/10/26	7919.13	7966.26	7792.57	7898.12	27376534.00	47836807168
2015/10/27	7840.33	7990.01	7557.53	7953.55	24354838.00	43520090112
2015/10/28	7896.14	7997.46	7735.67	7775.56	23595676.00	39904243712
2015/10/29	7817.20	7927.75	7725.70	7843.86	16956308.00	29794865152
2015/10/30	7832.99	7936.54	7706.16	7841.22	19017392.00	32349515776
2015/11/02	7947.10	8103.61	7867.68	7877.27	17465852.00	29746491392
2015/11/03	7907.46	7969.82	7816.28	7894.58	15181203.00	26826901504
2015/11/04	7941.53	8321.46	7941.39	8321.11	27079356.00	49129213952
2015/11/05	8347.74	8469.88	8299.61	8371.57	43034084.00	75443134464
2015/11/06	8376.13	8590.69	8375.81	8580.11	32136680.00	56135278592
2015/11/09	8538.52	8780.48	8477.26	8737.28	29692682.00	54920003584
2015/11/10	8697.10	8870.61	8663.87	8823.44	23700622.00	43514503168
2015/11/11	8848.50	8996.57	8838.88	8984.83	20148384.00	37557878784
2015/11/12	9040.57	9052.03	8865.71	8952.81	21852652.00	43306659840
2015/11/13	8852.44	8917.63	8670.72	8792.45	20323892.00	36799078400
2015/11/16	8623.61	9044.88	8616.47	9044.88	18107624.00	32868712448
2015/11/17	9153.20	9236.30	8983.29	9023.02	23885310.00	46969004032
2015/11/18	9012.17	9062.99	8808.48	8827.42	15946505.00	30900926464
2015/11/19	8858.81	9079.16	8858.81	9079.16	13430625.00	26831845376
2015/11/20	9135.24	9271.79	9112.11	9263.59	17546776.00	33666912256
2015/11/23	9279.48	9364.95	9164.60	9205.54	19120440.00	37306421248
2015/11/24	9177.59	9322.19	9095.37	9322.19	15492294.00	30744692736
2015/11/25	9327.35	9548.84	9323.23	9541.37	17318028.00	37122035712
2015/11/26	9558.83	9619.28	9474.12	9486.86	17318574.00	35215761408
2015/11/27	9441.44	9492.73	8854.10	8929.31	21259172.00	39299112960
2015/11/30	8923.41	9046.37	8524.23	8993.81	17910908.00	33703268352
2015/12/01	8976.18	9082.53	8861.90	8969.16	14994098.00	28088399872
2015/12/02	8951.44	8965.93	8629.15	8917.83	16888050.00	31865059328
2015/12/03	8928.55	9130.34	8924.95	9130.34	16077773.00	31485558784
2015/12/04	9088.19	9177.80	8996.80	9091.43	14636781.00	27616006144
2015/12/07	9114.26	9216.34	9042.99	9210.64	11897579.00	23699677184
2015/12/08	9172.07	9172.36	9015.78	9036.94	14819496.00	24025399296
2015/12/09	8997.83	9054.97	8923.70	8968.81	11028967.00	18175023104
2015/12/10	8940.67	9025.17	8905.02	8924.73	12117214.00	23130378240
2015/12/11	8891.46	8908.02	8795.56	8836.29	10331828.00	18374205440
2015/12/14	8757.86	9016.92	8738.93	9016.81	12773299.00	22021578752
2015/12/15	9023.76	9136.84	9021.21	9108.54	12177066.00	21061826560
2015/12/16	9129.19	9221.48	9129.19	9169.64	12916415.00	21459755008
2015/12/17	9229.82	9427.43	9229.49	9427.33	20146874.00	33421297664
2015/12/18	9423.39	9488.26	9353.94	9425.61	20603608.00	31877765120
2015/12/21	9408.01	9570.90	9391.11	9555.07	21861976.00	33190813696
2015/12/22	9575.81	9643.38	9514.82	9643.09	17755096.00	27873048576
2015/12/23	9655.00	9670.17	9505.92	9535.75	17892164.00	30842042368
2015/12/24	9513.25	9552.09	9360.27	9527.66	14241388.00	24021618688
2015/12/25	9546.71	9639.74	9546.71	9639.74	12193617.00	21157146624
2015/12/28	9674.81	9702.76	9413.71	9413.71	17924340.00	29438763008
2015/12/29	9381.15	9527.93	9320.40	9527.93	11892557.00	19427149824
2015/12/30	9526.05	9608.92	9494.32	9605.91	12323858.00	21358643200
2015/12/31	9610.52	9628.94	9477.51	9477.60	12996877.00	21716006912
2016/01/04	9448.69	9473.15	8732.21	8734.86	13451446.00	21314582528
2016/01/05	8324.99	8797.32	8318.78	8628.46	19602828.00	29493807104
2016/01/06	8672.06	8896.56	8654.82	8893.47	17749200.00	27073095680
2016/01/07	8730.44	8731.82	8154.55	8164.26	4913734.00	7343443456
2016/01/08	8389.17	8464.47	7878.12	8337.71	19514876.00	28645806080
2016/01/11	8170.23	8313.42	7782.14	7782.14	12027506.00	16320836608
2016/01/12	7790.16	7905.81	7638.27	7816.36	9515269.00	13026222080
2016/01/13	7865.48	7935.76	7550.60	7551.18	8997590.00	12385254400
2016/01/14	7291.29	7834.32	7275.28	7819.31	9740525.00	13023536128
2016/01/15	7755.13	7836.09	7456.48	7504.25	9193965.00	12434450432
2016/01/18	7358.03	7714.28	7344.13	7621.66	8257630.00	10909199360
2016/01/19	7617.16	7933.38	7601.28	7920.37	9651882.00	13212014592
2016/01/20	7863.18	7976.69	7760.14	7843.67	10241104.00	14262628352
2016/01/21	7714.62	7930.34	7573.75	7574.82	8862479.00	12359464960
2016/01/22	7656.70	7721.39	7456.26	7698.68	7648895.00	10466746368
2016/01/25	7763.29	7870.84	7725.65	7811.88	7154864.00	9784937472
2016/01/26	7731.93	7754.31	7224.35	7238.22	9399077.00	12175628288
2016/01/27	7272.21	7301.53	6811.40	7158.95	9132563.00	11132941312
2016/01/28	7074.28	7180.95	6862.68	6895.32	6979053.00	8565225472
2016/01/29	6893.51	7217.00	6865.10	7155.82	7607942.00	9155378176
2016/02/01	7158.98	7209.75	6996.83	7113.43	6853785.00	8291282944
2016/02/02	7102.15	7346.93	7102.15	7329.52	7340393.00	9165442048
2016/02/03	7246.36	7373.11	7190.11	7339.95	6774447.00	8294873600
2016/02/04	7357.02	7522.62	7356.24	7472.66	6966731.00	8756953088
2016/02/05	7490.19	7513.05	7400.97	7400.97	5781621.00	7347784192
2016/02/15	7149.37	7409.81	7139.30	7363.99	5947550.00	7611235328
2016/02/16	7400.47	7682.52	7399.97	7674.63	9010562.00	10844476416
2016/02/17	7678.50	7768.79	7615.33	7761.87	10458440.00	12731020288
2016/02/18	7808.95	7837.94	7693.96	7709.45	9675854.00	11989002240
2016/02/19	7684.66	7767.72	7651.73	7729.73	7337078.00	9348114432
2016/02/22	7830.48	7899.33	7796.71	7894.60	10901873.00	14411587584
2016/02/23	7917.52	7944.59	7767.25	7877.02	10463477.00	14339075072
2016/02/24	7849.54	7976.05	7787.08	7975.22	10459722.00	14219912192
2016/02/25	7977.48	7977.48	7338.61	7366.63	12950452.00	17934921728
2016/02/26	7450.71	7490.76	7224.09	7398.93	9792136.00	13175111680
2016/02/29	7344.30	7354.02	6902.88	6987.70	10792400.00	13312188416
2016/03/01	6992.44	7208.73	6906.67	7163.22	11207150.00	13762850816
2016/03/02	7171.20	7560.97	7166.87	7545.41	15349936.00	18496227328
2016/03/03	7568.18	7705.97	7558.31	7592.54	14701093.00	17842982912
2016/03/04	7561.16	7615.02	7253.90	7365.24	15200535.00	22221688832
2016/03/07	7435.08	7582.22	7421.47	7520.09	11833595.00	14875842560
2016/03/08	7539.01	7582.02	7281.29	7582.01	12629379.00	14147528704
2016/03/09	7419.39	7495.92	7359.72	7415.15	9941960.00	12176441344
2016/03/10	7417.10	7475.35	7294.67	7307.80	6851565.00	8089585664
2016/03/11	7227.03	7332.68	7190.81	7287.87	6397786.00	7462176768
2016/03/14	7355.81	7589.31	7355.70	7512.30	10716385.00	13290590208
2016/03/15	7501.68	7524.70	7411.79	7456.39	10097107.00	11292190720
2016/03/16	7501.00	7531.03	7365.89	7399.35	11037493.00	15086532608
2016/03/17	7427.33	7625.33	7421.16	7590.32	11122744.00	13734978560
2016/03/18	7641.89	7866.05	7634.16	7839.67	16823172.00	20898158592
2016/03/21	7934.23	8050.02	7923.86	8050.02	18340172.00	24020115456
2016/03/22	8021.78	8095.26	7975.70	8044.28	13873794.00	18771156992
2016/03/23	8017.63	8106.39	7980.48	8106.39	11102367.00	14330079232
2016/03/24	8054.35	8125.48	7982.44	8004.96	12164209.00	15877125120
2016/03/25	7993.77	8064.38	7968.49	8061.17	8798047.00	12144237568
2016/03/28	8118.53	8213.85	8026.23	8052.47	11997346.00	16385263616
2016/03/29	8038.47	8053.34	7808.68	7862.07	9584877.00	12731951104
2016/03/30	7924.03	8139.34	7924.03	8139.34	10514148.00	14468253696
2016/03/31	8189.35	8251.50	8146.32	8190.31	11554496.00	15921211392
2016/04/01	8154.55	8180.52	8018.10	8160.70	10856659.00	14393467904
2016/04/05	8172.25	8394.90	8161.62	8393.54	14390335.00	18230366208
2016/04/06	8361.08	8455.48	8342.23	8454.85	13025499.00	17409884160
2016/04/07	8464.20	8481.46	8325.09	8348.92	12660175.00	16662126592
2016/04/08	8298.62	8323.47	8204.31	8316.69	12069732.00	16464181248
2016/04/11	8380.82	8559.13	8380.82	8524.65	14779520.00	19075385344
2016/04/12	8536.05	8551.03	8421.75	8507.14	12037579.00	17032777728
2016/04/13	8548.54	8716.83	8548.54	8614.12	19268048.00	25468686336
2016/04/14	8658.12	8683.04	8585.80	8677.52	12569450.00	16903747584
2016/04/15	8709.31	8739.21	8650.94	8709.29	14013899.00	19957221376
2016/04/18	8672.00	8672.00	8592.99	8629.85	16635575.00	20302145536
2016/04/19	8674.22	8709.29	8626.55	8695.99	13505872.00	17519669248
2016/04/20	8735.30	8749.84	8219.40	8380.23	21358228.00	27849244672
2016/04/21	8363.53	8479.47	8294.56	8308.58	15088673.00	19898224640
2016/04/22	8244.59	8367.93	8227.80	8367.93	11375638.00	15561100288
2016/04/25	8355.67	8399.26	8247.65	8377.63	11359955.00	15259250688
2016/04/26	8365.82	8458.03	8333.65	8458.03	10480022.00	14172461056
2016/04/27	8459.46	8542.53	8425.61	8444.72	11182488.00	15176034304
2016/04/28	8444.98	8461.73	8259.17	8394.37	10663058.00	13633595392
2016/04/29	8350.15	8440.92	8339.84	8390.50	9331675.00	12429860864
2016/05/03	8382.00	8616.62	8334.20	8616.62	15920443.00	20162127872
2016/05/04	8594.08	8731.40	8585.68	8667.64	14781860.00	19853776896
2016/05/05	8637.51	8691.31	8592.74	8688.31	11450077.00	15270206464
2016/05/06	8703.42	8745.97	8391.36	8391.36	16779212.00	22748176384
2016/05/09	8322.97	8322.97	8044.93	8085.18	14592372.00	18758883328
2016/05/10	8038.95	8106.54	8003.55	8061.40	10849694.00	13676771328
2016/05/11	8099.58	8143.19	7982.59	8021.46	12650097.00	16058592256
2016/05/12	7899.59	7988.61	7748.65	7988.10	12212364.00	15982717952
2016/05/13	7948.82	8045.52	7910.19	7967.10	11474329.00	14938288128
2016/05/16	7937.24	8107.07	7878.43	8106.94	10606605.00	13803798528
2016/05/17	8110.26	8157.47	8026.52	8063.14	11969798.00	15891695616
2016/05/18	7986.16	7987.96	7719.03	7823.91	11435006.00	15010001920
2016/05/19	7812.07	7957.29	7811.10	7840.88	8430769.00	11198255104
2016/05/20	7774.35	7932.37	7734.69	7932.25	7686109.00	10642388992
2016/05/23	7952.05	8072.26	7952.05	8072.26	9470811.00	13641681920
2016/05/24	8060.99	8064.99	7937.43	8006.70	9018434.00	12257653760
2016/05/25	8049.84	8096.75	7932.43	7988.73	8927290.00	11988509696
2016/05/26	7958.93	8007.17	7802.55	7994.57	9321034.00	12133439488
2016/05/27	7978.28	8058.37	7952.14	8006.92	8653098.00	11472187392
2016/05/30	7961.22	8028.72	7869.79	7952.94	8797443.00	10980924416
2016/05/31	7959.16	8259.53	7959.16	8259.08	17111960.00	21249468416
2016/06/01	8266.39	8380.89	8262.69	8345.61	15848771.00	20461924352
2016/06/02	8333.87	8409.37	8314.15	8409.37	13341449.00	17217953792
2016/06/03	8405.95	8479.43	8364.57	8439.72	14502806.00	19910230016
2016/06/06	8461.48	8502.03	8416.87	8481.38	12028792.00	16878338048
2016/06/07	8478.11	8493.64	8423.17	8486.29	11279488.00	15211471872
2016/06/08	8485.77	8516.80	8389.10	8475.28	14253916.00	16387094528
2016/06/13	8379.33	8435.02	8119.39	8119.39	17457084.00	19371687936
2016/06/14	8083.95	8175.23	8071.27	8175.03	11485382.00	12992195584
2016/06/15	8097.27	8446.72	8079.78	8425.00	17896308.00	20334985216
2016/06/16	8428.35	8468.41	8392.88	8418.54	17577304.00	21116850176
2016/06/17	8416.60	8548.39	8416.60	8487.05	16415711.00	20137138176
2016/06/20	8491.10	8527.33	8406.32	8523.81	14302488.00	17422391296
2016/06/21	8578.16	8621.09	8412.97	8452.77	18764608.00	21085382656
2016/06/22	8440.94	8608.45	8423.37	8608.12	15477767.00	17341407232
2016/06/23	8603.76	8624.53	8513.27	8589.90	14491310.00	17747558400
2016/06/24	8575.51	8627.09	8250.59	8480.27	20004856.00	23159388160
2016/06/27	8435.00	8678.74	8432.06	8677.80	15191092.00	18294251520
2016/06/28	8649.66	8798.09	8635.60	8798.09	19960696.00	24514011136
2016/06/29	8816.28	8837.06	8782.66	8812.54	20756912.00	23826823168
2016/06/30	8822.97	8885.94	8796.96	8857.70	18863730.00	23883069440
2016/07/01	8854.61	8888.03	8791.75	8815.39	16716770.00	20559036416
2016/07/04	8773.53	9015.15	8771.73	9014.72	25193616.00	28629309440
2016/07/05	9030.25	9094.68	9000.17	9093.63	26410260.00	29672544256
2016/07/06	9070.67	9161.40	9025.31	9160.64	23841884.00	29271611392
2016/07/07	9142.17	9209.31	9080.98	9156.14	25752820.00	32764346368
2016/07/08	9140.49	9183.19	9081.84	9123.33	18771574.00	26633062400
2016/07/11	9147.84	9224.97	9103.73	9111.61	18955428.00	23609800704
2016/07/12	9100.19	9265.66	9032.30	9265.66	28550688.00	33032138752
2016/07/13	9299.98	9383.15	9280.29	9361.73	27336186.00	32464084992
2016/07/14	9342.02	9379.38	9305.10	9378.17	20958692.00	26506289152
2016/07/15	9374.49	9386.18	9302.08	9337.25	19026340.00	25514006528
2016/07/18	9322.86	9347.70	9232.07	9291.75	18019760.00	23518732288
2016/07/19	9282.66	9318.08	9200.37	9318.08	16429026.00	21090779136
2016/07/20	9302.44	9359.81	9286.91	9312.96	13789563.00	18250426368
2016/07/21	9321.15	9435.50	9304.76	9374.51	18077760.00	24483483648
2016/07/22	9377.49	9397.20	9283.59	9291.40	17540866.00	22946816000
2016/07/25	9273.46	9376.12	9262.08	9341.33	16693643.00	22072012800
2016/07/26	9340.96	9471.01	9340.96	9470.83	17330522.00	21681793024
2016/07/27	9474.72	9494.46	8979.82	9107.91	29544100.00	36940451840
2016/07/28	9083.14	9204.41	9029.44	9175.50	22168804.00	26609696768
2016/07/29	9167.39	9204.45	9100.22	9135.22	18296512.00	22078810112
2016/08/01	9094.25	9094.25	8880.86	8990.17	16865836.00	20152559616
2016/08/02	8978.90	9110.56	8975.39	9109.82	13647381.00	15829690368
2016/08/03	9077.50	9163.53	9054.09	9160.80	17296694.00	18937214976
2016/08/04	9144.16	9197.95	9103.21	9196.86	16597282.00	19637473280
2016/08/05	9183.16	9212.69	9135.96	9147.82	16362785.00	19492773888
2016/08/08	9126.93	9266.73	9073.29	9266.57	14748805.00	15910644736
2016/08/09	9251.03	9328.90	9242.27	9328.84	15768143.00	17725992960
2016/08/10	9321.10	9355.60	9279.71	9284.51	14599776.00	16768913408
2016/08/11	9261.18	9294.26	9161.09	9161.63	14738358.00	17388212224
2016/08/12	9150.61	9274.43	9142.34	9274.29	15267180.00	17143276544
2016/08/15	9278.37	9477.55	9261.45	9446.99	27694476.00	30137214976
2016/08/16	9467.33	9537.41	9464.31	9504.45	23027630.00	26570584064
2016/08/17	9516.99	9570.39	9473.73	9546.49	19865244.00	22746300416
2016/08/18	9538.79	9599.17	9508.72	9541.47	19769936.00	23059036160
2016/08/19	9530.71	9600.04	9493.63	9581.14	17806452.00	20525893632
2016/08/22	9570.03	9586.53	9468.88	9470.01	16772344.00	20014632960
2016/08/23	9467.19	9538.64	9436.47	9504.95	14041043.00	17009614848
2016/08/24	9508.98	9549.74	9471.98	9505.98	12924644.00	15968100352
2016/08/25	9462.26	9482.56	9355.68	9471.00	15690840.00	18021240832
2016/08/26	9474.76	9586.81	9471.37	9499.42	14165531.00	16964705280
2016/08/29	9482.80	9543.23	9468.41	9529.40	13385582.00	16001544192
2016/08/30	9534.44	9567.67	9491.93	9514.83	14714612.00	16880576512
2016/08/31	9513.84	9540.27	9459.63	9532.06	12869063.00	14920078336
2016/09/01	9529.85	9550.09	9443.61	9444.35	14008663.00	15854957568
2016/09/02	9425.83	9462.88	9329.71	9391.58	13111246.00	15920438272
2016/09/05	9411.47	9476.24	9407.00	9427.98	12067289.00	13894250496
2016/09/06	9428.60	9585.26	9354.58	9585.26	16262378.00	19548837888
2016/09/07	9585.85	9632.25	9550.55	9566.61	18595500.00	20850749440
2016/09/08	9558.16	9596.42	9532.70	9592.86	15221823.00	16766310400
2016/09/09	9586.96	9619.08	9510.23	9510.27	17857668.00	18982320128
2016/09/12	9338.51	9372.83	9237.67	9251.68	21331664.00	21977780224
2016/09/13	9293.64	9324.04	9247.23	9307.98	13301266.00	13933472768
2016/09/14	9265.24	9311.06	9228.77	9252.62	12506760.00	13149678592
2016/09/19	9260.76	9381.57	9260.76	9381.16	11822560.00	12804177920
2016/09/20	9381.21	9386.31	9321.07	9372.11	10458533.00	11236080640
2016/09/21	9362.70	9402.87	9352.45	9380.21	9690759.00	10870536192
2016/09/22	9436.18	9492.76	9435.73	9448.44	12744277.00	14229233664
2016/09/23	9461.32	9468.99	9422.96	9430.47	11556385.00	13050950656
2016/09/26	9419.98	9420.61	9248.28	9252.99	13700471.00	14728398848
2016/09/27	9224.75	9326.22	9202.22	9325.47	10965770.00	12080512000
2016/09/28	9323.89	9328.40	9284.51	9299.16	9275648.00	10106318848
2016/09/29	9304.72	9378.92	9304.59	9339.98	10417278.00	10591242240
2016/09/30	9327.91	9405.88	9321.65	9393.20	9824212.00	10387201024
2016/10/10	9414.99	9530.35	9380.35	9529.97	16952764.00	17356048384
2016/10/11	9521.00	9581.26	9509.74	9581.07	14500580.00	15635694592
2016/10/12	9544.33	9564.95	9518.05	9564.94	12283054.00	13411601408
2016/10/13	9556.96	9607.32	9546.51	9579.03	14039877.00	14724474880
2016/10/14	9569.53	9590.84	9503.31	9581.23	17894152.00	17300088832
2016/10/17	9588.72	9614.94	9474.06	9505.87	18652942.00	19103813632
2016/10/18	9500.66	9658.88	9499.00	9658.88	21480512.00	21925001216
2016/10/19	9670.01	9686.72	9625.29	9650.26	21247482.00	21202593792
2016/10/20	9646.76	9675.60	9622.40	9662.53	18520050.00	18391750656
2016/10/21	9655.32	9688.93	9558.32	9635.38	22473632.00	21672347648
2016/10/24	9633.80	9757.27	9633.80	9735.66	24815200.00	23353987072
2016/10/25	9758.38	9827.93	9751.94	9827.93	24573736.00	22988836864
2016/10/26	9842.08	9860.42	9793.74	9817.56	23831560.00	24258056192
2016/10/27	9803.32	9825.64	9766.52	9801.08	19895652.00	21902376960
2016/10/28	9798.95	9831.54	9720.76	9723.96	19751140.00	21537443840
2016/10/31	9699.06	9721.57	9640.71	9709.96	17230840.00	18819577856
2016/11/01	9719.29	9802.15	9700.21	9801.29	17472600.00	19487899648
2016/11/02	9778.30	9798.67	9723.26	9731.22	17832698.00	19564775424
2016/11/03	9716.27	9855.17	9701.59	9800.53	25811924.00	26548891648
2016/11/04	9799.64	9845.47	9763.54	9782.95	24921892.00	25530849280
2016/11/07	9773.65	9824.21	9747.76	9800.62	21758812.00	21446033408
2016/11/08	9824.17	9868.31	9803.72	9842.30	12930045.00	14426333184
2016/11/09	9843.28	9846.94	9627.08	9744.76	15693358.00	17718427648
2016/11/10	9819.90	9891.84	9819.90	9891.13	15753513.00	17161449472
2016/11/11	9897.25	9992.41	9892.88	9991.76	19994684.00	21641474048
2016/11/14	9965.03	10048.40	9961.96	10026.17	23863004.00	25316241408
2016/11/15	10028.38	10049.19	9982.47	10048.25	16686284.00	17769760768
2016/11/16	10059.46	10073.17	10031.31	10037.71	15099015.00	16604052480
2016/11/17	10025.21	10044.99	9971.71	10032.55	14858983.00	14733433856
2016/11/18	10038.57	10054.99	9990.65	10004.09	15668160.00	16277012480
2016/11/21	10008.26	10105.02	10004.17	10063.45	18251398.00	21058093056
2016/11/22	10083.03	10148.20	10082.30	10146.62	20177628.00	21571082240
2016/11/23	10172.40	10197.56	10094.51	10123.94	20769136.00	21606959104
2016/11/24	10122.06	10157.95	10066.11	10096.18	19248360.00	22118494208
2016/11/25	10085.92	10167.36	9947.10	10163.62	21368604.00	24084682752
2016/11/28	10193.67	10210.02	10146.69	10164.55	24156120.00	27732674560
2016/11/29	10141.70	10175.47	10069.05	10069.15	27166566.00	30826825728
2016/11/30	10033.59	10045.85	9970.74	10003.40	20458236.00	22043385856
2016/12/01	10030.59	10068.66	10017.30	10063.21	19517824.00	21942626304
2016/12/02	10062.08	10072.08	9878.79	9882.11	23837280.00	25583837184
2016/12/05	9779.90	9869.99	9756.27	9818.31	19101402.00	20841639936
2016/12/06	9820.56	9851.11	9800.67	9806.56	13751689.00	15140563968
2016/12/07	9811.54	9924.22	9794.22	9923.29	14088252.00	15640368128
2016/12/08	9942.61	9944.58	9881.33	9887.49	12168578.00	13944001536
2016/12/09	9888.05	9930.93	9871.37	9899.08	16955408.00	19092369408
2016/12/12	9896.32	9904.47	9445.26	9455.64	22514748.00	24795152384
2016/12/13	9421.17	9552.09	9381.58	9536.27	15651604.00	17266464768
2016/12/14	9510.07	9551.72	9437.72	9451.37	16534968.00	17467357184
2016/12/15	9410.56	9572.89	9397.32	9514.15	15557294.00	17066547200
2016/12/16	9509.49	9610.44	9509.20	9605.39	12859335.00	13670078464
2016/12/19	9600.37	9643.37	9566.86	9636.81	11731519.00	12881481728
2016/12/20	9628.02	9629.85	9540.25	9592.78	12269034.00	13171350528
2016/12/21	9618.40	9716.78	9618.29	9714.38	14875538.00	16222300160
2016/12/22	9696.39	9760.79	9677.23	9742.86	15184169.00	15551252480
2016/12/23	9729.74	9743.04	9607.99	9609.28	13362660.00	13755841536
2016/12/26	9577.06	9672.26	9493.82	9671.79	12039910.00	12992354304
2016/12/27	9660.32	9713.66	9648.51	9689.15	11363275.00	12205328384
2016/12/28	9686.64	9702.63	9629.76	9650.80	10189918.00	11036227584
2016/12/29	9634.26	9730.72	9626.15	9673.39	11223193.00	12459847680
2016/12/30	9683.33	9714.64	9650.07	9685.16	11007840.00	12650120192
2017/01/03	9700.42	9794.83	9700.42	9794.34	12476071.00	14161700864
2017/01/04	9793.11	9912.82	9780.17	9911.47	15805509.00	18292641792
2017/01/05	9893.44	9926.83	9881.99	9897.57	14509564.00	15641530368
2017/01/06	9887.08	9918.17	9856.33	9868.86	15896206.00	16532034560
2017/01/09	9854.00	9945.61	9854.00	9944.65	15750329.00	17719384064
2017/01/10	9933.96	9973.25	9905.45	9908.59	13408255.00	13577259008
2017/01/11	9898.58	9954.79	9826.99	9827.69	13849297.00	13194323968
2017/01/12	9828.22	9863.44	9722.91	9736.03	11595977.00	11840805888
2017/01/13	9726.19	9743.59	9614.67	9621.99	13045023.00	14037032960
2017/01/16	9601.80	9613.75	9180.04	9419.54	21467236.00	24010518528
2017/01/17	9388.28	9506.45	9328.66	9502.63	12169414.00	12223369216
2017/01/18	9467.37	9550.84	9449.19	9520.80	14355138.00	13590159360
2017/01/19	9491.45	9502.89	9440.47	9454.96	12768064.00	11899252736
2017/01/20	9452.32	9601.11	9446.95	9592.81	11111400.00	11821881344
2017/01/23	9597.50	9702.56	9597.50	9684.78	12544243.00	13426310144
2017/01/24	9674.38	9687.87	9642.27	9655.25	12311788.00	12289332224
2017/01/25	9644.94	9701.32	9627.97	9679.25	10960626.00	12618969088
2017/01/26	9683.86	9737.86	9683.86	9728.86	9298962.00	10520419328
2017/02/03	9734.22	9746.23	9670.56	9705.27	8405039.00	10357181440
2017/02/06	9709.61	9798.22	9692.25	9797.60	11909108.00	14374632448
2017/02/07	9784.41	9822.72	9757.44	9807.92	10741677.00	12502057984
2017/02/08	9796.76	9862.18	9743.36	9862.08	12071065.00	13648832512
2017/02/09	9859.25	9929.47	9854.72	9920.63	18805816.00	19511697408
2017/02/10	9922.48	9996.32	9914.29	9964.20	27580332.00	25858035712
2017/02/13	9978.26	10023.29	9961.37	10009.20	21002298.00	22526099456
2017/02/14	10007.31	10015.10	9964.45	10014.29	17744228.00	17439641600
2017/02/15	9995.36	10011.40	9872.45	9890.68	17396952.00	18201012224
2017/02/16	9876.38	9978.45	9876.28	9969.13	15953810.00	15106850816
2017/02/17	9970.26	9990.06	9865.93	9874.90	14225916.00	15458294784
2017/02/20	9871.57	10026.33	9871.57	10026.28	18430252.00	21149249536
2017/02/21	10036.04	10145.62	10036.04	10145.45	17665012.00	19579162624
2017/02/22	10150.07	10258.27	10150.07	10257.65	20861398.00	22497277952
2017/02/23	10237.94	10262.50	10172.97	10241.34	20557804.00	21790941184
2017/02/24	10215.34	10226.24	10169.23	10224.84	16395163.00	17252409344
2017/02/27	10230.48	10245.65	10146.81	10163.31	20574956.00	21441298432
2017/02/28	10158.83	10200.17	10143.00	10199.23	14739575.00	16139018240
2017/03/01	10193.77	10262.21	10174.86	10212.62	16854088.00	19098992640
2017/03/02	10225.10	10242.34	10149.69	10155.82	15713696.00	18190286848
2017/03/03	10119.45	10155.61	10074.92	10147.58	15009842.00	16058143744
2017/03/06	10155.90	10254.22	10148.65	10253.71	12777943.00	15187855360
2017/03/07	10254.64	10258.25	10181.21	10241.96	13073442.00	14950142976
2017/03/08	10242.74	10254.36	10174.49	10204.29	13567757.00	14970536960
2017/03/09	10193.02	10193.98	10097.46	10134.66	13382276.00	14743414784
2017/03/10	10136.83	10190.21	10136.83	10155.64	9890233.00	11688579072
2017/03/13	10150.66	10234.98	10089.79	10233.96	13258686.00	16112269312
2017/03/14	10236.15	10258.37	10197.46	10223.37	11325679.00	14183786496
2017/03/15	10203.97	10217.54	10169.74	10189.12	10608081.00	13111667712
2017/03/16	10202.46	10303.32	10202.46	10302.87	13056139.00	17120168960
2017/03/17	10313.06	10377.97	10248.66	10258.47	15886296.00	21643110400
2017/03/20	10265.66	10280.41	10202.23	10273.29	14435049.00	18253608960
2017/03/21	10276.24	10286.88	10230.25	10263.86	14660569.00	20095997952
2017/03/22	10221.81	10232.93	10139.57	10192.51	16216378.00	19141124096
2017/03/23	10190.53	10218.21	10080.18	10174.78	14076528.00	20372494336
2017/03/24	10168.06	10224.43	10134.54	10222.98	24307940.00	29237848064
