'H30373'	百发100	日线
日期	开盘	最高	最低	收盘
2014/07/30	6956.98	7010.65	6937.22	6997.99
2014/07/31	6992.80	7092.30	6980.72	7092.30
2014/08/01	7078.53	7130.87	7008.72	7019.36
2014/08/04	7018.98	7143.26	7017.75	7143.26
2014/08/05	7140.93	7221.78	7114.46	7220.92
2014/08/06	7205.51	7280.56	7179.44	7275.07
2014/08/07	7269.95	7295.46	7182.27	7186.73
2014/08/08	7194.80	7275.29	7194.36	7270.34
2014/08/11	7278.39	7383.68	7277.06	7383.68
2014/08/12	7374.34	7429.44	7352.68	7429.44
2014/08/13	7418.47	7439.79	7314.69	7422.41
2014/08/14	7411.53	7482.34	7386.59	7399.75
2014/08/15	7388.02	7484.48	7364.81	7470.26
2014/08/18	7472.77	7571.09	7472.77	7569.58
2014/08/19	7583.94	7627.59	7553.46	7609.89
2014/08/20	7599.20	7636.27	7563.74	7600.35
2014/08/21	7600.72	7604.01	7499.17	7599.59
2014/08/22	7597.23	7674.78	7584.79	7668.10
2014/08/25	7661.88	7662.93	7567.79	7591.10
2014/08/26	7569.28	7598.76	7420.11	7451.95
2014/08/27	7439.24	7491.95	7433.52	7475.64
2014/08/28	7465.08	7481.57	7387.93	7416.11
2014/08/29	7405.36	7507.69	7390.92	7506.95
2014/09/01	7511.62	7629.07	7506.01	7629.07
2014/09/02	7637.59	7734.35	7629.07	7734.35
2014/09/03	7739.35	7808.45	7736.34	7797.00
2014/09/04	7801.10	7838.71	7768.39	7838.71
2014/09/05	7850.54	7892.99	7819.36	7891.23
2014/09/09	7886.89	7956.36	7846.45	7956.36
2014/09/10	7916.43	7996.28	7887.90	7990.84
2014/09/11	7991.20	8108.79	7934.26	8003.18
2014/09/12	7988.11	8100.62	7979.16	8100.03
2014/09/15	8098.96	8179.59	8083.39	8171.37
2014/09/16	8182.11	8213.71	7935.32	7940.20
2014/09/17	7945.33	8022.21	7881.56	8022.21
2014/09/18	8009.45	8077.88	7984.81	8077.88
2014/09/19	8064.25	8213.68	8059.92	8197.43
2014/09/22	8174.21	8176.14	8084.92	8127.99
2014/09/23	8109.94	8248.43	8106.94	8248.43
2014/09/24	8223.76	8337.34	8196.40	8337.26
2014/09/25	8364.71	8428.09	8309.19	8340.99
2014/09/26	8310.16	8393.13	8287.16	8388.52
2014/09/29	8406.50	8493.32	8403.33	8491.46
2014/09/30	8491.31	8558.90	8482.11	8553.42
2014/10/08	8589.44	8673.31	8540.85	8673.31
2014/10/09	8676.10	8702.61	8554.82	8687.03
2014/10/10	8653.08	8672.21	8578.31	8651.33
2014/10/13	8617.54	8664.39	8527.03	8663.27
2014/10/14	8634.22	8703.94	8581.96	8635.67
2014/10/15	8633.73	8703.38	8564.53	8703.38
2014/10/16	8646.82	8739.13	8571.44	8571.45
2014/10/17	8537.27	8562.85	8268.21	8436.31
2014/10/20	8441.91	8549.15	8438.07	8547.63
2014/10/21	8539.66	8578.89	8451.40	8453.33
2014/10/22	8447.35	8487.07	8306.85	8313.90
2014/10/23	8283.84	8323.65	8102.53	8141.90
2014/10/24	8139.93	8220.60	8135.88	8166.64
2014/10/27	8127.03	8200.49	8064.00	8200.15
2014/10/28	8210.53	8455.30	8210.53	8454.90
2014/10/29	8489.97	8646.24	8479.47	8600.27
2014/10/30	8586.94	8678.53	8565.64	8636.04
2014/10/31	8635.42	8680.02	8553.37	8646.97
2014/11/03	8656.33	8808.54	8656.33	8808.54
2014/11/04	8827.23	8896.73	8802.01	8882.57
2014/11/05	8895.13	8895.13	8790.35	8843.80
2014/11/06	8822.08	8853.86	8722.07	8853.39
2014/11/07	8857.92	8909.76	8698.76	8744.28
2014/11/10	8773.71	8905.24	8730.32	8905.24
2014/11/11	8924.04	8928.66	8532.55	8631.76
2014/11/12	8598.83	8788.41	8580.81	8787.88
2014/11/13	8777.58	8784.25	8618.89	8707.18
2014/11/14	8662.46	8674.00	8583.29	8646.58
2014/11/17	8677.77	8740.05	8607.47	8689.28
2014/11/18	8677.96	8709.62	8656.74	8699.61
2014/11/19	8696.93	8764.42	8677.07	8741.90
2014/11/20	8708.79	8756.48	8680.82	8743.05
2014/11/21	8729.26	8898.36	8714.50	8890.81
2014/11/24	8989.87	9113.23	8917.42	9074.10
2014/11/25	9072.99	9257.36	9049.66	9257.36
2014/11/26	9280.28	9313.23	9181.40	9289.57
2014/11/27	9308.79	9371.25	9236.98	9371.25
2014/11/28	9375.45	9446.29	9308.27	9443.83
2014/12/01	9448.45	9475.09	9348.97	9376.68
2014/12/02	9323.39	9596.74	9307.75	9570.41
2014/12/03	9585.33	9706.29	9495.77	9704.99
2014/12/04	9708.50	9969.48	9704.61	9969.48
2014/12/05	10031.30	10033.58	9459.56	9812.45
2014/12/08	9778.51	10212.10	9705.58	10185.32
2014/12/09	10176.23	10564.33	9738.05	9810.30
2014/12/10	9774.13	10225.83	9662.86	10214.47
2014/12/11	10231.54	10452.10	10159.91	10413.36
2014/12/12	10437.04	10508.16	10322.97	10484.53
2014/12/15	10501.01	10652.02	10405.63	10632.46
2014/12/16	10637.67	10760.44	10553.42	10760.44
2014/12/17	10773.89	10872.94	10542.15	10785.47
2014/12/18	10740.48	10900.96	10680.45	10767.30
2014/12/19	10747.07	10762.31	10386.67	10619.34
2014/12/22	10572.95	10573.71	10108.82	10169.45
2014/12/23	10061.07	10213.38	9893.40	9918.65
2014/12/24	9951.06	10023.42	9773.68	9888.83
2014/12/25	9947.05	10169.64	9908.60	10169.64
2014/12/26	10194.23	10452.35	10186.02	10442.35
2014/12/29	10515.17	10519.54	10238.67	10350.06
2014/12/30	10319.60	10353.57	10173.59	10256.70
2014/12/31	10211.30	10399.38	10198.49	10399.38
2015/01/05	10481.00	10545.16	10356.32	10487.42
2015/01/06	10395.64	10534.95	10260.99	10520.09
2015/01/07	10474.25	10584.18	10444.97	10547.84
2015/01/08	10538.24	10540.11	10314.57	10373.10
2015/01/09	10321.67	10584.06	10302.44	10309.14
2015/01/12	10236.40	10296.65	10091.65	10185.75
2015/01/13	10177.90	10381.11	10172.33	10353.27
2015/01/14	10378.65	10426.38	10278.53	10340.76
2015/01/15	10328.82	10529.90	10326.03	10529.90
2015/01/16	10548.98	10705.71	10506.25	10668.69
2015/01/19	10247.34	10521.17	9999.47	10130.29
2015/01/20	10149.80	10506.99	10149.80	10503.17
2015/01/21	10541.56	10798.68	10539.22	10795.65
2015/01/22	10791.61	10966.52	10772.57	10958.43
2015/01/23	10973.07	10986.55	10827.49	10870.67
2015/01/26	10900.24	11105.90	10892.76	11105.13
2015/01/27	11132.34	11174.45	10946.76	11162.14
2015/01/28	11107.41	11170.10	10993.31	11030.00
2015/01/29	10921.02	11030.50	10890.52	10964.30
2015/01/30	10957.06	11012.10	10753.26	10755.84
2015/02/02	10614.82	10752.42	10570.11	10647.43
2015/02/03	10699.96	10879.49	10699.65	10879.49
2015/02/04	10897.08	10983.25	10843.73	10855.92
2015/02/05	10966.76	11024.95	10802.13	10802.13
2015/02/06	10749.97	10796.62	10498.34	10545.65
2015/02/09	10504.70	10577.84	10447.07	10481.13
2015/02/10	10474.08	10710.71	10468.05	10710.67
2015/02/11	10736.91	10882.92	10729.62	10882.23
2015/02/12	10898.71	10970.15	10889.11	10953.24
2015/02/13	10999.48	11157.84	10999.48	11117.96
2015/02/16	11133.19	11362.03	11133.19	11361.89
2015/02/17	11415.57	11484.05	11373.63	11484.05
2015/02/25	11523.66	11523.66	11326.87	11361.53
2015/02/26	11338.14	11483.41	11331.32	11482.62
2015/02/27	11505.98	11586.01	11475.29	11562.55
2015/03/02	11635.05	11738.12	11568.40	11735.23
2015/03/03	11679.36	11698.68	11549.45	11557.92
2015/03/04	11526.74	11624.44	11503.57	11621.20
2015/03/05	11606.76	11606.76	11435.64	11521.03
2015/03/06	11495.68	11607.98	11447.76	11522.90
2015/03/09	11469.70	11695.97	11402.02	11695.97
2015/03/10	11667.43	11765.09	11637.26	11702.37
2015/03/11	11696.61	11801.90	11659.53	11700.22
2015/03/12	11728.62	11801.31	11709.09	11782.68
2015/03/13	11804.42	11925.45	11804.42	11901.13
2015/03/16	11966.30	12216.78	11952.44	12216.77
2015/03/17	12305.89	12641.45	12305.89	12606.60
2015/03/18	12660.95	12952.63	12660.95	12951.00
2015/03/19	12965.81	13092.66	12823.72	13013.53
2015/03/20	13010.15	13114.33	12965.71	13068.34
2015/03/23	13139.98	13386.04	13139.98	13384.98
2015/03/24	13408.93	13621.18	13105.52	13610.45
2015/03/25	13554.17	13630.71	13397.42	13517.54
2015/03/26	13440.57	13582.66	13290.29	13440.13
2015/03/27	13409.25	13559.14	13363.74	13506.36
2015/03/30	13632.85	13874.16	13632.85	13854.85
2015/03/31	13982.08	14006.54	13706.79	13743.27
2015/04/01	13746.37	14009.98	13731.48	14003.44
2015/04/02	14058.18	14219.23	14014.75	14218.00
2015/04/03	14173.12	14490.36	14096.41	14489.19
2015/04/07	14590.86	14862.50	14590.70	14860.66
2015/04/08	14893.12	14943.51	14505.40	14878.09
2015/04/09	14890.43	14890.43	14267.56	14634.53
2015/04/10	14551.33	14938.57	14452.93	14926.85
2015/04/13	14997.40	15298.32	14992.87	15277.30
2015/04/14	15288.51	15541.25	15124.94	15394.85
2015/04/15	15399.35	15399.35	14982.66	15047.61
2015/04/16	14857.22	15266.10	14614.21	15194.23
2015/04/17	15338.84	15664.39	15338.84	15589.41
2015/04/20	15569.98	15879.74	15319.44	15492.65
2015/04/21	15524.57	15848.36	15405.15	15846.81
2015/04/22	15913.40	16311.28	15913.40	16268.95
2015/04/23	16339.79	16469.83	16183.15	16375.67
2015/04/24	16212.31	16438.69	16032.26	16349.23
2015/04/27	16476.67	16779.73	16468.09	16778.67
2015/04/28	16822.52	16888.02	16514.02	16672.42
2015/04/29	16618.87	16941.47	16367.93	16837.52
2015/04/30	16829.52	17125.24	16784.88	16898.29
2015/05/04	16928.20	17230.48	16834.40	17200.80
2015/05/05	17287.11	17287.25	16412.35	16492.80
2015/05/06	16435.65	16692.66	15870.32	16053.18
2015/05/07	15916.27	15952.27	15328.58	15351.59
2015/05/08	15510.20	15898.60	15422.78	15898.39
2015/05/11	16073.38	16601.77	15930.00	16600.63
2015/05/12	16689.37	16961.66	16596.68	16961.66
2015/05/13	16986.74	17171.26	16833.36	16980.76
2015/05/14	17002.63	17067.79	16759.12	17053.71
2015/05/15	17079.06	17184.62	16697.67	17000.15
2015/05/18	16926.69	17271.94	16876.68	17190.44
2015/05/19	17246.06	17503.42	17182.54	17495.53
2015/05/20	17601.02	18094.70	17598.76	17841.84
2015/05/21	17973.26	18459.89	17917.19	18458.22
2015/05/22	18800.15	18902.79	18379.84	18821.56
2015/05/25	18686.40	19304.79	18555.58	19304.26
2015/05/26	19412.02	20017.92	19338.72	20014.72
2015/05/27	20143.45	20439.88	19684.66	20326.01
2015/05/28	20373.32	20688.17	19067.10	19093.65
2015/05/29	19001.15	19647.91	18003.09	19236.82
2015/06/01	19360.88	20171.32	19360.82	20170.10
2015/06/02	20308.81	21017.60	20204.07	21013.19
2015/06/03	21105.88	21357.75	20592.52	21180.36
2015/06/04	21146.47	21219.70	19747.78	21098.24
2015/06/05	21370.43	21707.69	21051.21	21591.78
2015/06/08	21641.30	21655.01	21163.81	21365.90
2015/06/09	21303.20	21486.99	21006.13	21370.25
2015/06/10	21166.14	21903.17	20909.51	21684.02
2015/06/11	21683.56	22035.78	21602.69	22014.78
2015/06/12	22132.01	22495.20	22062.89	22356.37
2015/06/15	22388.14	22555.11	21975.23	22149.68
2015/06/16	21900.46	21900.46	21107.82	21273.87
2015/06/17	21244.15	21763.55	20416.02	21689.37
2015/06/18	21664.90	21792.02	20923.85	20955.79
2015/06/19	20326.66	20611.54	19339.11	19386.00
2015/06/23	19272.72	19582.81	17964.70	19489.93
2015/06/24	19743.97	20179.53	19515.69	20176.65
2015/06/25	20236.06	20331.63	19125.74	19502.90
2015/06/26	18775.20	18893.67	17822.22	17862.70
2015/06/29	18299.33	18330.55	16356.15	16584.32
2015/06/30	16108.58	17290.27	15258.50	17239.10
2015/07/01	17095.29	17626.36	16111.88	16159.78
2015/07/02	16070.58	16222.86	14872.64	14919.75
2015/07/03	14247.85	14909.86	13720.94	13779.92
2015/07/06	14776.30	14776.30	12821.71	13095.26
2015/07/07	12514.13	12563.36	12194.57	12243.97
2015/07/08	11643.07	11818.79	11643.07	11770.35
2015/07/09	11490.01	12267.13	11490.01	12267.13
2015/07/10	12534.74	12813.35	12476.36	12813.35
2015/07/13	13361.37	13589.64	13214.76	13589.05
2015/07/14	13976.54	14341.94	13799.65	13961.78
2015/07/15	14038.65	14039.72	13275.66	13309.24
2015/07/16	12937.86	13832.74	12610.67	13511.38
2015/07/17	13563.66	14359.81	13551.26	14284.11
2015/07/20	14400.10	14869.45	14255.48	14747.50
2015/07/21	14522.48	15180.90	14362.93	15041.46
2015/07/22	14993.61	15379.96	14764.36	15337.22
2015/07/23	15337.04	15950.80	15306.39	15883.59
2015/07/24	15956.45	16295.28	15593.60	15770.32
2015/07/27	15400.20	15945.04	14677.95	14690.23
2015/07/28	13829.35	14841.11	13661.16	14156.56
2015/07/29	14406.45	14969.15	13895.52	14959.66
2015/07/30	14967.54	15435.03	14628.32	14737.49
2015/07/31	14489.65	14852.52	14210.82	14435.13
2015/08/03	14198.79	14301.00	13612.77	13799.49
2015/08/04	13768.42	14639.98	13768.42	14639.98
2015/08/05	14661.84	14933.77	14403.62	14574.12
2015/08/06	14207.58	14633.48	14162.93	14433.23
2015/08/07	14531.48	14881.45	14529.96	14870.64
2015/08/10	15025.35	15687.47	14952.48	15594.66
2015/08/11	15571.94	15963.26	15486.69	15741.45
2015/08/12	15580.44	15852.85	15515.86	15570.33
2015/08/13	15490.93	15980.27	15363.04	15978.44
2015/08/14	16129.65	16330.91	15982.59	16148.19
2015/08/17	16120.06	16550.50	16061.25	16536.74
2015/08/18	16598.28	16651.60	15343.43	15384.47
2015/08/19	14777.20	15929.39	14460.66	15814.23
2015/08/20	15642.10	15867.30	15164.10	15171.98
2015/08/21	14802.57	14975.70	14191.87	14269.57
2015/08/24	13569.89	13696.29	13190.98	13201.31
2015/08/25	12238.87	12474.87	12228.91	12244.31
2015/08/26	12094.16	12536.06	11516.04	11618.82
2015/08/27	11806.88	11990.56	11244.39	11938.89
2015/08/28	12135.54	12676.71	12010.17	12673.25
2015/08/31	12648.72	12648.72	12175.72	12175.84
2015/09/01	11970.52	11970.52	11372.33	11385.77
2015/09/02	10789.86	11639.06	10752.24	10875.46
2015/09/07	11022.24	11340.92	10879.13	10992.61
2015/09/08	10902.81	11481.15	10787.38	11462.86
2015/09/09	11507.59	11947.51	11479.00	11936.75
2015/09/10	11710.17	11996.23	11640.63	11730.00
2015/09/11	11708.40	11976.01	11704.96	11929.57
2015/09/14	12005.47	12038.75	11012.92	11033.09
2015/09/15	10614.81	10870.95	10286.28	10313.63
2015/09/16	10316.04	11066.48	10316.04	11036.01
2015/09/17	11065.93	11448.69	10877.11	10877.11
2015/09/18	10969.35	11138.60	10804.28	11077.00
2015/09/21	10905.76	11483.14	10879.86	11483.14
2015/09/22	11504.39	11704.19	11354.90	11548.87
2015/09/23	11336.34	11605.85	11315.09	11459.41
2015/09/24	11458.75	11585.43	11389.64	11535.63
2015/09/25	11443.99	11514.38	10979.04	11059.08
2015/09/28	11070.67	11347.62	10927.37	11347.62
2015/09/29	11159.32	11317.81	11099.52	11168.95
2015/09/30	11204.79	11261.50	11052.72	11168.22
2015/10/08	11461.71	11655.48	11393.79	11604.34
2015/10/09	11577.40	11802.91	11547.21	11753.42
2015/10/12	11830.64	12340.82	11823.41	12249.93
2015/10/13	12157.36	12438.38	12109.30	12409.48
2015/10/14	12331.00	12443.91	12204.69	12235.35
2015/10/15	12158.49	12596.89	12154.40	12596.89
2015/10/16	12693.29	12843.72	12509.79	12841.58
2015/10/19	12882.90	12929.85	12589.89	12792.61
2015/10/20	12764.44	13140.13	12753.26	13128.36
2015/10/21	13136.81	13164.99	12155.50	12197.30
2015/10/22	12175.18	12739.73	12135.91	12718.95
2015/10/23	12828.05	13166.37	12756.32	13091.46
2015/10/26	13271.06	13408.96	13005.17	13296.00
2015/10/27	13147.30	13514.92	12695.50	13447.24
2015/10/28	13352.43	13573.76	13069.95	13133.35
2015/10/29	13232.86	13441.61	13044.59	13286.00
2015/10/30	13273.70	13491.84	13057.42	13260.73
2015/11/02	12904.32	13348.07	12840.78	12876.80
2015/11/03	12902.88	13042.08	12688.40	12814.92
2015/11/04	12896.70	13539.36	12896.70	13539.36
2015/11/05	13538.52	13712.85	13366.16	13534.14
2015/11/06	13575.90	13950.03	13575.90	13921.96
2015/11/09	13859.79	14277.42	13720.75	14204.31
2015/11/10	14190.81	14420.97	14096.26	14309.10
2015/11/11	14326.55	14657.42	14265.64	14656.50
2015/11/12	14727.28	14810.57	14489.35	14676.10
2015/11/13	14495.09	14577.88	14146.14	14372.49
2015/11/16	14068.26	14715.89	14040.87	14712.47
2015/11/17	14864.20	14943.10	14517.92	14559.38
2015/11/18	14574.06	14633.46	14178.44	14227.70
2015/11/19	14279.25	14665.83	14239.90	14665.83
2015/11/20	14726.18	15036.56	14725.43	14981.33
2015/11/23	14962.28	15149.32	14824.31	14888.35
2015/11/24	14855.12	15070.87	14678.73	15070.87
2015/11/25	15092.17	15448.56	15084.90	15434.31
2015/11/26	15516.78	15554.78	15274.02	15305.22
2015/11/27	15234.39	15282.99	14169.68	14287.18
2015/11/30	14264.37	14426.21	13464.79	14373.76
2015/12/01	14345.08	14521.47	14139.96	14327.28
2015/12/02	14304.83	14353.29	13613.33	14050.20
2015/12/03	14079.66	14535.82	14079.66	14535.82
2015/12/04	14520.04	14686.47	14349.14	14478.60
2015/12/07	14486.19	14668.92	14369.01	14668.92
2015/12/08	14575.54	14597.49	14316.75	14385.41
2015/12/09	14283.92	14406.58	14156.61	14288.84
2015/12/10	14279.82	14551.70	14279.82	14375.53
2015/12/11	14324.47	14402.24	14165.16	14238.17
2015/12/14	14091.36	14513.91	14073.98	14513.91
2015/12/15	14535.07	14877.03	14535.07	14815.55
2015/12/16	14871.97	15028.84	14871.97	14950.06
2015/12/17	15017.76	15427.13	15017.76	15427.13
2015/12/18	15438.85	15489.00	15205.53	15322.13
2015/12/21	15271.64	15440.58	15256.22	15439.84
2015/12/22	15462.16	15548.95	15343.41	15538.61
2015/12/23	15537.98	15559.00	15262.68	15303.58
2015/12/24	15242.45	15281.12	14959.22	15234.38
2015/12/25	15267.70	15425.65	15267.70	15392.52
2015/12/28	15460.38	15663.50	15206.18	15207.05
2015/12/29	15183.53	15431.57	15056.90	15431.57
2015/12/30	15455.09	15645.96	15422.63	15620.45
2015/12/31	15592.86	15628.05	15287.81	15288.01
2016/01/04	15240.16	15300.05	13944.17	13945.32
2016/01/05	13109.23	13939.14	13024.81	13579.44
2016/01/06	13658.94	13911.04	13506.57	13911.04
2016/01/07	13630.48	13630.48	12657.71	12671.25
2016/01/08	12946.13	13101.46	11997.43	12702.99
2016/01/11	12420.93	12563.43	11758.88	11765.50
2016/01/12	11761.23	11984.93	11517.74	11847.02
2016/01/13	11897.21	12002.19	11336.22	11336.22
2016/01/14	10951.30	11802.54	10901.17	11795.30
2016/01/15	11674.08	11822.72	11240.03	11320.38
2016/01/18	11058.57	11819.48	11036.03	11661.18
2016/01/19	11613.00	12187.76	11566.58	12166.17
2016/01/20	12065.18	12331.29	11994.02	12160.82
2016/01/21	11894.91	12282.92	11520.99	11520.99
2016/01/22	11692.56	11817.79	11282.93	11753.09
2016/01/25	11850.45	12010.09	11762.31	11931.57
2016/01/26	11751.54	11794.91	10879.48	10892.76
2016/01/27	10948.23	10974.12	10153.02	10858.80
2016/01/28	10674.86	10805.62	10182.10	10237.73
2016/01/29	10164.12	10780.49	10117.26	10679.55
2016/02/01	10637.85	10727.90	10324.38	10518.52
2016/02/02	10525.32	11012.13	10525.32	10967.74
2016/02/03	10811.06	11112.77	10684.66	11050.00
2016/02/04	11100.89	11396.25	11095.73	11334.55
2016/02/05	11367.10	11452.13	11227.48	11232.69
2016/02/15	10781.59	11341.26	10780.16	11278.49
2016/02/16	11328.63	11828.30	11327.77	11796.95
2016/02/17	11747.98	11977.08	11620.42	11953.24
2016/02/18	12028.15	12068.20	11860.48	11914.48
2016/02/19	11845.85	12134.74	11835.82	12038.56
2016/02/22	12239.54	12313.05	12117.81	12303.06
2016/02/23	12308.79	12333.54	11967.64	12208.80
2016/02/24	12140.08	12301.91	11946.90	12292.17
2016/02/25	12250.64	12250.64	11203.95	11237.14
2016/02/26	11311.25	11385.67	10813.09	11114.75
2016/02/29	11036.43	11036.43	10204.61	10289.56
2016/03/01	10301.26	10625.84	10011.15	10510.88
2016/03/02	10480.15	11107.47	10468.74	11073.44
2016/03/03	11077.72	11401.97	11044.29	11147.22
2016/03/04	11053.99	11151.11	10480.53	10635.91
2016/03/07	10778.01	11083.24	10778.01	10933.94
2016/03/08	10898.48	11072.95	10374.70	11072.91
2016/03/09	10761.67	11027.78	10673.57	10789.79
2016/03/10	10820.32	10919.59	10591.47	10610.32
2016/03/11	10464.17	10663.27	10394.02	10573.02
2016/03/14	10738.48	11196.15	10724.99	11047.64
2016/03/15	11013.69	11110.99	10880.74	10935.58
2016/03/16	11050.01	11090.01	10700.14	10800.78
2016/03/17	10849.84	11332.07	10849.84	11288.75
2016/03/18	11378.40	11868.60	11366.05	11831.05
2016/03/21	12050.71	12284.65	12000.47	12284.65
2016/03/22	12167.05	12426.05	12098.99	12274.31
2016/03/23	12203.89	12470.24	12187.46	12470.24
2016/03/24	12329.40	12573.99	12205.07	12249.66
2016/03/25	12195.34	12372.97	12134.06	12362.58
2016/03/28	12459.56	12610.95	12241.01	12292.72
2016/03/29	12241.42	12281.70	11859.47	11974.51
2016/03/30	12096.73	12461.24	12094.91	12461.05
2016/03/31	12519.47	12650.36	12432.23	12484.17
2016/04/01	12404.47	12451.65	12132.70	12363.52
2016/04/05	12383.88	12820.40	12350.38	12802.68
2016/04/06	12741.02	12882.90	12659.71	12844.04
2016/04/07	12882.27	12912.18	12622.87	12632.48
2016/04/08	12488.63	12568.40	12311.54	12512.51
2016/04/11	12617.24	12872.52	12617.24	12770.44
2016/04/12	12762.47	12815.81	12521.73	12691.03
2016/04/13	12765.09	13053.31	12765.09	12876.72
2016/04/14	12934.88	13009.02	12840.35	13009.02
2016/04/15	13007.35	13053.84	12895.72	13003.33
2016/04/18	12883.99	12884.58	12688.75	12801.15
2016/04/19	12865.50	12912.96	12704.34	12821.59
2016/04/20	12849.18	12875.05	11844.91	12041.96
2016/04/21	11994.84	12089.44	11761.37	11784.40
2016/04/22	11708.80	11928.98	11683.67	11928.98
2016/04/25	11882.74	11882.74	11642.58	11804.26
2016/04/26	11807.81	12008.67	11801.34	12008.67
2016/04/27	12039.88	12146.07	11956.65	11978.44
2016/04/28	11983.76	12016.79	11704.63	11971.29
2016/04/29	11880.45	12003.46	11855.37	11927.99
2016/05/03	11945.03	12339.15	11890.54	12339.15
2016/05/04	12306.28	12466.03	12283.56	12360.12
2016/05/05	12338.77	12451.04	12281.82	12446.43
2016/05/06	12470.53	12534.80	11982.90	11982.90
2016/05/09	11824.51	11824.51	11406.61	11475.22
2016/05/10	11443.05	11536.66	11377.78	11441.67
2016/05/11	11515.63	11555.52	11282.56	11309.76
2016/05/12	11132.60	11286.95	10925.38	11283.60
2016/05/13	11250.38	11410.43	11174.70	11252.11
2016/05/16	11217.08	11474.89	11153.03	11474.31
2016/05/17	11473.83	11601.38	11363.57	11484.81
2016/05/18	11364.17	11364.17	11012.11	11137.70
2016/05/19	11129.60	11390.36	11129.55	11181.60
2016/05/20	11070.44	11313.88	11018.18	11313.88
2016/05/23	11337.82	11491.92	11337.82	11488.20
2016/05/24	11482.19	11482.19	11295.45	11371.40
2016/05/25	11444.24	11508.52	11297.86	11361.11
2016/05/26	11334.63	11393.53	11090.82	11393.47
2016/05/27	11366.35	11493.74	11321.28	11420.33
2016/05/30	11367.62	11443.99	11231.72	11329.74
2016/05/31	11365.66	11795.76	11365.66	11792.60
2016/06/01	11828.07	11979.96	11822.22	11912.35
2016/06/02	11907.41	12046.44	11887.19	12046.44
2016/06/03	12069.28	12174.99	12009.22	12122.57
2016/06/06	12168.80	12215.34	12103.72	12189.29
2016/06/07	12209.99	12269.87	12130.05	12264.63
2016/06/08	12244.45	12318.52	12107.82	12242.51
2016/06/13	12073.79	12177.36	11607.04	11607.04
2016/06/14	11538.99	11680.11	11486.34	11642.79
2016/06/15	11522.05	12121.88	11494.65	12064.70
2016/06/16	12054.85	12185.99	12008.03	12068.62
2016/06/17	12088.85	12201.64	11978.32	12078.27
2016/06/20	12003.34	12076.99	11893.36	12056.03
2016/06/21	12131.03	12189.83	11851.24	11909.80
2016/06/22	11888.84	12101.42	11856.20	12100.84
2016/06/23	12093.13	12133.18	11977.37	12087.10
2016/06/24	12065.16	12145.86	11613.01	11963.86
2016/06/27	11891.27	12232.26	11884.88	12231.92
2016/06/28	12197.70	12393.23	12176.96	12384.13
2016/06/29	12409.16	12446.15	12342.42	12421.52
2016/06/30	12422.47	12462.40	12363.46	12424.42
2016/07/01	12432.24	12480.78	12355.82	12411.90
2016/07/04	12340.67	12659.30	12335.55	12646.88
2016/07/05	12657.68	12768.90	12625.23	12758.17
2016/07/06	12713.52	12821.73	12673.37	12820.29
2016/07/07	12800.22	12860.45	12683.89	12824.89
2016/07/08	12796.66	12898.61	12757.71	12845.65
2016/07/11	12851.02	12960.57	12800.32	12813.07
2016/07/12	12783.72	12951.82	12613.94	12950.33
2016/07/13	12987.29	13075.63	12935.23	13044.99
2016/07/14	13015.58	13057.25	12934.65	13008.73
2016/07/15	13004.28	13019.78	12858.11	12886.16
2016/07/18	12846.34	12846.34	12674.26	12760.05
2016/07/19	12751.44	12843.93	12686.88	12842.48
2016/07/20	12853.34	12926.39	12808.87	12867.18
2016/07/21	12873.56	12983.13	12832.98	12901.52
2016/07/22	12887.82	12918.80	12795.04	12809.50
2016/07/25	12805.00	12926.78	12783.68	12897.48
2016/07/26	12890.36	13058.85	12887.57	13057.79
2016/07/27	13045.54	13058.69	12240.74	12394.34
2016/07/28	12351.71	12450.83	12179.88	12337.03
2016/07/29	12314.00	12348.44	12184.85	12210.27
2016/08/01	12152.67	12152.67	11889.46	12024.04
2016/08/02	12001.44	12096.54	11982.63	12094.14
2016/08/03	12081.23	12173.88	12052.41	12164.42
2016/08/04	12173.35	12236.74	12092.77	12230.55
2016/08/05	12210.84	12255.91	12154.39	12157.59
2016/08/08	12135.10	12348.97	12057.30	12348.73
2016/08/09	12334.88	12467.93	12331.36	12467.91
2016/08/10	12459.93	12530.97	12412.84	12412.84
2016/08/11	12392.64	12421.95	12220.14	12220.14
2016/08/12	12205.00	12352.28	12182.89	12352.26
2016/08/15	12368.80	12629.16	12327.09	12599.59
2016/08/16	12597.72	12734.44	12596.60	12684.34
2016/08/17	12686.06	12812.03	12661.90	12793.37
2016/08/18	12764.77	12814.20	12725.14	12784.46
2016/08/19	12755.73	12787.88	12676.30	12753.24
2016/08/22	12763.99	12803.76	12606.83	12609.56
2016/08/23	12595.63	12676.73	12544.70	12632.73
2016/08/24	12638.03	12723.35	12617.73	12675.23
2016/08/25	12603.33	12603.33	12407.15	12561.45
2016/08/26	12576.26	12707.39	12575.32	12619.73
2016/08/29	12621.32	12726.38	12607.43	12681.92
2016/08/30	12685.74	12748.34	12659.11	12685.34
2016/08/31	12681.97	12721.32	12612.48	12707.53
2016/09/01	12708.95	12724.90	12597.00	12597.30
2016/09/02	12573.73	12652.11	12515.01	12594.13
2016/09/05	12630.02	12716.52	12618.88	12684.83
2016/09/06	12675.63	12889.23	12588.04	12887.73
2016/09/07	12889.69	12973.43	12882.42	12911.02
2016/09/08	12893.91	12997.80	12892.34	12997.69
2016/09/09	12982.11	13013.26	12862.48	12862.48
2016/09/12	12624.87	12644.61	12433.79	12434.46
2016/09/13	12497.13	12569.32	12478.67	12567.15
2016/09/14	12491.73	12546.42	12409.12	12455.63
2016/09/19	12457.58	12554.78	12457.58	12542.24
2016/09/20	12540.66	12543.12	12464.58	12489.19
2016/09/21	12492.33	12575.24	12489.79	12523.90
2016/09/22	12603.49	12673.78	12594.67	12613.53
2016/09/23	12639.09	12645.98	12571.30	12574.92
2016/09/26	12552.95	12555.24	12317.74	12319.59
2016/09/27	12288.58	12463.01	12281.00	12462.41
2016/09/28	12486.63	12488.60	12397.87	12419.85
2016/09/29	12420.07	12491.41	12402.87	12436.98
2016/09/30	12427.70	12495.37	12421.65	12466.13
2016/10/10	12510.85	12661.54	12465.58	12661.54
2016/10/11	12670.38	12775.00	12664.67	12773.89
2016/10/12	12727.57	12750.36	12692.47	12748.85
2016/10/13	12743.81	12836.38	12738.38	12796.84
2016/10/14	12771.70	12818.81	12690.25	12815.37
2016/10/17	12801.55	12850.11	12651.88	12679.98
2016/10/18	12663.77	12874.87	12661.95	12874.81
2016/10/19	12899.34	12927.80	12808.29	12842.81
2016/10/20	12832.62	12857.23	12795.16	12812.40
2016/10/21	12789.38	12789.49	12585.05	12706.82
2016/10/24	12711.89	12837.13	12696.72	12816.34
2016/10/25	12813.49	12911.64	12810.61	12911.54
2016/10/26	12920.84	12940.98	12852.25	12897.81
2016/10/27	12872.95	12898.58	12828.84	12888.40
2016/10/28	12885.38	12932.27	12756.74	12756.74
2016/10/31	12728.47	12774.62	12646.64	12753.44
2016/11/01	12759.36	12860.98	12731.81	12860.62
2016/11/02	12832.17	12866.50	12762.14	12776.95
2016/11/03	12724.14	12938.08	12716.53	12870.49
2016/11/04	12854.15	12913.94	12801.52	12848.78
2016/11/07	12834.51	12898.55	12799.86	12872.20
2016/11/08	12912.95	12996.06	12892.52	12973.55
2016/11/09	12962.83	12972.40	12703.07	12854.42
2016/11/10	12950.74	13037.61	12948.89	13028.45
2016/11/11	13018.35	13113.00	12990.60	13112.90
2016/11/14	13080.28	13164.77	13061.41	13147.39
2016/11/15	13148.59	13219.74	13103.00	13218.86
2016/11/16	13240.00	13280.79	13212.32	13254.60
2016/11/17	13240.67	13244.21	13141.40	13174.04
2016/11/18	13131.62	13141.26	12989.54	13018.78
2016/11/21	12992.01	13124.16	12979.73	13077.31
2016/11/22	13087.05	13197.69	13087.05	13196.68
2016/11/23	13209.42	13253.06	13116.26	13145.58
2016/11/24	13146.35	13204.49	13079.96	13123.34
2016/11/25	13110.84	13172.39	12893.42	13170.97
2016/11/28	13201.55	13303.54	13178.23	13255.61
2016/11/29	13223.62	13298.08	13174.39	13184.38
2016/11/30	13121.52	13139.51	13008.09	13053.92
2016/12/01	13062.94	13177.81	13061.05	13177.52
2016/12/02	13168.99	13191.00	12967.76	12967.76
2016/12/05	12811.98	12938.67	12777.12	12802.63
2016/12/06	12804.52	12846.16	12774.35	12788.96
2016/12/07	12787.72	12930.29	12767.73	12929.26
2016/12/08	12929.67	12933.36	12822.42	12842.05
2016/12/09	12823.01	12865.37	12784.87	12821.24
2016/12/12	12821.36	12840.45	12279.95	12288.88
2016/12/13	12256.63	12455.96	12192.86	12440.57
2016/12/14	12420.85	12497.18	12349.97	12364.24
2016/12/15	12339.74	12505.77	12337.95	12436.46
2016/12/16	12438.57	12548.74	12435.17	12524.53
2016/12/19	12515.10	12517.20	12442.14	12481.01
2016/12/20	12449.54	12457.86	12357.29	12424.58
2016/12/21	12432.40	12542.09	12431.90	12540.26
2016/12/22	12526.11	12610.96	12484.31	12593.21
2016/12/23	12572.89	12576.73	12401.91	12409.58
2016/12/26	12343.08	12438.86	12187.03	12437.47
2016/12/27	12412.72	12488.40	12407.81	12457.18
2016/12/28	12433.58	12482.51	12378.59	12416.79
2016/12/29	12389.54	12458.73	12322.68	12378.69
2016/12/30	12377.49	12457.91	12377.49	12417.69
2017/01/03	12440.63	12565.74	12440.63	12565.15
2017/01/04	12552.28	12715.24	12538.45	12715.24
2017/01/05	12706.76	12771.05	12690.58	12748.95
2017/01/06	12733.83	12772.90	12716.00	12746.52
2017/01/09	12709.68	12866.48	12690.70	12866.22
2017/01/10	12851.54	12933.40	12826.12	12847.25
2017/01/11	12804.10	12881.18	12723.29	12735.10
2017/01/12	12709.43	12786.39	12579.16	12610.37
2017/01/13	12583.43	12624.14	12424.65	12434.03
2017/01/16	12394.76	12395.01	11787.37	12107.32
2017/01/17	12054.62	12240.69	11977.53	12238.61
2017/01/18	12200.16	12320.55	12172.89	12270.80
2017/01/19	12235.98	12274.51	12144.91	12160.75
2017/01/20	12134.49	12407.92	12128.69	12368.26
2017/01/23	12372.76	12513.40	12372.76	12465.05
2017/01/24	12452.67	12469.13	12351.67	12359.67
2017/01/25	12334.27	12407.29	12308.84	12371.13
2017/01/26	12387.66	12461.51	12387.31	12460.08
2017/02/03	12470.48	12482.32	12358.47	12417.42
2017/02/06	12412.60	12583.22	12409.47	12582.94
2017/02/07	12596.15	12661.80	12554.91	12630.59
2017/02/08	12617.75	12774.96	12556.73	12774.77
2017/02/09	12767.32	12929.39	12755.03	12919.61
2017/02/10	12905.48	12942.36	12871.16	12898.88
2017/02/13	12910.52	13011.06	12884.09	13009.89
2017/02/14	12996.31	13039.85	12948.63	13017.55
2017/02/15	12974.94	13018.97	12827.33	12855.84
2017/02/16	12825.04	12958.37	12821.73	12944.91
2017/02/17	12934.72	12967.87	12791.94	12800.02
2017/02/20	12787.01	12904.24	12762.04	12903.48
2017/02/21	12900.34	13058.10	12898.99	13057.51
2017/02/22	13061.79	13096.24	13015.69	13095.54
2017/02/23	13083.53	13109.09	13011.65	13108.72
2017/02/24	13071.56	13204.90	13061.85	13200.69
2017/02/27	13194.44	13221.57	13090.57	13107.46
2017/02/28	13098.13	13184.32	13084.96	13183.85
2017/03/01	13174.25	13249.94	13151.03	13203.10
2017/03/02	13232.26	13249.58	13088.92	13095.18
2017/03/03	13092.03	13164.94	13025.63	13157.38
2017/03/06	13168.27	13381.83	13168.27	13381.46
2017/03/07	13400.63	13455.73	13345.35	13454.73
2017/03/08	13457.21	13460.84	13334.13	13377.93
2017/03/09	13369.60	13371.41	13270.57	13297.71
2017/03/10	13280.73	13334.68	13257.53	13282.13
2017/03/13	13274.63	13379.06	13194.72	13378.84
2017/03/14	13376.53	13405.81	13327.33	13363.37
2017/03/15	13335.64	13355.39	13289.59	13332.07
2017/03/16	13340.71	13462.00	13340.62	13461.44
2017/03/17	13452.45	13462.71	13300.66	13308.66
2017/03/20	13305.08	13337.20	13225.83	13322.79
2017/03/21	13328.16	13380.85	13309.53	13365.17
2017/03/22	13293.19	13347.48	13210.54	13296.20
2017/03/23	13278.85	13350.53	13188.92	13320.31
2017/03/24	13311.63	13406.12	13282.69	13396.53
2017/03/27	13392.20	13416.97	13297.34	13316.72
2017/03/28	13326.90	13331.12	13254.25	13289.29
2017/03/29	13302.04	13386.28	13203.38	13294.47
2017/03/30	13274.75	13290.43	13041.23	13082.80
2017/03/31	13067.48	13127.24	13023.78	13097.62
2017/04/05	13216.77	13381.62	13208.69	13380.03
2017/04/06	13404.87	13464.05	13342.46	13431.05
2017/04/07	13410.59	13445.59	13341.17	13400.69
2017/04/10	13392.17	13447.75	13344.00	13398.41
2017/04/11	13406.72	13527.28	13312.85	13524.71
2017/04/12	13477.14	13477.21	13335.71	13347.07
2017/04/13	13334.75	13444.36	13313.00	13407.57
2017/04/14	13386.76	13403.44	13208.88	13222.77
2017/04/17	13147.32	13147.32	12990.19	13067.76
2017/04/18	13028.40	13122.89	12968.56	12968.56
2017/04/19	12894.87	12911.46	12665.58	12801.69
2017/04/20	12783.24	12852.80	12672.74	12757.95
2017/04/21	12731.02	12779.09	12595.99	12608.17
2017/04/24	12578.47	12582.76	12162.75	12162.81
2017/04/25	12173.97	12356.40	12125.27	12235.34
2017/04/26	12216.16	12351.08	12204.21	12328.63
2017/04/27	12294.85	12420.86	12022.97	12373.83
2017/04/28	12319.20	12516.05	12312.93	12515.57
2017/05/02	12508.76	12597.79	12461.63	12596.92
2017/05/03	12541.77	12571.25	12427.14	12493.76
2017/05/04	12420.87	12640.41	12373.07	12455.28
2017/05/05	12388.22	12456.64	12302.57	12303.07
2017/05/08	12254.04	12268.52	12002.53	12002.60
2017/05/09	11937.55	12087.21	11867.78	12083.44
2017/05/10	12084.77	12145.29	11771.58	11771.62
2017/05/11	11694.10	11714.37	11345.72	11710.07
2017/05/12	11668.54	11736.78	11540.88	11682.68
2017/05/15	11691.65	11777.30	11691.05	11752.48
2017/05/16	11701.28	11994.84	11620.98	11993.20
2017/05/17	11981.30	12168.90	11969.94	12126.11
2017/05/18	12005.85	12134.13	11924.62	11971.97
2017/05/19	11941.45	12005.10	11890.60	11945.57
2017/05/22	11938.19	11957.30	11667.66	11714.07
2017/05/23	11675.72	11698.59	11351.41	11363.35
2017/05/24	11293.57	11432.57	11110.13	11430.25
2017/05/25	11416.17	11587.54	11295.37	11569.15
2017/05/26	11569.65	11642.01	11542.18	11593.64
2017/05/31	11734.14	11777.16	11597.05	11602.62
2017/06/01	11553.18	11557.97	11288.67	11289.75
2017/06/02	11228.24	11452.54	11159.54	11438.36
2017/06/05	11451.08	11596.49	11446.15	11562.38
2017/06/06	11530.27	11592.70	11504.04	11583.33
2017/06/07	11578.76	11856.55	11563.91	11856.41
2017/06/08	11841.69	11907.02	11827.36	11869.99
2017/06/09	11870.05	11951.09	11835.54	11936.79
2017/06/12	11866.28	11891.90	11798.12	11814.00
2017/06/13	11786.99	11981.49	11775.33	11949.94
2017/06/14	11945.14	11995.16	11914.47	11925.07
2017/06/15	11897.14	12081.75	11896.91	12059.98
2017/06/16	12043.41	12070.07	12012.42	12020.07
2017/06/19	11999.48	12078.17	11993.47	12078.08
2017/06/20	12086.68	12130.70	12052.28	12078.39
2017/06/21	12100.19	12149.42	12040.50	12149.42
2017/06/22	12136.18	12171.44	11960.05	11961.11
2017/06/23	11945.12	12005.75	11800.86	12005.75
2017/06/26	12004.18	12165.64	11995.45	12165.03
2017/06/27	12153.94	12211.38	12120.72	12171.38
2017/06/28	12145.08	12145.74	12061.85	12084.19
2017/06/29	12073.92	12142.56	12073.92	12124.66
2017/06/30	12093.36	12172.59	12065.31	12156.97
2017/07/03	12162.68	12250.84	12137.22	12250.70
2017/07/04	12236.41	12242.93	12158.71	12181.40
2017/07/05	12171.11	12265.48	12143.29	12265.48
2017/07/06	12245.13	12292.02	12156.90	12280.18
2017/07/07	12245.24	12314.50	12235.94	12312.57
2017/07/10	12288.95	12300.35	12197.69	12240.67
2017/07/11	12214.20	12250.58	12117.54	12117.92
2017/07/12	12090.78	12126.10	11925.98	12100.19
2017/07/13	12088.79	12129.43	12052.05	12087.14
2017/07/14	12058.46	12086.01	12013.50	12055.97
2017/07/17	12009.50	12009.65	11447.67	11505.49
2017/07/18	11448.74	11624.26	11441.45	11621.10
2017/07/19	11598.74	11845.25	11590.43	11843.72
2017/07/20	11840.74	11952.98	11834.49	11880.33
2017/07/21	11853.87	11913.59	11836.03	11872.98
2017/07/24	11866.06	12000.84	11858.72	11985.17
2017/07/25	11979.01	11979.09	11815.27	11848.20
2017/07/26	11835.37	11857.75	11691.99	11785.42
2017/07/27	11773.74	11849.34	11683.85	11833.85
2017/07/28	11815.65	11894.99	11804.29	11875.85
2017/07/31	11887.08	12013.43	11855.72	12004.80
2017/08/01	11995.78	12031.95	11940.43	12000.82
2017/08/02	12008.47	12031.39	11881.85	11897.61
2017/08/03	11885.82	11919.17	11807.59	11843.16
2017/08/04	11835.45	11860.83	11781.89	11785.09
2017/08/07	11759.28	11866.79	11728.56	11866.79
2017/08/08	11866.19	11904.14	11837.27	11899.22
2017/08/09	11895.74	11978.24	11844.98	11977.83
2017/08/10	11959.14	12021.75	11825.24	11919.77
2017/08/11	11835.04	11892.05	11684.67	11689.82
2017/08/14	11688.36	11916.77	11688.36	11915.68
2017/08/15	11920.23	11943.29	11868.84	11924.78
2017/08/16	11916.34	11935.26	11870.08	11927.80
2017/08/17	11946.69	11985.29	11940.18	11972.03
2017/08/18	11926.81	12024.76	11907.86	11999.20
2017/08/21	12024.68	12090.56	12024.68	12090.35
2017/08/22	12082.04	12082.46	12019.50	12048.33
2017/08/23	12023.82	12044.13	11956.77	12009.73
2017/08/24	12009.39	12020.48	11908.33	11931.58
2017/08/25	11934.30	12046.15	11933.07	12044.36
2017/08/28	12069.40	12241.86	12069.40	12196.98
2017/08/29	12211.16	12240.50	12170.82	12192.30
2017/08/30	12183.73	12267.15	12178.80	12258.76
2017/08/31	12254.69	12268.05	12152.39	12219.77
2017/09/01	12221.36	12291.13	12209.82	12290.25
2017/09/04	12281.70	12372.18	12260.09	12360.33
2017/09/05	12360.91	12372.35	12320.86	12361.24
2017/09/06	12333.02	12345.77	12282.87	12343.04
2017/09/07	12350.55	12358.24	12250.50	12255.16
2017/09/08	12248.45	12307.64	12219.87	12285.92
2017/09/11	12270.45	12330.21	12242.20	12289.26
2017/09/12	12299.00	12342.96	12266.47	12306.29
2017/09/13	12301.71	12351.36	12277.85	12350.31
2017/09/14	12355.88	12403.87	12302.88	12343.43
2017/09/15	12323.91	12324.35	12218.37	12248.21
2017/09/18	12233.61	12369.34	12233.17	12369.06
2017/09/19	12380.29	12389.64	12208.72	12250.60
2017/09/20	12242.94	12315.41	12212.91	12314.95
2017/09/21	12317.18	12352.07	12234.99	12236.18
2017/09/22	12201.21	12204.14	12129.39	12193.81
2017/09/25	12182.99	12241.23	12138.96	12158.90
2017/09/26	12150.67	12216.34	12143.70	12216.28
2017/09/27	12210.62	12304.92	12206.39	12283.89
2017/09/28	12279.74	12335.85	12265.97	12293.20
2017/09/29	12306.13	12419.52	12304.92	12382.86
2017/10/09	12566.34	12590.45	12511.75	12542.94
2017/10/10	12555.38	12598.57	12488.15	12597.36
2017/10/11	12596.07	12680.24	12592.78	12662.54
2017/10/12	12657.00	12708.10	12620.65	12694.39
2017/10/13	12689.91	12762.95	12674.00	12753.79
2017/10/16	12768.49	12782.71	12618.39	12621.57
2017/10/17	12604.03	12716.43	12593.17	12672.73
2017/10/18	12668.50	12734.31	12652.42	12691.89
2017/10/19	12682.37	12732.56	12609.34	12621.80
2017/10/20	12578.06	12670.89	12540.94	12669.98
2017/10/23	12674.56	12765.20	12667.02	12764.42
2017/10/24	12759.05	12817.29	12730.54	12817.08
2017/10/25	12827.60	12921.42	12815.83	12920.61
2017/10/26	12932.34	13028.44	12913.53	12978.99
2017/10/27	12957.64	12999.54	12903.30	12969.45
2017/10/30	12966.88	12994.62	12677.52	12835.27
2017/10/31	12792.65	12832.22	12707.65	12830.65
2017/11/01	12829.04	12866.95	12754.47	12773.49
2017/11/02	12756.16	12756.29	12665.94	12696.93
2017/11/03	12677.58	12720.77	12560.78	12636.77
2017/11/06	12637.11	12891.34	12608.59	12888.29
2017/11/07	12882.35	12992.74	12872.82	12948.97
2017/11/08	12955.39	13033.15	12889.01	12904.09
2017/11/09	12898.87	13044.40	12884.72	13044.18
2017/11/10	13031.50	13218.73	13020.94	13209.76
2017/11/13	13203.66	13264.24	13167.09	13258.26
2017/11/14	13249.26	13269.09	13085.75	13137.11
2017/11/15	13107.80	13152.61	12924.86	13032.57
2017/11/16	13006.05	13207.49	12997.45	13197.64
2017/11/17	13159.00	13188.34	12961.35	12965.30
2017/11/20	12864.37	13129.20	12648.06	13129.20
2017/11/21	13094.60	13338.63	13081.73	13325.56
2017/11/22	13349.83	13395.76	13053.19	13186.50
2017/11/23	13134.15	13134.15	12677.00	12682.85
2017/11/24	12632.14	12740.67	12515.28	12614.03
2017/11/27	12579.06	12581.49	12370.55	12384.17
2017/11/28	12353.62	12621.33	12353.62	12619.81
2017/11/29	12631.41	12692.48	12482.26	12634.30
2017/11/30	12591.32	12642.01	12443.57	12502.11
2017/12/01	12505.17	12671.44	12467.03	12567.87
2017/12/04	12559.41	12789.27	12541.89	12719.34
2017/12/05	12664.92	12765.73	12494.13	12554.90
2017/12/06	12515.27	12608.37	12367.21	12606.91
2017/12/07	12573.40	12611.43	12426.84	12445.44
2017/12/08	12418.87	12670.32	12411.63	12643.42
2017/12/11	12653.25	12954.82	12652.87	12953.68
2017/12/12	12921.66	12959.81	12818.90	12819.21
2017/12/13	12799.32	12945.00	12753.58	12943.45
2017/12/14	12928.30	12959.39	12863.92	12939.49
2017/12/15	12902.94	12928.18	12716.16	12763.69
2017/12/18	12769.75	12869.13	12711.49	12777.55
2017/12/19	12772.75	12975.75	12769.98	12975.48
2017/12/20	12962.97	13013.01	12920.37	12955.00
2017/12/21	12927.28	13210.70	12883.87	13173.30
2017/12/22	13161.43	13208.88	13071.22	13090.65
2017/12/25	13109.25	13155.96	12954.55	13021.96
2017/12/26	13013.02	13055.54	12884.93	13029.38
2017/12/27	12997.10	12997.64	12806.31	12816.40
2017/12/28	12824.28	12976.39	12758.79	12932.92
2017/12/29	12933.42	13050.61	12932.31	13045.24
2018/01/02	13093.66	13286.54	13087.05	13283.86
2018/01/03	13292.41	13427.86	13275.81	13372.98
2018/01/04	13383.21	13532.84	13359.39	13501.76
2018/01/05	13489.50	13494.43	13412.93	13431.46
2018/01/08	13423.86	13496.48	13361.41	13479.43
2018/01/09	13456.32	13557.47	13429.06	13557.17
2018/01/10	13547.42	13564.02	13405.32	13522.96
2018/01/11	13474.23	13474.23	13368.90	13425.66
2018/01/12	13404.01	13461.42	13371.00	13448.71
2018/01/15	13458.51	13496.12	13304.19	13344.79
2018/01/16	13305.58	13541.53	13295.96	13483.71
2018/01/17	13486.49	13487.02	13215.97	13324.64
2018/01/18	13321.41	13486.78	13320.96	13463.40
2018/01/19	13470.51	13541.14	13358.84	13398.40
2018/01/22	13398.92	13670.95	13398.92	13669.16
2018/01/23	13672.58	13751.62	13646.61	13713.39
2018/01/24	13723.92	13725.24	13594.34	13708.41
2018/01/25	13679.41	13720.72	13603.00	13635.10
2018/01/26	13590.20	13674.50	13573.60	13639.25
2018/01/29	13646.08	13661.48	13300.08	13329.91
2018/01/30	13261.08	13365.58	13251.89	13291.58
2018/01/31	13218.45	13363.68	13195.49	13258.80
2018/02/01	13262.85	13305.63	12921.63	13028.64
2018/02/02	12933.51	13222.17	12741.88	13219.39
2018/02/05	12987.33	13161.52	12960.40	13118.67
2018/02/06	12777.17	12891.04	12509.50	12540.67
2018/02/07	12800.83	12847.12	12296.93	12307.30
2018/02/08	12226.46	12520.10	12216.54	12418.85
2018/02/09	12017.37	12142.49	11782.49	11960.50
2018/02/12	12006.10	12438.89	12006.10	12390.83
2018/02/13	12495.46	12670.95	12486.78	12514.26
2018/02/14	12531.96	12654.75	12493.58	12641.83
2018/02/22	12803.01	13014.05	12786.40	13011.92
2018/02/23	13019.55	13079.52	12898.11	13022.14
2018/02/26	13096.58	13290.57	12987.76	13268.52
2018/02/27	13270.61	13270.84	13058.63	13080.80
2018/02/28	12921.89	13066.92	12836.05	13010.93
2018/03/01	12924.06	13151.33	12887.85	13111.37
2018/03/02	13009.96	13088.27	12982.91	12995.19
2018/03/05	13028.28	13073.54	12888.15	12933.36
2018/03/06	12985.22	13188.34	12898.82	13186.33
2018/03/07	13166.07	13225.46	13000.38	13030.04
2018/03/08	13028.38	13182.57	13008.50	13181.11
2018/03/09	13212.63	13345.30	13187.68	13339.38
2018/03/12	13398.77	13476.91	13387.01	13476.47
2018/03/13	13458.34	13459.95	13282.90	13299.51
2018/03/14	13250.83	13350.08	13235.59	13294.58
2018/03/15	13258.37	13388.90	13247.52	13356.16
2018/03/16	13350.11	13379.47	13187.65	13187.65
2018/03/19	13169.53	13200.56	13056.11	13182.98
2018/03/20	13077.19	13224.19	13046.66	13222.16
2018/03/21	13263.81	13330.90	13097.05	13137.31
2018/03/22	13139.31	13180.57	12923.08	12950.30
2018/03/23	12448.62	12669.96	12266.21	12479.60
2018/03/26	12317.43	12536.18	12231.08	12534.18
2018/03/27	12696.63	12745.35	12553.96	12675.15
2018/03/28	12519.89	12624.65	12347.77	12363.01
2018/03/29	12408.43	12598.46	12160.28	12557.18
2018/03/30	12560.02	12682.87	12537.70	12653.23
2018/04/02	12669.43	12795.13	12590.43	12618.59
2018/04/03	12471.27	12576.22	12428.08	12547.90
2018/04/04	12575.27	12699.63	12532.48	12552.15
2018/04/09	12526.29	12598.25	12397.97	12488.44
2018/04/10	12495.53	12684.91	12466.73	12683.31
2018/04/11	12720.99	12801.16	12720.64	12754.28
2018/04/12	12739.08	12768.23	12655.46	12678.39
2018/04/13	12741.70	12786.42	12534.75	12559.79
2018/04/16	12546.20	12590.58	12335.88	12426.18
2018/04/17	12454.04	12502.11	12138.90	12154.53
2018/04/18	12233.16	12264.64	11900.40	12140.76
2018/04/19	12146.75	12341.22	12136.76	12298.42
2018/04/20	12265.75	12320.95	12074.55	12101.85
2018/04/23	12083.73	12158.50	11932.40	12046.09
2018/04/24	12094.10	12450.50	12094.10	12415.85
2018/04/25	12378.30	12454.88	12363.82	12454.10
2018/04/26	12410.57	12411.00	12141.20	12168.88
2018/04/27	12209.60	12252.94	12040.04	12172.52
2018/05/02	12202.09	12278.06	12154.09	12261.76
2018/05/03	12248.65	12447.97	12182.75	12439.91
2018/05/04	12408.97	12509.71	12391.89	12427.14
2018/05/07	12464.19	12722.31	12454.75	12700.60
2018/05/08	12705.46	12880.48	12696.39	12850.76
2018/05/09	12844.26	12863.73	12790.65	12853.63
2018/05/10	12886.61	12970.51	12868.69	12964.38
2018/05/11	12996.88	13004.12	12854.66	12859.06
2018/05/14	12902.20	13029.31	12901.98	12997.32
2018/05/15	13025.20	13074.05	12941.16	13072.17
2018/05/16	13031.44	13112.18	12999.08	13019.37
2018/05/17	13011.55	13028.54	12862.98	12882.58
2018/05/18	12883.02	12994.46	12801.96	12992.16
2018/05/21	13062.78	13146.74	13051.85	13108.64
2018/05/22	13098.76	13137.47	13036.21	13135.33
2018/05/23	13099.11	13099.11	12911.16	12913.33
2018/05/24	12915.77	12937.88	12769.68	12793.69
2018/05/25	12781.95	12833.80	12686.38	12739.23
2018/05/28	12746.93	12926.14	12706.35	12900.45
2018/05/29	12888.00	12985.53	12778.86	12787.32
2018/05/30	12570.69	12756.21	12465.64	12600.02
2018/05/31	12697.76	12937.76	12668.61	12934.37
2018/06/01	12880.79	12940.30	12666.28	12758.19
2018/06/04	12798.53	12928.58	12777.75	12916.66
2018/06/05	12938.55	13145.07	12920.99	13142.89
2018/06/06	13115.62	13196.91	13086.56	13157.89
2018/06/07	13199.29	13225.33	13098.35	13129.40
2018/06/08	13080.18	13124.00	12926.89	13007.44
2018/06/11	12986.00	13024.25	12865.08	12928.55
2018/06/12	12951.47	13233.32	12900.80	13226.24
2018/06/13	13177.80	13217.32	13043.77	13071.61
2018/06/14	13016.39	13108.73	12884.52	12953.28
2018/06/15	12941.84	12998.93	12747.04	12831.33
2018/06/19	12601.33	12667.99	12126.17	12286.36
2018/06/20	12224.55	12503.47	12186.76	12485.62
2018/06/21	12469.97	12704.37	12376.06	12385.70
2018/06/22	12295.70	12513.57	12190.47	12512.13
