'931087'	科技龙头	日线
日期	开盘	最高	最低	收盘
2019/06/28	2677.81	2677.81	2639.94	2662.97
2019/07/01	2754.21	2812.88	2744.71	2810.86
2019/07/02	2799.06	2814.48	2777.01	2788.49
2019/07/03	2778.28	2779.07	2715.34	2730.96
2019/07/04	2736.82	2742.43	2687.35	2701.79
2019/07/05	2706.59	2734.15	2703.78	2726.68
2019/07/08	2709.42	2709.42	2626.45	2643.11
2019/07/09	2643.96	2658.66	2608.98	2637.05
2019/07/10	2654.50	2661.15	2636.42	2644.88
2019/07/11	2663.56	2677.33	2620.03	2632.23
2019/07/12	2632.98	2650.33	2611.77	2638.67
2019/07/15	2624.04	2702.05	2587.66	2681.60
2019/07/16	2670.74	2687.25	2660.07	2669.32
2019/07/17	2666.70	2694.48	2655.47	2680.20
2019/07/18	2655.66	2655.66	2611.40	2612.02
2019/07/19	2620.82	2648.19	2611.57	2615.04
2019/07/22	2635.50	2647.27	2582.77	2616.88
2019/07/23	2619.88	2658.00	2615.86	2656.03
2019/07/24	2663.72	2719.17	2662.15	2706.80
2019/07/25	2708.29	2764.15	2703.55	2752.88
2019/07/26	2745.98	2769.99	2739.09	2765.00
2019/07/29	2769.00	2789.12	2751.67	2771.88
2019/07/30	2776.17	2797.81	2761.93	2763.78
2019/07/31	2759.78	2780.46	2751.91	2766.20
2019/08/01	2750.57	2766.91	2738.26	2756.18
2019/08/02	2665.74	2711.88	2659.63	2701.25
2019/08/05	2687.40	2725.43	2649.88	2650.26
2019/08/06	2591.39	2642.35	2552.67	2625.73
2019/08/07	2643.17	2646.63	2608.80	2608.80
2019/08/08	2620.51	2657.44	2614.60	2652.13
2019/08/09	2666.35	2681.16	2612.12	2623.61
2019/08/12	2629.43	2720.84	2618.25	2720.84
2019/08/13	2687.85	2706.89	2664.63	2683.65
2019/08/14	2739.23	2762.58	2712.92	2716.43
2019/08/15	2652.63	2771.00	2644.56	2771.00
2019/08/16	2763.77	2827.61	2759.33	2799.43
2019/08/19	2842.17	2932.19	2842.11	2914.06
2019/08/20	2917.33	2938.65	2888.47	2900.94
2019/08/21	2882.71	2934.18	2881.04	2910.69
2019/08/22	2923.32	2925.02	2875.18	2899.78
2019/08/23	2906.67	2945.59	2897.85	2932.75
2019/08/26	2869.01	2909.66	2869.01	2901.36
2019/08/27	2924.92	2993.08	2918.83	2957.87
2019/08/28	2950.11	2959.23	2926.67	2941.22
2019/08/29	2942.23	2983.79	2933.93	2959.46
2019/08/30	2989.26	3021.50	2928.87	2951.13
2019/09/02	2957.02	3051.49	2949.37	3041.74
2019/09/03	3049.67	3104.64	3044.85	3104.64
2019/09/04	3096.87	3122.74	3061.81	3107.83
2019/09/05	3127.00	3213.00	3117.31	3144.75
2019/09/06	3165.74	3195.91	3126.78	3169.47
2019/09/09	3201.46	3272.62	3178.92	3272.62
2019/09/10	3272.62	3275.32	3202.04	3225.09
2019/09/11	3230.71	3240.83	3161.86	3173.70
2019/09/12	3192.60	3195.06	3157.41	3188.78
2019/09/16	3207.36	3235.57	3186.12	3220.02
2019/09/17	3209.50	3209.50	3136.34	3160.73
2019/09/18	3162.73	3183.45	3118.50	3165.12
2019/09/19	3176.65	3225.01	3173.81	3225.01
2019/09/20	3245.98	3277.08	3226.38	3258.16
2019/09/23	3246.03	3249.30	3208.48	3248.77
2019/09/24	3242.96	3309.17	3241.77	3282.35
2019/09/25	3260.00	3261.67	3190.29	3199.88
2019/09/26	3212.86	3219.42	3103.07	3107.19
2019/09/27	3112.48	3165.69	3112.48	3150.09
2019/09/30	3144.21	3163.05	3082.53	3082.55
2019/10/08	3090.86	3114.98	3041.05	3043.66
2019/10/09	3035.38	3055.07	2994.02	3052.58
2019/10/10	3041.29	3127.65	3033.21	3127.20
2019/10/11	3135.51	3142.24	3092.01	3117.55
2019/10/14	3162.31	3170.85	3141.77	3165.09
2019/10/15	3149.55	3149.55	3097.03	3101.62
2019/10/16	3105.89	3150.57	3101.70	3113.32
2019/10/17	3120.16	3136.39	3113.35	3131.83
2019/10/18	3139.05	3143.29	3073.77	3081.27
2019/10/21	3079.23	3085.48	3042.15	3078.14
2019/10/22	3095.17	3130.03	3095.17	3128.90
2019/10/23	3131.53	3143.09	3102.46	3110.38
2019/10/24	3114.59	3117.30	3077.79	3109.07
2019/10/25	3115.47	3174.74	3095.27	3174.74
2019/10/28	3236.78	3285.08	3217.86	3285.08
2019/10/29	3281.24	3281.24	3231.16	3231.16
2019/10/30	3218.35	3236.71	3178.87	3216.39
2019/10/31	3224.46	3242.16	3176.29	3181.19
2019/11/01	3179.75	3233.40	3176.47	3230.76
2019/11/04	3239.64	3282.99	3232.47	3251.51
2019/11/05	3255.82	3292.45	3239.26	3286.81
2019/11/06	3284.28	3297.64	3247.39	3258.74
2019/11/07	3255.18	3282.93	3246.51	3276.73
2019/11/08	3305.07	3342.77	3292.80	3294.21
2019/11/11	3271.40	3289.45	3223.26	3232.07
2019/11/12	3240.75	3243.24	3180.06	3230.60
2019/11/13	3228.89	3287.93	3212.66	3287.93
2019/11/14	3281.79	3351.44	3277.14	3334.42
2019/11/15	3325.10	3355.99	3305.21	3305.21
2019/11/18	3301.83	3320.07	3277.94	3310.30
2019/11/19	3310.52	3382.26	3299.01	3382.26
2019/11/20	3378.79	3410.72	3354.89	3360.44
2019/11/21	3344.34	3361.03	3318.85	3342.46
2019/11/22	3346.85	3375.70	3222.58	3242.60
2019/11/25	3234.26	3236.62	3144.70	3179.84
2019/11/26	3202.76	3232.29	3189.64	3220.59
2019/11/27	3208.08	3260.49	3190.61	3240.12
2019/11/28	3237.52	3257.71	3219.55	3231.13
2019/11/29	3221.28	3225.12	3167.00	3211.94
2019/12/02	3200.86	3227.34	3190.12	3200.90
2019/12/03	3188.49	3222.78	3159.71	3222.62
2019/12/04	3203.84	3243.51	3196.31	3232.38
2019/12/05	3247.92	3312.71	3240.09	3296.94
2019/12/06	3298.56	3323.14	3275.76	3323.14
2019/12/09	3329.21	3331.07	3284.66	3302.15
2019/12/10	3291.05	3349.91	3275.24	3349.89
2019/12/11	3346.11	3365.35	3312.46	3324.00
2019/12/12	3328.75	3348.78	3312.08	3321.04
2019/12/13	3366.12	3385.97	3330.04	3385.63
2019/12/16	3403.01	3453.74	3399.42	3453.74
2019/12/17	3453.22	3511.86	3443.59	3504.16
2019/12/18	3500.10	3512.95	3462.26	3475.57
2019/12/19	3471.60	3472.81	3424.35	3450.35
2019/12/20	3453.13	3465.06	3403.00	3403.45
2019/12/23	3377.36	3396.60	3329.95	3332.53
2019/12/24	3339.67	3384.90	3324.21	3384.17
2019/12/25	3369.80	3426.07	3367.45	3413.80
2019/12/26	3415.71	3443.28	3404.68	3429.40
2019/12/27	3436.61	3449.19	3367.63	3369.92
2019/12/30	3350.68	3405.96	3303.49	3393.60
2019/12/31	3391.89	3434.24	3390.15	3427.08
2020/01/02	3451.75	3517.68	3427.10	3506.74
2020/01/03	3523.37	3540.61	3486.29	3511.67
2020/01/06	3487.47	3578.23	3476.30	3542.39
2020/01/07	3547.65	3561.21	3523.39	3560.73
2020/01/08	3534.38	3575.77	3516.94	3524.64
2020/01/09	3558.26	3621.70	3558.26	3618.57
2020/01/10	3636.54	3656.92	3615.25	3640.36
2020/01/13	3653.61	3737.02	3648.86	3732.07
2020/01/14	3754.03	3758.12	3707.27	3713.20
2020/01/15	3704.53	3769.19	3686.76	3767.92
2020/01/16	3768.91	3790.47	3754.89	3775.78
2020/01/17	3787.79	3828.01	3768.46	3789.11
2020/01/20	3806.50	3895.17	3794.48	3893.33
2020/01/21	3876.25	3908.97	3845.54	3856.78
2020/01/22	3831.64	3977.92	3796.57	3969.62
2020/01/23	3914.50	3973.12	3771.34	3831.32
2020/02/03	3473.67	3568.67	3473.67	3511.38
2020/02/04	3473.44	3683.04	3473.44	3678.69
2020/02/05	3698.03	3818.08	3695.97	3740.55
2020/02/06	3728.73	3861.60	3693.73	3845.74
2020/02/07	3834.00	3877.57	3786.36	3864.87
2020/02/10	3839.18	3879.89	3805.09	3867.39
2020/02/11	3869.65	3936.61	3850.44	3905.35
2020/02/12	3890.47	3990.20	3884.31	3989.31
2020/02/13	3979.74	4020.29	3927.79	3956.29
2020/02/14	3945.33	4035.66	3916.78	3956.30
2020/02/17	3984.56	4097.33	3984.56	4097.18
2020/02/18	4097.83	4133.49	4049.68	4132.83
2020/02/19	4110.89	4174.48	4078.01	4097.96
2020/02/20	4114.51	4233.28	4092.59	4220.86
2020/02/21	4220.74	4360.31	4220.24	4308.76
2020/02/24	4320.84	4466.73	4313.89	4449.60
2020/02/25	4364.04	4539.54	4259.84	4529.54
2020/02/26	4439.56	4471.63	4244.86	4269.27
2020/02/27	4294.91	4374.28	4189.35	4276.08
2020/02/28	4113.12	4208.51	4042.31	4066.18
2020/03/02	4141.58	4253.92	4045.61	4204.45
2020/03/03	4311.25	4413.63	4219.32	4270.36
2020/03/04	4235.07	4264.56	4086.37	4184.91
2020/03/05	4280.07	4293.71	4149.67	4209.67
2020/03/06	4139.16	4219.22	4134.38	4174.04
2020/03/09	4077.61	4098.08	3953.28	3957.12
2020/03/10	3935.26	4137.92	3907.43	4135.49
2020/03/11	4160.70	4174.04	4026.63	4029.42
2020/03/12	3942.75	3981.79	3883.65	3936.21
2020/03/13	3724.29	3977.27	3723.08	3916.75
2020/03/16	3913.94	3913.94	3642.41	3660.54
2020/03/17	3713.76	3743.41	3506.47	3656.22
2020/03/18	3696.55	3771.56	3592.55	3593.61
2020/03/19	3593.92	3676.45	3499.80	3645.13
2020/03/20	3694.71	3701.87	3593.93	3667.24
2020/03/23	3545.35	3596.27	3479.49	3494.75
2020/03/24	3573.80	3582.12	3439.21	3566.79
2020/03/25	3664.39	3714.32	3653.15	3705.88
2020/03/26	3667.41	3709.09	3644.91	3654.16
2020/03/27	3724.51	3727.77	3624.75	3627.92
2020/03/30	3553.75	3571.49	3464.23	3535.75
2020/03/31	3582.47	3590.68	3532.34	3550.83
2020/04/01	3543.54	3634.25	3531.51	3555.33
2020/04/02	3545.42	3711.07	3543.52	3711.07
2020/04/03	3688.71	3715.32	3652.14	3673.03
2020/04/07	3764.57	3787.87	3737.95	3777.02
2020/04/08	3748.76	3794.19	3738.17	3762.00
2020/04/09	3783.93	3790.01	3753.58	3770.76
2020/04/10	3758.41	3758.41	3639.43	3657.96
2020/04/13	3619.20	3637.39	3575.76	3594.80
2020/04/14	3630.26	3711.70	3620.80	3711.70
2020/04/15	3722.36	3761.96	3700.98	3709.83
2020/04/16	3677.75	3743.56	3663.85	3732.53
2020/04/17	3785.33	3823.63	3758.07	3768.19
2020/04/20	3769.58	3799.76	3762.50	3799.76
2020/04/21	3781.62	3781.62	3702.65	3758.82
2020/04/22	3730.54	3798.18	3721.51	3798.18
2020/04/23	3813.06	3814.95	3747.96	3752.45
2020/04/24	3749.00	3763.06	3675.11	3689.55
2020/04/27	3716.75	3757.91	3672.19	3736.12
2020/04/28	3736.98	3788.65	3642.36	3775.40
2020/04/29	3747.22	3778.07	3739.99	3754.78
2020/04/30	3781.97	3904.10	3781.96	3881.52
2020/05/06	3846.49	3983.96	3844.36	3981.53
2020/05/07	4006.48	4022.15	3944.30	3955.61
2020/05/08	3987.93	4040.96	3987.93	4010.07
2020/05/11	4044.14	4047.73	3955.93	3989.23
2020/05/12	3984.48	4009.16	3933.04	4005.52
2020/05/13	3984.62	4031.88	3969.07	4020.39
2020/05/14	3996.28	4032.12	3983.83	3991.43
2020/05/15	4009.02	4038.20	3973.27	3997.60
2020/05/18	3987.17	3987.17	3893.26	3913.62
2020/05/19	3961.74	4015.03	3953.03	4014.25
2020/05/20	4013.99	4032.25	3951.50	3973.33
2020/05/21	3996.23	4000.06	3905.77	3921.85
2020/05/22	3917.97	3925.92	3806.68	3830.87
2020/05/25	3811.66	3816.21	3753.29	3772.70
2020/05/26	3800.77	3876.87	3800.77	3875.52
2020/05/27	3870.33	3871.04	3784.03	3797.10
2020/05/28	3794.83	3811.89	3699.37	3770.27
2020/05/29	3744.60	3812.77	3733.81	3790.35
2020/06/01	3837.49	3965.81	3837.49	3957.69
2020/06/02	3969.72	4002.87	3942.86	3980.06
2020/06/03	4002.88	4056.45	3972.68	4002.88
2020/06/04	4015.32	4030.42	3978.36	4001.72
2020/06/05	4014.11	4037.64	3988.82	4036.61
2020/06/08	4079.83	4119.64	4036.07	4046.72
2020/06/09	4046.90	4081.80	4015.26	4068.93
2020/06/10	4074.25	4153.17	4065.53	4142.79
2020/06/11	4142.11	4191.86	4092.48	4122.12
2020/06/12	4029.34	4146.18	4029.27	4108.49
2020/06/15	4080.73	4130.52	4051.79	4052.37
2020/06/16	4119.31	4155.72	4106.58	4155.72
2020/06/17	4170.59	4179.90	4135.09	4179.89
2020/06/18	4174.34	4250.35	4162.49	4245.66
2020/06/19	4247.63	4340.33	4243.62	4321.40
2020/06/22	4339.21	4395.55	4339.21	4377.03
2020/06/23	4377.43	4434.48	4345.96	4431.28
2020/06/24	4433.08	4455.73	4408.95	4445.86
2020/06/29	4430.34	4446.09	4388.92	4415.02
2020/06/30	4454.64	4544.77	4454.64	4529.94
2020/07/01	4534.48	4551.98	4440.92	4527.84
2020/07/02	4520.86	4573.81	4485.69	4551.93
2020/07/03	4557.91	4595.80	4493.96	4592.39
2020/07/06	4616.79	4799.56	4616.79	4781.08
2020/07/07	4838.55	5048.20	4838.55	4927.73
2020/07/08	4947.58	5024.46	4877.62	5014.33
2020/07/09	5017.10	5217.16	5013.42	5183.45
2020/07/10	5142.93	5211.66	5083.53	5117.88
2020/07/13	5115.32	5277.08	5115.32	5277.08
2020/07/14	5264.57	5264.57	5068.04	5173.60
2020/07/15	5199.98	5228.99	5048.95	5071.76
2020/07/16	5082.71	5117.87	4729.59	4754.83
2020/07/17	4768.38	4880.37	4713.53	4798.12
2020/07/20	4895.60	4903.70	4736.08	4867.56
2020/07/21	4894.78	4949.43	4856.50	4917.63
2020/07/22	4911.47	5050.80	4886.10	4978.56
2020/07/23	4917.41	4974.59	4817.26	4942.43
2020/07/24	4885.68	4907.60	4635.46	4666.56
2020/07/27	4691.71	4776.41	4668.82	4718.54
2020/07/28	4781.59	4796.30	4715.77	4780.16
2020/07/29	4772.82	4958.42	4765.26	4958.42
2020/07/30	4974.56	4974.80	4884.57	4899.45
2020/07/31	4906.31	5021.49	4883.04	4979.82
