'H30263'	腾讯济安	日线
日期	开盘	最高	最低	收盘
2013/11/18	1072.69	1087.83	1070.14	1087.83
2013/11/19	1088.11	1092.84	1082.44	1088.89
2013/11/20	1092.10	1102.48	1087.78	1102.48
2013/11/21	1098.89	1105.14	1091.09	1101.31
2013/11/22	1101.18	1104.80	1090.41	1092.50
2013/11/25	1090.89	1107.73	1088.38	1099.43
2013/11/26	1100.73	1111.51	1098.90	1109.10
2013/11/27	1107.23	1123.17	1106.83	1121.78
2013/11/28	1123.43	1138.43	1123.21	1131.82
2013/11/29	1132.61	1148.35	1131.36	1146.90
2013/12/02	1121.59	1133.26	1081.97	1090.51
2013/12/03	1085.50	1123.90	1084.08	1123.20
2013/12/04	1122.87	1155.22	1121.12	1145.91
2013/12/05	1145.73	1156.79	1141.87	1150.25
2013/12/06	1148.09	1153.40	1141.15	1144.48
2013/12/09	1147.03	1157.83	1147.03	1157.78
2013/12/10	1158.10	1164.80	1151.56	1160.83
2013/12/11	1158.80	1158.80	1139.00	1148.05
2013/12/12	1146.51	1163.41	1146.50	1155.40
2013/12/13	1151.57	1168.28	1147.34	1167.59
2013/12/16	1167.84	1170.71	1150.80	1152.94
2013/12/17	1152.51	1155.66	1141.18	1143.63
2013/12/18	1144.43	1153.19	1139.78	1146.47
2013/12/19	1148.78	1154.77	1136.14	1136.86
2013/12/20	1135.94	1140.90	1118.58	1121.13
2013/12/23	1121.22	1127.15	1102.64	1124.31
2013/12/24	1125.35	1144.32	1122.37	1134.60
2013/12/25	1133.69	1154.76	1130.36	1154.76
2013/12/26	1154.97	1155.24	1131.57	1131.72
2013/12/27	1131.15	1160.27	1131.05	1156.82
2013/12/30	1162.27	1168.06	1160.21	1163.84
2013/12/31	1158.82	1162.54	1149.61	1158.70
2014/01/02	1156.92	1170.68	1154.50	1170.63
2014/01/03	1167.15	1169.69	1154.52	1162.39
2014/01/06	1158.78	1158.78	1124.98	1125.93
2014/01/07	1121.02	1138.56	1117.75	1138.56
2014/01/08	1139.54	1150.70	1136.86	1142.55
2014/01/09	1138.85	1146.37	1117.29	1117.29
2014/01/10	1113.79	1116.61	1093.53	1097.71
2014/01/13	1097.26	1103.99	1086.09	1092.90
2014/01/14	1093.45	1120.99	1092.09	1120.99
2014/01/15	1118.90	1126.82	1116.39	1126.74
2014/01/16	1126.46	1139.18	1125.84	1130.63
2014/01/17	1127.15	1128.11	1116.55	1117.67
2014/01/20	1116.26	1121.92	1102.54	1106.85
2014/01/21	1106.37	1127.05	1106.37	1127.05
2014/01/22	1127.16	1152.16	1127.13	1152.16
2014/01/23	1152.70	1166.01	1150.57	1160.97
2014/01/24	1156.82	1175.87	1154.74	1173.42
2014/01/27	1167.55	1180.10	1161.44	1168.64
2014/01/28	1169.82	1175.56	1156.11	1167.63
2014/01/29	1168.56	1182.09	1167.62	1180.43
2014/01/30	1177.13	1180.22	1166.76	1168.88
2014/02/07	1160.15	1194.55	1157.90	1194.55
2014/02/10	1197.21	1228.48	1197.20	1228.31
2014/02/11	1226.33	1236.46	1211.81	1227.87
2014/02/12	1228.67	1246.11	1224.02	1246.11
2014/02/13	1243.55	1247.26	1219.90	1220.18
2014/02/14	1220.68	1252.72	1220.68	1252.72
2014/02/17	1259.18	1278.05	1257.68	1278.01
2014/02/18	1277.16	1283.30	1270.61	1275.75
2014/02/19	1273.28	1284.29	1266.85	1272.90
2014/02/20	1272.72	1276.04	1244.78	1248.31
2014/02/21	1245.74	1253.26	1230.89	1243.73
2014/02/24	1238.78	1252.71	1225.72	1252.71
2014/02/25	1254.48	1268.60	1196.04	1203.61
2014/02/26	1194.25	1210.24	1175.62	1210.16
2014/02/27	1211.07	1230.58	1189.73	1191.34
2014/02/28	1189.68	1204.12	1172.75	1203.22
2014/03/03	1202.15	1229.56	1200.40	1229.54
2014/03/04	1223.72	1229.05	1209.66	1227.61
2014/03/05	1230.67	1234.32	1221.71	1223.51
2014/03/06	1220.03	1232.89	1206.25	1229.81
2014/03/07	1229.29	1238.43	1220.40	1227.18
2014/03/10	1218.44	1218.44	1180.06	1181.05
2014/03/11	1176.80	1193.05	1172.03	1186.10
2014/03/12	1183.75	1192.33	1159.63	1178.99
2014/03/13	1177.15	1193.81	1176.89	1193.81
2014/03/14	1188.03	1196.15	1178.60	1187.60
2014/03/17	1188.11	1216.67	1188.11	1216.63
2014/03/18	1218.00	1228.82	1217.04	1222.94
2014/03/19	1222.38	1225.96	1209.47	1225.96
2014/03/20	1223.45	1232.10	1195.16	1195.44
2014/03/21	1189.42	1219.83	1183.64	1218.76
2014/03/24	1217.16	1229.58	1215.89	1225.10
2014/03/25	1222.76	1231.41	1217.10	1225.12
2014/03/26	1226.35	1234.16	1226.02	1231.01
2014/03/27	1229.25	1229.25	1209.61	1209.61
2014/03/28	1205.78	1209.03	1177.05	1178.46
2014/03/31	1178.13	1182.91	1166.28	1173.93
2014/04/01	1173.41	1194.18	1172.91	1194.18
2014/04/02	1194.53	1196.48	1185.65	1188.27
2014/04/03	1188.37	1194.63	1182.12	1187.04
2014/04/04	1186.27	1204.50	1184.59	1204.50
2014/04/08	1201.04	1218.20	1198.82	1218.20
2014/04/09	1219.45	1230.46	1219.26	1230.19
2014/04/10	1229.41	1237.14	1227.78	1230.17
2014/04/11	1224.38	1230.12	1217.79	1226.17
2014/04/14	1225.75	1238.98	1225.15	1238.65
2014/04/15	1238.87	1238.87	1227.34	1230.70
2014/04/16	1228.17	1236.74	1224.76	1235.22
2014/04/17	1236.11	1240.89	1232.53	1232.60
2014/04/18	1229.82	1235.84	1226.84	1235.65
2014/04/21	1226.55	1237.04	1214.97	1215.92
2014/04/22	1213.92	1220.70	1189.80	1205.09
2014/04/23	1202.96	1208.49	1193.71	1198.60
2014/04/24	1196.58	1197.85	1184.50	1184.76
2014/04/25	1183.17	1184.85	1154.04	1154.33
2014/04/28	1150.13	1150.16	1118.72	1119.94
2014/04/29	1115.88	1132.25	1114.77	1132.25
2014/04/30	1132.01	1145.20	1129.97	1143.23
2014/05/05	1142.35	1153.74	1138.59	1153.74
2014/05/06	1151.69	1163.85	1149.33	1159.40
2014/05/07	1156.02	1156.02	1138.50	1138.52
2014/05/08	1135.08	1154.34	1133.01	1138.63
2014/05/09	1137.72	1140.18	1118.13	1126.10
2014/05/12	1134.22	1157.21	1131.25	1157.21
2014/05/13	1156.55	1161.51	1151.45	1156.15
2014/05/14	1157.00	1160.71	1153.61	1157.14
2014/05/15	1156.40	1156.49	1131.67	1133.69
2014/05/16	1130.50	1134.04	1118.28	1131.41
2014/05/19	1128.50	1128.50	1116.71	1125.25
2014/05/20	1130.49	1140.32	1127.43	1130.01
2014/05/21	1127.80	1143.69	1118.70	1143.69
2014/05/22	1144.36	1154.23	1142.33	1144.02
2014/05/23	1141.33	1153.71	1140.44	1153.61
2014/05/26	1156.26	1167.51	1156.08	1167.51
2014/05/27	1165.90	1167.92	1159.41	1161.08
2014/05/28	1160.37	1174.92	1158.14	1174.92
2014/05/29	1176.76	1181.13	1160.32	1160.53
2014/05/30	1157.68	1162.23	1148.52	1157.72
2014/06/03	1158.75	1164.25	1157.34	1157.68
2014/06/04	1156.77	1156.77	1136.54	1146.84
2014/06/05	1145.15	1162.32	1144.87	1162.31
2014/06/06	1164.41	1166.33	1155.78	1162.43
2014/06/09	1159.47	1162.97	1152.64	1153.58
2014/06/10	1151.40	1165.85	1146.35	1165.58
2014/06/11	1163.96	1177.29	1162.00	1176.25
2014/06/12	1173.35	1177.97	1168.98	1174.14
2014/06/13	1170.69	1186.94	1169.87	1185.20
2014/06/16	1185.12	1191.49	1184.42	1190.72
2014/06/17	1188.69	1188.69	1177.35	1178.21
2014/06/18	1176.66	1179.18	1167.50	1168.01
2014/06/19	1167.61	1169.78	1135.11	1139.67
2014/06/20	1138.65	1152.36	1138.65	1152.16
2014/06/23	1152.43	1163.51	1152.43	1160.50
2014/06/24	1159.06	1170.09	1158.93	1170.09
2014/06/25	1168.58	1168.61	1160.37	1165.98
2014/06/26	1166.61	1183.82	1166.61	1182.06
2014/06/27	1182.70	1196.64	1180.69	1193.05
2014/06/30	1196.09	1204.15	1194.91	1204.15
2014/07/01	1205.45	1208.61	1200.23	1208.51
2014/07/02	1208.77	1216.88	1202.91	1216.88
2014/07/03	1218.05	1229.44	1214.15	1228.17
2014/07/04	1227.37	1228.92	1221.27	1225.86
2014/07/07	1225.42	1229.94	1219.49	1226.47
2014/07/08	1225.84	1234.85	1217.16	1234.85
2014/07/09	1233.06	1237.83	1216.99	1216.99
2014/07/10	1215.85	1226.95	1215.45	1220.73
2014/07/11	1218.93	1233.50	1218.93	1232.02
2014/07/14	1231.91	1250.23	1231.91	1250.23
2014/07/15	1250.74	1252.75	1236.20	1245.52
2014/07/16	1242.83	1246.05	1228.34	1231.12
2014/07/17	1230.13	1230.46	1219.07	1228.75
2014/07/18	1224.73	1239.19	1223.45	1232.18
2014/07/21	1232.14	1235.80	1226.95	1232.41
2014/07/22	1228.98	1243.40	1228.03	1241.93
2014/07/23	1240.63	1244.83	1225.38	1230.46
2014/07/24	1227.62	1233.67	1216.91	1230.60
2014/07/25	1231.31	1242.05	1231.26	1242.05
2014/07/28	1245.52	1261.80	1245.52	1259.77
2014/07/29	1261.22	1274.26	1257.85	1270.27
2014/07/30	1268.36	1271.65	1264.42	1270.84
2014/07/31	1270.85	1280.44	1268.01	1280.41
2014/08/01	1277.40	1285.90	1268.06	1268.71
2014/08/04	1269.62	1289.31	1269.43	1289.31
2014/08/05	1289.48	1296.38	1282.90	1296.38
2014/08/06	1292.56	1299.55	1285.46	1296.68
2014/08/07	1296.93	1303.50	1283.65	1284.70
2014/08/08	1284.39	1294.14	1283.50	1291.61
2014/08/11	1294.58	1312.54	1294.53	1312.51
2014/08/12	1311.47	1316.76	1308.02	1316.70
2014/08/13	1316.70	1322.06	1301.90	1317.25
2014/08/14	1316.73	1322.12	1305.91	1307.19
2014/08/15	1306.56	1324.66	1305.41	1323.00
2014/08/18	1325.97	1338.33	1325.97	1338.33
2014/08/19	1340.29	1340.62	1327.69	1335.21
2014/08/20	1333.88	1342.18	1330.58	1336.67
2014/08/21	1336.84	1340.38	1324.51	1340.38
2014/08/22	1339.76	1353.36	1338.04	1352.24
2014/08/25	1352.91	1352.91	1340.11	1342.77
2014/08/26	1340.15	1343.54	1311.38	1317.30
2014/08/27	1315.54	1323.43	1315.34	1319.56
2014/08/28	1319.26	1319.99	1300.99	1304.66
2014/08/29	1303.90	1318.93	1303.28	1318.93
2014/09/01	1320.75	1340.25	1320.75	1340.25
2014/09/02	1342.65	1361.41	1342.63	1361.36
2014/09/03	1364.34	1371.62	1359.77	1369.29
2014/09/04	1370.67	1382.65	1366.85	1382.49
2014/09/05	1386.17	1395.85	1383.44	1395.31
2014/09/09	1396.36	1399.47	1386.16	1399.47
2014/09/10	1395.65	1405.69	1388.45	1405.69
2014/09/11	1405.34	1423.66	1395.80	1404.08
2014/09/12	1400.83	1415.76	1398.47	1415.71
2014/09/15	1417.43	1429.32	1413.72	1428.32
2014/09/16	1431.15	1432.74	1382.72	1383.93
2014/09/17	1384.14	1394.99	1371.89	1394.99
2014/09/18	1393.95	1405.62	1389.07	1405.44
2014/09/19	1405.07	1422.25	1405.02	1421.47
2014/09/22	1424.78	1424.78	1408.22	1413.16
2014/09/23	1413.65	1428.54	1412.89	1428.54
2014/09/24	1425.42	1446.43	1422.78	1446.34
2014/09/25	1448.89	1457.21	1438.23	1444.23
2014/09/26	1441.52	1449.69	1437.95	1449.69
2014/09/29	1454.54	1466.12	1453.63	1466.10
2014/09/30	1467.19	1476.81	1463.80	1476.57
2014/10/08	1480.23	1493.65	1471.80	1493.65
2014/10/09	1494.74	1497.67	1471.92	1489.87
2014/10/10	1484.29	1489.82	1474.99	1483.77
2014/10/13	1478.94	1484.10	1461.65	1484.06
2014/10/14	1481.57	1492.00	1468.64	1477.30
2014/10/15	1478.22	1492.51	1467.11	1492.51
2014/10/16	1485.96	1505.55	1478.77	1478.77
2014/10/17	1475.86	1482.20	1441.72	1469.19
2014/10/20	1470.91	1485.69	1470.47	1485.63
2014/10/21	1484.97	1486.45	1464.21	1464.81
2014/10/22	1462.70	1468.60	1444.94	1445.83
2014/10/23	1443.61	1448.74	1421.10	1429.48
2014/10/24	1431.31	1448.24	1431.21	1440.04
2014/10/27	1435.68	1452.00	1427.87	1451.81
2014/10/28	1457.25	1491.42	1457.25	1491.36
2014/10/29	1495.58	1519.51	1492.89	1512.34
2014/10/30	1512.23	1527.62	1510.77	1518.60
2014/10/31	1520.82	1524.14	1505.74	1519.09
2014/11/03	1524.08	1539.61	1522.99	1539.37
2014/11/04	1542.74	1546.86	1525.29	1532.68
2014/11/05	1533.18	1536.80	1520.19	1530.39
2014/11/06	1530.05	1545.06	1525.79	1545.06
2014/11/07	1549.84	1556.82	1528.74	1535.36
2014/11/10	1542.41	1561.72	1538.96	1561.72
2014/11/11	1566.81	1567.50	1502.53	1516.02
2014/11/12	1511.43	1541.49	1509.13	1541.45
2014/11/13	1540.37	1540.47	1513.07	1520.05
2014/11/14	1513.47	1517.25	1504.07	1513.98
2014/11/17	1523.36	1543.94	1516.82	1536.40
2014/11/18	1534.76	1542.93	1533.82	1542.72
2014/11/19	1541.02	1552.24	1539.02	1549.33
2014/11/20	1542.95	1549.54	1538.43	1548.78
2014/11/21	1547.58	1563.11	1546.94	1563.11
2014/11/24	1576.61	1585.75	1565.40	1579.73
2014/11/25	1578.87	1600.96	1576.31	1600.96
2014/11/26	1601.36	1605.97	1589.94	1601.35
2014/11/27	1605.43	1608.48	1595.09	1608.47
2014/11/28	1607.57	1615.84	1596.25	1611.36
2014/12/01	1610.99	1611.31	1590.43	1600.79
2014/12/02	1599.13	1622.31	1595.99	1621.01
2014/12/03	1621.76	1632.47	1605.71	1632.46
2014/12/04	1633.33	1653.77	1631.33	1653.28
2014/12/05	1653.87	1654.36	1571.93	1612.90
2014/12/08	1610.84	1637.71	1599.03	1634.10
2014/12/09	1629.92	1658.86	1574.04	1581.55
2014/12/10	1583.82	1654.07	1580.06	1653.95
2014/12/11	1656.17	1683.44	1649.24	1680.01
2014/12/12	1684.83	1693.68	1672.83	1693.68
2014/12/15	1692.77	1719.75	1687.54	1715.95
2014/12/16	1715.89	1719.65	1696.38	1708.21
2014/12/17	1704.97	1705.20	1668.15	1687.35
2014/12/18	1684.28	1697.89	1682.79	1691.22
2014/12/19	1689.34	1690.79	1654.38	1688.06
2014/12/22	1687.01	1687.58	1626.39	1633.44
2014/12/23	1625.53	1641.64	1610.14	1612.44
2014/12/24	1618.97	1635.94	1615.48	1635.94
2014/12/25	1639.72	1662.75	1636.14	1662.73
2014/12/26	1662.14	1674.19	1657.25	1673.02
2014/12/29	1676.08	1676.08	1646.30	1656.92
2014/12/30	1651.86	1656.17	1620.50	1626.11
2014/12/31	1630.93	1642.37	1618.17	1641.64
2015/01/05	1649.65	1687.20	1642.80	1683.23
2015/01/06	1680.00	1725.18	1671.64	1725.18
2015/01/07	1725.00	1728.15	1704.34	1719.46
2015/01/08	1723.36	1731.79	1708.07	1711.87
2015/01/09	1712.58	1738.86	1706.03	1706.25
2015/01/12	1700.84	1702.51	1672.42	1686.83
2015/01/13	1684.81	1707.90	1684.78	1707.32
2015/01/14	1708.77	1711.86	1689.17	1698.43
2015/01/15	1698.03	1721.58	1697.98	1721.58
2015/01/16	1724.65	1752.47	1723.14	1751.22
2015/01/19	1705.76	1747.46	1661.25	1684.60
2015/01/20	1695.55	1748.51	1695.55	1748.51
2015/01/21	1756.95	1786.52	1755.02	1785.91
2015/01/22	1785.52	1803.00	1778.88	1799.48
2015/01/23	1801.39	1802.74	1771.67	1778.07
2015/01/26	1778.74	1812.60	1778.72	1812.60
2015/01/27	1815.90	1820.65	1787.22	1817.73
2015/01/28	1812.75	1825.28	1802.19	1806.93
2015/01/29	1789.94	1803.27	1780.59	1787.28
2015/01/30	1791.00	1796.35	1762.81	1762.89
2015/02/02	1743.24	1766.06	1736.65	1752.82
2015/02/03	1759.76	1785.48	1759.76	1785.03
2015/02/04	1788.04	1791.17	1770.40	1771.01
2015/02/05	1785.44	1794.94	1763.15	1763.23
2015/02/06	1758.40	1765.44	1718.95	1728.33
2015/02/09	1728.47	1734.17	1714.68	1719.40
2015/02/10	1718.64	1744.95	1717.26	1744.95
2015/02/11	1749.23	1764.09	1747.79	1764.05
2015/02/12	1766.11	1789.45	1766.11	1787.95
2015/02/13	1794.40	1818.47	1794.00	1810.42
2015/02/16	1816.45	1848.87	1816.09	1848.55
2015/02/17	1853.69	1856.06	1841.56	1849.42
2015/02/25	1854.90	1857.23	1835.30	1840.71
2015/02/26	1840.32	1861.98	1838.83	1861.98
2015/02/27	1860.15	1876.30	1857.13	1872.09
2015/03/02	1882.61	1907.69	1875.67	1907.65
2015/03/03	1898.70	1908.49	1876.85	1877.65
2015/03/04	1878.46	1909.95	1877.85	1909.95
2015/03/05	1912.77	1919.75	1899.83	1919.72
2015/03/06	1925.59	1931.60	1892.67	1897.48
2015/03/09	1891.06	1923.53	1883.22	1923.52
2015/03/10	1930.59	1955.08	1929.62	1947.50
2015/03/11	1949.79	1952.14	1935.87	1942.06
2015/03/12	1946.75	1949.84	1926.75	1938.12
2015/03/13	1946.50	1970.44	1940.40	1970.44
2015/03/16	1985.67	2027.62	1985.62	2027.38
2015/03/17	2036.30	2053.00	2018.40	2042.07
2015/03/18	2046.10	2093.86	2044.07	2093.86
2015/03/19	2092.56	2102.31	2075.18	2098.73
2015/03/20	2103.05	2129.96	2101.40	2113.31
2015/03/23	2123.93	2172.47	2123.93	2172.46
2015/03/24	2181.39	2187.77	2111.70	2185.63
2015/03/25	2189.18	2233.91	2173.71	2216.71
2015/03/26	2208.04	2231.07	2178.85	2210.32
2015/03/27	2208.46	2235.35	2204.73	2227.24
2015/03/30	2238.51	2262.99	2238.40	2258.60
2015/03/31	2267.36	2284.98	2253.00	2261.59
2015/04/01	2262.86	2329.28	2262.46	2324.79
2015/04/02	2335.96	2373.99	2334.09	2373.99
2015/04/03	2357.90	2412.77	2348.50	2410.08
2015/04/07	2437.27	2480.74	2437.27	2480.74
2015/04/08	2506.83	2508.73	2428.24	2471.64
2015/04/09	2488.18	2488.18	2366.84	2456.59
2015/04/10	2450.35	2530.73	2438.04	2524.61
2015/04/13	2545.87	2612.17	2545.86	2606.11
2015/04/14	2627.03	2662.19	2607.37	2632.42
2015/04/15	2639.18	2640.33	2557.72	2563.45
2015/04/16	2542.40	2644.13	2514.89	2621.14
2015/04/17	2658.42	2672.03	2627.10	2645.55
2015/04/20	2655.30	2671.37	2575.77	2595.42
2015/04/21	2585.58	2657.70	2580.80	2657.10
2015/04/22	2657.32	2716.36	2656.95	2707.54
2015/04/23	2711.59	2728.65	2685.32	2718.20
2015/04/24	2684.64	2757.12	2671.64	2748.11
2015/04/27	2790.35	2810.19	2753.46	2784.43
2015/04/28	2789.89	2790.09	2670.93	2694.68
2015/04/29	2680.51	2759.22	2674.85	2758.39
2015/04/30	2768.97	2788.74	2752.05	2752.53
2015/05/04	2752.99	2762.37	2702.19	2762.16
2015/05/05	2757.57	2765.12	2657.58	2675.02
2015/05/06	2689.85	2723.52	2617.44	2629.25
2015/05/07	2620.51	2632.48	2582.83	2589.02
2015/05/08	2616.84	2692.29	2615.39	2692.26
2015/05/11	2719.04	2790.56	2697.81	2790.04
2015/05/12	2804.26	2828.71	2781.34	2828.49
2015/05/13	2820.92	2870.03	2794.83	2839.18
2015/05/14	2838.62	2864.40	2827.58	2853.86
2015/05/15	2850.66	2851.03	2789.48	2824.41
2015/05/18	2815.95	2870.53	2806.67	2861.83
2015/05/19	2876.35	2952.01	2875.43	2950.71
2015/05/20	2973.95	3073.60	2973.95	3018.91
2015/05/21	3040.55	3134.89	3039.51	3134.85
2015/05/22	3186.37	3201.09	3104.43	3173.45
2015/05/25	3149.08	3252.67	3131.61	3252.31
2015/05/26	3270.57	3361.13	3257.19	3361.05
2015/05/27	3376.20	3395.60	3302.86	3383.26
2015/05/28	3387.76	3446.45	3198.73	3202.44
2015/05/29	3202.79	3291.35	3064.83	3240.03
2015/06/01	3283.35	3420.33	3279.73	3420.33
2015/06/02	3463.37	3555.47	3444.68	3555.28
2015/06/03	3574.90	3575.89	3462.57	3538.98
2015/06/04	3556.84	3557.06	3310.82	3538.33
2015/06/05	3576.09	3608.77	3494.83	3570.93
2015/06/08	3583.78	3583.78	3472.36	3529.57
2015/06/09	3535.70	3547.40	3459.59	3513.51
2015/06/10	3490.72	3601.35	3455.93	3565.12
2015/06/11	3562.97	3595.89	3537.03	3595.80
2015/06/12	3606.95	3655.92	3582.52	3635.67
2015/06/15	3644.13	3666.99	3577.12	3596.07
2015/06/16	3556.69	3556.69	3417.77	3450.92
2015/06/17	3440.14	3518.33	3321.79	3509.13
2015/06/18	3498.33	3538.86	3401.24	3407.38
2015/06/19	3328.77	3361.12	3150.87	3153.65
2015/06/23	3153.87	3204.65	2965.35	3203.57
2015/06/24	3237.71	3295.45	3191.36	3294.62
2015/06/25	3297.13	3306.27	3117.64	3156.74
2015/06/26	3060.95	3066.77	2879.23	2885.96
2015/06/29	2949.13	2954.74	2647.79	2713.48
2015/06/30	2676.10	2873.66	2548.35	2868.48
2015/07/01	2833.02	2926.04	2702.53	2713.08
2015/07/02	2706.07	2723.59	2522.92	2557.41
2015/07/03	2476.89	2595.75	2360.09	2413.79
2015/07/06	2601.46	2601.46	2280.61	2388.86
2015/07/07	2291.15	2319.38	2210.26	2227.43
2015/07/08	2075.82	2138.60	2068.89	2115.03
2015/07/09	2076.17	2246.29	2076.17	2244.18
2015/07/10	2309.16	2389.50	2302.54	2383.49
2015/07/13	2471.00	2536.72	2449.91	2530.03
2015/07/14	2553.06	2634.16	2521.19	2547.98
2015/07/15	2526.22	2537.03	2379.57	2397.08
2015/07/16	2376.49	2499.80	2305.44	2449.79
2015/07/17	2464.13	2596.13	2462.07	2577.31
2015/07/20	2587.52	2643.64	2549.52	2608.93
2015/07/21	2581.57	2672.31	2558.78	2647.16
2015/07/22	2650.50	2673.28	2591.73	2658.86
2015/07/23	2654.98	2746.89	2644.92	2740.12
2015/07/24	2747.72	2774.07	2670.70	2692.50
2015/07/27	2639.33	2708.53	2483.53	2489.97
2015/07/28	2390.27	2516.86	2331.20	2444.21
2015/07/29	2476.46	2560.58	2403.27	2559.52
2015/07/30	2543.39	2591.66	2472.13	2482.33
2015/07/31	2447.73	2508.08	2434.06	2465.29
2015/08/03	2439.24	2459.14	2366.54	2419.90
2015/08/04	2418.65	2547.38	2415.05	2547.36
2015/08/05	2537.70	2576.95	2502.25	2519.44
2015/08/06	2469.56	2535.31	2458.50	2503.16
2015/08/07	2519.91	2573.13	2518.56	2571.79
2015/08/10	2598.86	2707.97	2590.59	2696.14
2015/08/11	2696.92	2741.88	2675.31	2706.41
2015/08/12	2679.87	2726.92	2673.13	2686.58
2015/08/13	2672.36	2744.36	2654.92	2743.90
2015/08/14	2760.64	2786.87	2733.63	2748.85
2015/08/17	2739.00	2796.68	2713.93	2796.13
2015/08/18	2793.69	2798.81	2559.11	2562.58
2015/08/19	2482.36	2633.00	2407.65	2613.84
2015/08/20	2583.06	2632.58	2536.20	2537.57
2015/08/21	2490.76	2520.42	2380.99	2394.97
2015/08/24	2285.46	2296.53	2180.75	2181.23
2015/08/25	2018.40	2098.54	1994.28	2001.59
2015/08/26	2021.94	2097.26	1923.25	1965.14
2015/08/27	2009.10	2070.77	1958.04	2070.77
2015/08/28	2105.75	2197.51	2093.60	2195.23
2015/08/31	2170.14	2170.14	2106.45	2128.80
2015/09/01	2105.21	2105.21	1996.61	2025.91
2015/09/02	1936.72	2076.96	1926.15	2032.25
2015/09/07	2050.78	2112.97	2010.85	2024.89
2015/09/08	2007.17	2108.20	1985.53	2105.31
2015/09/09	2109.91	2175.69	2103.11	2154.75
2015/09/10	2117.57	2150.19	2106.93	2115.08
2015/09/11	2107.66	2134.28	2085.10	2116.82
2015/09/14	2130.78	2139.54	1960.21	1987.10
2015/09/15	1942.23	1979.33	1887.10	1895.78
2015/09/16	1907.46	2051.41	1901.17	2037.50
2015/09/17	2022.78	2080.23	1990.03	1990.43
2015/09/18	2009.62	2029.11	1982.91	2015.87
2015/09/21	1993.38	2082.76	1985.21	2081.10
2015/09/22	2084.88	2106.75	2061.44	2088.31
2015/09/23	2057.09	2083.35	2040.21	2054.74
2015/09/24	2063.68	2089.92	2059.49	2084.09
2015/09/25	2079.03	2095.13	2019.13	2035.42
2015/09/28	2038.01	2075.80	2010.98	2075.80
2015/09/29	2041.26	2066.35	2029.02	2042.24
2015/09/30	2056.70	2065.87	2032.68	2043.49
2015/10/08	2115.77	2137.83	2100.75	2120.21
2015/10/09	2118.49	2157.20	2113.48	2149.37
2015/10/12	2161.36	2254.41	2159.73	2231.74
2015/10/13	2211.88	2252.68	2205.41	2251.52
2015/10/14	2241.51	2256.69	2219.91	2221.65
2015/10/15	2211.29	2288.68	2211.04	2288.54
2015/10/16	2305.93	2323.98	2276.90	2323.37
2015/10/19	2326.56	2340.81	2290.99	2317.30
2015/10/20	2311.63	2347.47	2299.07	2347.47
2015/10/21	2348.62	2352.78	2186.66	2202.19
2015/10/22	2202.72	2280.96	2202.72	2278.57
2015/10/23	2295.32	2352.99	2291.17	2345.10
2015/10/26	2369.40	2378.47	2332.24	2359.37
2015/10/27	2343.43	2388.72	2273.76	2379.77
2015/10/28	2366.17	2391.88	2314.31	2324.02
2015/10/29	2338.33	2367.27	2313.76	2346.32
2015/10/30	2340.58	2375.27	2307.52	2346.67
2015/11/02	2301.82	2360.83	2292.72	2297.28
2015/11/03	2302.28	2316.69	2277.22	2294.68
2015/11/04	2305.45	2406.20	2305.45	2406.14
2015/11/05	2408.43	2438.94	2394.21	2415.61
2015/11/06	2419.11	2472.82	2418.78	2469.16
2015/11/09	2457.84	2511.32	2443.07	2498.97
2015/11/10	2483.68	2518.14	2474.21	2500.90
2015/11/11	2503.82	2529.61	2492.79	2529.08
2015/11/12	2539.37	2543.95	2491.19	2528.48
2015/11/13	2498.49	2517.96	2459.62	2479.30
2015/11/16	2434.35	2524.53	2428.81	2524.53
2015/11/17	2551.10	2573.46	2512.03	2517.65
2015/11/18	2518.68	2534.51	2476.85	2481.48
2015/11/19	2487.30	2541.79	2487.30	2541.70
2015/11/20	2552.17	2573.88	2539.04	2564.61
2015/11/23	2562.04	2590.60	2540.40	2552.35
2015/11/24	2545.16	2571.99	2516.09	2571.99
2015/11/25	2568.42	2616.15	2567.61	2614.54
2015/11/26	2625.35	2634.08	2597.63	2603.92
2015/11/27	2586.87	2598.95	2425.87	2445.97
2015/11/30	2451.68	2484.07	2360.50	2479.40
2015/12/01	2477.30	2511.88	2463.78	2489.91
2015/12/02	2484.91	2494.69	2420.09	2494.58
2015/12/03	2494.19	2541.77	2491.79	2541.77
2015/12/04	2526.65	2547.73	2499.55	2521.27
2015/12/07	2525.97	2554.95	2513.05	2548.88
2015/12/08	2534.42	2534.42	2491.95	2500.00
2015/12/09	2490.70	2512.96	2477.41	2492.89
2015/12/10	2490.89	2510.18	2476.58	2482.55
2015/12/11	2470.47	2474.69	2445.58	2453.89
2015/12/14	2432.55	2517.24	2427.81	2517.20
2015/12/15	2517.32	2544.38	2517.24	2535.07
2015/12/16	2542.12	2558.99	2534.35	2541.57
2015/12/17	2562.84	2609.14	2562.84	2609.14
2015/12/18	2611.26	2621.29	2592.62	2614.48
2015/12/21	2613.09	2677.50	2610.10	2672.67
2015/12/22	2679.80	2696.29	2656.62	2696.29
2015/12/23	2704.64	2715.47	2667.60	2671.70
2015/12/24	2660.56	2670.36	2613.18	2659.83
2015/12/25	2660.78	2690.33	2660.78	2687.11
2015/12/28	2699.21	2708.01	2615.51	2615.77
2015/12/29	2613.39	2651.68	2598.50	2651.68
2015/12/30	2656.07	2676.46	2640.88	2675.48
2015/12/31	2677.02	2680.66	2627.58	2628.04
2016/01/04	2620.81	2625.81	2405.77	2405.79
2016/01/05	2318.47	2437.50	2312.31	2402.26
2016/01/06	2409.18	2455.36	2392.13	2455.36
2016/01/07	2408.98	2408.98	2243.21	2246.93
2016/01/08	2309.97	2329.55	2190.97	2294.33
2016/01/11	2245.10	2276.56	2136.95	2136.99
2016/01/12	2140.85	2174.48	2108.30	2150.17
2016/01/13	2162.32	2183.77	2088.98	2089.16
2016/01/14	2028.45	2160.51	2023.86	2158.74
2016/01/15	2145.31	2158.68	2062.46	2075.71
2016/01/18	2033.24	2126.50	2031.27	2100.80
2016/01/19	2095.68	2178.31	2091.02	2176.80
2016/01/20	2160.52	2186.21	2131.70	2149.11
2016/01/21	2117.98	2170.04	2073.89	2073.96
2016/01/22	2098.52	2110.79	2042.62	2098.98
2016/01/25	2115.73	2135.06	2096.53	2117.86
2016/01/26	2096.16	2097.90	1955.50	1958.23
2016/01/27	1971.63	1977.72	1859.50	1940.55
2016/01/28	1915.23	1944.89	1872.49	1878.43
2016/01/29	1879.08	1969.56	1879.08	1953.50
2016/02/01	1951.83	1962.89	1909.49	1934.43
2016/02/02	1937.11	1998.71	1936.96	1992.52
2016/02/03	1968.03	2002.08	1952.54	1995.68
2016/02/04	2001.92	2040.29	2001.82	2031.73
2016/02/05	2034.19	2039.88	2012.95	2014.68
2016/02/15	1952.35	2019.27	1948.95	2009.23
2016/02/16	2018.10	2088.65	2017.94	2086.17
2016/02/17	2081.92	2106.16	2067.18	2104.46
2016/02/18	2113.70	2120.02	2088.69	2091.31
2016/02/19	2085.19	2105.58	2078.94	2098.14
2016/02/22	2121.46	2142.58	2111.69	2142.58
2016/02/23	2144.36	2146.93	2103.40	2127.79
2016/02/24	2122.36	2148.58	2094.45	2143.11
2016/02/25	2138.25	2138.26	1965.40	1975.30
2016/02/26	1997.57	2008.54	1958.31	1997.94
2016/02/29	1982.44	1984.23	1875.65	1905.56
2016/03/01	1904.34	1957.50	1885.27	1945.57
2016/03/02	1944.81	2043.07	1942.69	2038.95
2016/03/03	2035.86	2062.85	2030.97	2038.90
2016/03/04	2029.97	2044.42	1965.23	1994.51
2016/03/07	2008.67	2050.21	2008.67	2031.93
2016/03/08	2029.16	2041.42	1960.48	2041.42
2016/03/09	2001.49	2018.42	1983.56	2001.53
2016/03/10	2000.53	2013.41	1971.04	1972.41
2016/03/11	1952.29	1978.55	1942.15	1969.30
2016/03/14	1991.01	2054.88	1991.01	2032.16
2016/03/15	2025.72	2039.73	2011.81	2032.12
2016/03/16	2037.24	2043.64	2002.10	2013.55
2016/03/17	2019.19	2076.06	2016.94	2066.78
2016/03/18	2073.97	2136.23	2072.96	2125.61
2016/03/21	2151.53	2176.36	2147.59	2175.46
2016/03/22	2158.26	2182.15	2147.07	2168.67
2016/03/23	2163.68	2180.67	2151.56	2180.67
2016/03/24	2164.04	2180.18	2143.60	2145.90
2016/03/25	2141.37	2169.38	2139.26	2169.38
2016/03/28	2176.93	2199.37	2152.13	2158.39
2016/03/29	2152.37	2158.63	2102.17	2116.30
2016/03/30	2133.14	2192.36	2133.14	2192.36
2016/03/31	2197.97	2215.12	2189.86	2199.31
2016/04/01	2192.01	2202.95	2152.77	2194.09
2016/04/05	2193.34	2249.75	2189.67	2247.02
2016/04/06	2239.44	2251.41	2225.28	2248.39
2016/04/07	2253.98	2258.82	2217.81	2217.84
2016/04/08	2203.91	2211.03	2179.78	2204.02
2016/04/11	2220.86	2261.55	2220.86	2250.44
2016/04/12	2244.10	2247.80	2211.05	2234.45
2016/04/13	2245.48	2292.16	2245.48	2264.86
2016/04/14	2277.59	2281.90	2255.48	2280.12
2016/04/15	2280.76	2282.33	2259.38	2272.29
2016/04/18	2259.32	2259.32	2227.25	2239.92
2016/04/19	2250.13	2257.24	2232.51	2251.40
2016/04/20	2253.07	2256.40	2116.98	2161.43
2016/04/21	2147.57	2177.36	2139.89	2142.47
2016/04/22	2132.76	2166.39	2127.83	2166.38
2016/04/25	2157.93	2161.27	2124.50	2157.29
2016/04/26	2151.40	2184.77	2151.19	2184.77
2016/04/27	2183.60	2200.98	2174.12	2177.90
2016/04/28	2176.64	2180.79	2137.27	2177.57
2016/04/29	2165.09	2187.45	2162.46	2174.53
2016/05/03	2173.57	2238.17	2164.58	2238.17
2016/05/04	2228.70	2253.99	2225.41	2241.02
2016/05/05	2235.45	2246.24	2224.46	2244.90
2016/05/06	2246.03	2254.24	2164.37	2164.37
2016/05/09	2146.07	2146.07	2088.82	2098.26
2016/05/10	2093.36	2113.40	2086.44	2105.29
2016/05/11	2116.32	2145.05	2103.11	2117.90
2016/05/12	2091.00	2126.07	2061.66	2125.99
2016/05/13	2115.84	2141.59	2101.52	2114.08
2016/05/16	2104.43	2150.21	2095.40	2150.17
2016/05/17	2149.53	2153.37	2123.67	2132.14
2016/05/18	2117.36	2117.36	2052.70	2079.37
2016/05/19	2075.38	2108.01	2075.38	2085.63
2016/05/20	2068.75	2107.34	2060.04	2107.34
2016/05/23	2111.19	2140.42	2111.19	2140.42
2016/05/24	2137.53	2137.59	2103.72	2118.13
2016/05/25	2130.83	2142.23	2105.23	2115.39
2016/05/26	2111.05	2131.33	2073.95	2131.24
2016/05/27	2123.63	2146.16	2117.80	2131.47
2016/05/30	2121.35	2143.36	2104.05	2128.22
2016/05/31	2130.27	2208.53	2130.21	2208.47
2016/06/01	2210.86	2229.16	2207.79	2215.30
2016/06/02	2212.36	2226.57	2205.85	2226.53
2016/06/03	2227.12	2245.82	2216.58	2238.59
2016/06/06	2244.02	2250.89	2231.58	2246.40
2016/06/07	2248.51	2255.36	2239.07	2254.08
2016/06/08	2252.46	2260.81	2229.12	2248.73
2016/06/13	2217.98	2232.98	2151.66	2151.88
2016/06/14	2147.37	2165.46	2142.39	2162.76
2016/06/15	2140.60	2236.63	2136.88	2230.98
2016/06/16	2230.35	2245.34	2221.45	2229.81
2016/06/17	2234.52	2259.13	2226.85	2242.64
2016/06/20	2244.54	2265.96	2228.79	2262.85
2016/06/21	2272.54	2287.26	2235.52	2244.66
2016/06/22	2241.27	2278.36	2238.85	2278.32
2016/06/23	2273.61	2276.97	2247.48	2262.93
2016/06/24	2259.23	2279.49	2187.76	2239.61
2016/06/27	2225.59	2291.00	2225.59	2290.92
2016/06/28	2279.85	2310.80	2275.77	2309.39
2016/06/29	2312.76	2320.64	2306.15	2311.55
2016/06/30	2317.98	2323.72	2308.86	2319.94
2016/07/01	2322.13	2333.06	2309.86	2316.60
2016/07/04	2301.85	2361.24	2300.28	2358.93
2016/07/05	2361.17	2367.70	2349.98	2365.90
2016/07/06	2359.32	2373.28	2349.42	2371.91
2016/07/07	2369.55	2373.77	2343.76	2362.67
2016/07/08	2359.37	2371.43	2350.13	2361.98
2016/07/11	2365.49	2388.98	2357.87	2358.08
2016/07/12	2359.87	2403.36	2341.38	2403.17
2016/07/13	2408.50	2423.64	2402.80	2418.98
2016/07/14	2414.22	2426.04	2409.76	2425.76
2016/07/15	2427.11	2430.88	2409.66	2423.37
2016/07/18	2418.27	2427.08	2398.01	2410.48
2016/07/19	2407.80	2413.72	2388.96	2413.13
2016/07/20	2413.35	2427.82	2409.02	2415.39
2016/07/21	2413.96	2438.05	2410.39	2421.06
2016/07/22	2419.61	2424.48	2390.85	2392.81
2016/07/25	2392.24	2414.04	2390.09	2405.01
2016/07/26	2403.61	2440.05	2402.89	2439.76
2016/07/27	2441.36	2451.02	2326.44	2355.42
2016/07/28	2350.86	2380.49	2340.44	2378.63
2016/07/29	2376.75	2385.36	2359.57	2367.80
2016/08/01	2355.94	2355.96	2302.91	2324.52
2016/08/02	2322.27	2349.36	2321.65	2349.23
2016/08/03	2341.97	2362.13	2337.32	2359.08
2016/08/04	2356.25	2368.35	2344.64	2367.81
2016/08/05	2365.45	2375.45	2358.22	2359.21
2016/08/08	2354.66	2391.91	2342.81	2391.53
2016/08/09	2388.69	2418.09	2386.40	2418.01
2016/08/10	2414.75	2421.43	2401.74	2402.88
2016/08/11	2398.63	2406.51	2371.61	2372.02
2016/08/12	2371.47	2400.28	2367.48	2400.13
2016/08/15	2403.61	2459.53	2403.61	2453.24
2016/08/16	2459.30	2470.72	2455.44	2460.64
2016/08/17	2459.97	2475.62	2451.92	2471.70
2016/08/18	2467.44	2474.79	2455.03	2463.15
2016/08/19	2461.70	2469.74	2447.42	2464.15
2016/08/22	2465.06	2468.21	2433.18	2434.19
2016/08/23	2433.51	2449.73	2421.55	2437.00
2016/08/24	2438.70	2453.36	2435.59	2441.29
2016/08/25	2430.70	2430.70	2398.78	2427.71
2016/08/26	2430.65	2454.50	2428.10	2433.67
2016/08/29	2432.36	2440.27	2423.13	2434.89
2016/08/30	2435.26	2444.36	2430.00	2435.91
2016/08/31	2434.90	2439.37	2423.12	2437.96
2016/09/01	2436.98	2440.51	2416.83	2416.83
2016/09/02	2413.26	2420.10	2393.05	2405.09
2016/09/05	2409.32	2425.36	2409.31	2415.78
2016/09/06	2416.14	2454.16	2400.77	2453.76
2016/09/07	2455.43	2468.83	2450.38	2452.66
2016/09/08	2450.69	2466.58	2450.35	2466.26
2016/09/09	2465.95	2473.80	2454.28	2454.37
2016/09/12	2415.34	2420.72	2382.76	2392.00
2016/09/13	2401.64	2408.69	2393.82	2408.60
2016/09/14	2395.42	2404.01	2385.19	2390.95
2016/09/19	2393.85	2413.08	2393.85	2412.94
2016/09/20	2410.74	2410.74	2398.09	2405.31
2016/09/21	2405.48	2415.71	2402.84	2407.38
2016/09/22	2417.76	2432.26	2416.08	2420.30
2016/09/23	2421.09	2424.39	2410.71	2411.28
2016/09/26	2407.52	2408.48	2360.50	2361.01
2016/09/27	2356.54	2376.08	2349.58	2376.02
2016/09/28	2379.48	2379.85	2364.98	2367.88
2016/09/29	2369.09	2384.58	2369.09	2377.41
2016/09/30	2374.69	2391.63	2373.98	2388.09
2016/10/10	2401.20	2431.90	2398.48	2431.66
2016/10/11	2431.96	2440.64	2429.14	2440.40
2016/10/12	2433.53	2439.90	2428.66	2439.56
2016/10/13	2439.45	2443.70	2432.10	2437.98
2016/10/14	2435.18	2436.50	2417.69	2435.78
2016/10/17	2438.55	2443.26	2408.51	2414.59
2016/10/18	2415.27	2451.03	2415.12	2451.02
2016/10/19	2453.11	2455.97	2441.29	2446.70
2016/10/20	2449.84	2457.87	2446.52	2456.08
2016/10/21	2453.60	2457.79	2428.74	2450.08
2016/10/24	2450.41	2480.49	2449.27	2473.07
2016/10/25	2474.58	2478.22	2470.28	2477.97
2016/10/26	2477.95	2478.68	2460.67	2468.18
2016/10/27	2467.20	2467.32	2452.96	2462.50
2016/10/28	2461.02	2469.69	2448.14	2448.84
2016/10/31	2442.33	2448.01	2431.37	2447.74
2016/11/01	2448.87	2468.64	2446.40	2467.52
2016/11/02	2463.00	2469.71	2447.65	2449.99
2016/11/03	2444.78	2476.96	2442.50	2465.78
2016/11/04	2463.85	2469.97	2448.35	2453.72
2016/11/07	2454.98	2465.10	2448.31	2457.87
2016/11/08	2465.93	2478.37	2464.44	2474.32
2016/11/09	2474.27	2474.44	2424.16	2447.79
2016/11/10	2465.81	2492.49	2465.81	2490.72
2016/11/11	2489.77	2505.17	2487.92	2503.11
2016/11/14	2502.98	2519.38	2499.47	2514.17
2016/11/15	2517.48	2524.12	2508.81	2523.94
2016/11/16	2528.27	2530.62	2520.86	2523.47
2016/11/17	2522.21	2522.21	2504.84	2518.64
2016/11/18	2518.66	2525.72	2505.70	2510.56
2016/11/21	2509.83	2528.55	2509.41	2521.44
2016/11/22	2525.83	2545.21	2525.83	2545.00
2016/11/23	2547.29	2550.27	2523.24	2529.29
2016/11/24	2525.93	2543.95	2523.95	2529.93
2016/11/25	2531.48	2544.22	2500.11	2543.92
2016/11/28	2548.15	2553.45	2542.08	2543.50
2016/11/29	2538.26	2555.22	2531.01	2532.76
2016/11/30	2529.10	2531.90	2514.48	2520.74
2016/12/01	2526.51	2544.11	2526.28	2543.60
2016/12/02	2543.87	2547.78	2503.18	2504.74
2016/12/05	2478.97	2499.58	2474.68	2482.49
2016/12/06	2480.66	2493.37	2480.46	2482.36
2016/12/07	2483.92	2509.68	2480.19	2509.68
2016/12/08	2514.55	2514.85	2499.87	2501.89
2016/12/09	2500.49	2512.57	2495.40	2503.43
2016/12/12	2506.58	2507.49	2403.26	2406.27
2016/12/13	2401.79	2420.95	2382.98	2415.11
2016/12/14	2410.01	2425.65	2398.26	2401.68
2016/12/15	2396.75	2426.87	2394.51	2414.45
2016/12/16	2412.17	2432.96	2412.17	2426.88
2016/12/19	2422.45	2436.29	2413.01	2436.00
2016/12/20	2432.54	2432.67	2413.67	2423.16
2016/12/21	2426.08	2446.29	2426.08	2445.93
2016/12/22	2442.57	2448.54	2432.94	2446.29
2016/12/23	2444.20	2444.48	2421.03	2423.07
2016/12/26	2413.32	2432.24	2387.92	2432.06
2016/12/27	2432.04	2438.56	2430.59	2434.01
2016/12/28	2431.56	2435.09	2421.25	2427.48
2016/12/29	2424.21	2437.20	2418.63	2422.96
2016/12/30	2424.30	2434.18	2419.42	2431.20
2017/01/03	2433.40	2458.48	2433.40	2458.29
2017/01/04	2458.17	2483.16	2454.31	2482.87
2017/01/05	2481.46	2489.18	2478.21	2487.13
2017/01/06	2485.69	2487.56	2478.19	2481.11
2017/01/09	2478.55	2501.02	2478.36	2500.54
2017/01/10	2498.71	2504.14	2485.61	2485.63
2017/01/11	2483.22	2488.22	2458.81	2459.29
2017/01/12	2458.35	2468.37	2441.16	2442.76
2017/01/13	2442.92	2446.57	2417.20	2421.55
2017/01/16	2416.58	2416.96	2312.22	2371.13
2017/01/17	2359.79	2382.51	2342.41	2381.97
2017/01/18	2377.45	2395.82	2371.96	2384.49
2017/01/19	2382.29	2389.34	2372.42	2375.88
2017/01/20	2372.80	2406.58	2371.33	2402.69
2017/01/23	2402.45	2425.93	2402.45	2421.44
2017/01/24	2418.32	2426.85	2416.51	2421.37
2017/01/25	2416.97	2430.69	2411.22	2428.98
2017/01/26	2429.63	2444.08	2429.63	2440.97
2017/02/03	2441.55	2443.02	2425.21	2430.10
2017/02/06	2428.77	2449.45	2425.67	2449.35
2017/02/07	2446.65	2456.75	2439.67	2450.81
2017/02/08	2447.09	2464.68	2436.53	2464.42
2017/02/09	2462.18	2481.06	2461.12	2480.98
2017/02/10	2481.78	2498.14	2480.82	2493.45
2017/02/13	2495.96	2503.62	2491.36	2503.30
2017/02/14	2502.58	2510.05	2494.72	2508.50
2017/02/15	2501.78	2503.40	2472.91	2476.27
2017/02/16	2473.50	2493.04	2472.88	2492.73
2017/02/17	2490.72	2497.67	2468.59	2470.92
2017/02/20	2471.35	2514.29	2471.35	2514.17
2017/02/21	2517.87	2528.70	2515.68	2528.27
2017/02/22	2528.21	2552.14	2527.19	2552.11
2017/02/23	2548.23	2548.23	2525.83	2542.16
2017/02/24	2537.39	2540.26	2526.25	2539.08
2017/02/27	2537.69	2541.02	2517.20	2520.47
2017/02/28	2520.02	2535.42	2520.02	2535.29
2017/03/01	2532.80	2549.44	2528.57	2538.19
2017/03/02	2540.19	2542.35	2518.58	2518.84
2017/03/03	2514.14	2524.82	2502.06	2522.45
2017/03/06	2521.50	2543.12	2521.45	2542.92
2017/03/07	2542.10	2548.69	2535.22	2548.69
2017/03/08	2547.03	2549.06	2531.01	2538.21
2017/03/09	2534.22	2534.22	2509.29	2516.91
2017/03/10	2515.80	2524.08	2513.72	2518.93
2017/03/13	2517.32	2541.87	2504.96	2541.56
2017/03/14	2539.48	2546.98	2532.78	2539.64
2017/03/15	2536.85	2549.70	2530.94	2548.94
2017/03/16	2550.85	2571.33	2550.85	2570.98
2017/03/17	2570.81	2572.63	2547.73	2549.69
2017/03/20	2546.86	2559.27	2539.64	2559.07
2017/03/21	2557.23	2569.51	2554.55	2569.49
2017/03/22	2556.39	2571.74	2547.05	2564.12
2017/03/23	2564.75	2575.07	2541.24	2569.55
2017/03/24	2565.85	2587.23	2564.89	2585.34
2017/03/27	2584.70	2597.01	2573.45	2577.75
2017/03/28	2573.78	2574.92	2558.43	2567.93
2017/03/29	2572.22	2583.84	2556.53	2566.06
2017/03/30	2561.26	2562.33	2520.18	2525.42
2017/03/31	2522.61	2527.15	2508.31	2524.47
2017/04/05	2547.09	2569.78	2546.02	2569.76
2017/04/06	2574.95	2585.93	2571.30	2582.04
2017/04/07	2582.50	2595.02	2574.97	2589.03
2017/04/10	2592.08	2594.11	2582.64	2586.28
2017/04/11	2588.25	2612.89	2568.64	2611.83
2017/04/12	2615.20	2615.43	2589.09	2592.27
2017/04/13	2588.52	2618.40	2587.79	2610.74
2017/04/14	2608.71	2609.14	2567.77	2570.73
2017/04/17	2564.15	2564.71	2530.50	2543.98
2017/04/18	2543.37	2556.91	2525.20	2525.20
2017/04/19	2516.04	2518.42	2472.22	2498.82
2017/04/20	2494.66	2505.14	2472.11	2489.64
2017/04/21	2488.41	2497.53	2477.04	2482.42
2017/04/24	2476.53	2476.53	2420.93	2422.65
2017/04/25	2424.44	2450.81	2419.48	2435.88
2017/04/26	2433.92	2451.05	2433.65	2443.95
2017/04/27	2436.66	2453.69	2403.65	2448.57
2017/04/28	2443.08	2457.71	2440.48	2454.34
2017/05/02	2446.35	2451.40	2437.67	2447.46
2017/05/03	2440.58	2448.78	2432.74	2441.78
2017/05/04	2435.58	2453.36	2421.05	2431.59
2017/05/05	2422.89	2428.22	2405.38	2405.88
2017/05/08	2400.83	2403.93	2365.68	2365.90
2017/05/09	2354.72	2374.19	2341.12	2373.71
2017/05/10	2372.86	2382.92	2318.23	2318.57
2017/05/11	2309.85	2318.37	2266.67	2317.14
2017/05/12	2311.32	2327.91	2298.96	2320.16
2017/05/15	2320.54	2332.37	2320.33	2326.59
2017/05/16	2324.75	2370.08	2307.08	2370.08
2017/05/17	2366.42	2386.85	2364.31	2372.12
2017/05/18	2357.19	2376.10	2351.63	2358.08
2017/05/19	2357.01	2364.71	2346.80	2359.69
2017/05/22	2355.14	2360.13	2318.11	2328.17
2017/05/23	2322.90	2327.90	2285.85	2288.37
2017/05/24	2279.85	2304.12	2256.37	2303.95
2017/05/25	2296.89	2328.31	2280.14	2325.12
2017/05/26	2321.00	2331.68	2314.66	2320.14
2017/05/31	2336.82	2345.31	2323.21	2325.70
2017/06/01	2321.40	2322.59	2293.05	2293.53
2017/06/02	2287.79	2317.70	2278.57	2315.62
2017/06/05	2317.06	2332.32	2315.75	2331.68
2017/06/06	2330.28	2346.24	2324.82	2346.09
2017/06/07	2341.96	2391.90	2341.49	2391.49
2017/06/08	2388.84	2403.89	2386.37	2399.26
2017/06/09	2396.05	2402.02	2385.70	2400.98
2017/06/12	2392.95	2399.21	2380.23	2382.38
2017/06/13	2379.23	2407.12	2378.30	2404.91
2017/06/14	2401.56	2405.86	2387.53	2391.44
2017/06/15	2385.72	2403.52	2382.58	2401.88
2017/06/16	2397.98	2404.85	2390.65	2393.42
2017/06/19	2391.51	2408.14	2389.96	2407.88
2017/06/20	2406.21	2411.79	2400.08	2402.78
2017/06/21	2412.38	2417.12	2396.90	2417.12
2017/06/22	2414.43	2422.22	2389.57	2389.57
2017/06/23	2384.85	2399.47	2367.70	2399.47
2017/06/26	2397.76	2443.41	2397.66	2443.41
2017/06/27	2441.64	2450.88	2435.13	2445.86
2017/06/28	2445.33	2445.33	2430.26	2433.48
2017/06/29	2434.89	2451.83	2434.89	2449.68
2017/06/30	2445.48	2457.70	2442.10	2457.70
2017/07/03	2462.53	2472.60	2455.47	2472.60
2017/07/04	2474.50	2475.08	2456.49	2461.70
2017/07/05	2461.03	2485.02	2454.37	2485.00
2017/07/06	2484.78	2496.06	2471.17	2493.05
2017/07/07	2487.27	2504.49	2483.08	2504.48
2017/07/10	2502.68	2513.66	2494.20	2506.71
2017/07/11	2501.49	2504.47	2479.28	2479.32
2017/07/12	2479.43	2490.03	2453.25	2481.34
2017/07/13	2480.13	2492.33	2477.74	2486.21
2017/07/14	2480.35	2488.20	2472.78	2487.94
2017/07/17	2483.17	2483.22	2388.31	2400.17
2017/07/18	2393.16	2426.56	2391.01	2426.50
2017/07/19	2421.30	2476.50	2419.69	2476.13
2017/07/20	2473.73	2492.68	2471.15	2485.87
2017/07/21	2479.79	2492.94	2476.20	2488.12
2017/07/24	2485.53	2516.02	2484.04	2512.35
2017/07/25	2507.69	2508.42	2483.09	2493.88
2017/07/26	2493.04	2500.99	2475.29	2492.54
2017/07/27	2489.09	2509.97	2483.14	2505.92
2017/07/28	2497.56	2515.34	2496.11	2511.76
2017/07/31	2510.10	2542.77	2509.83	2542.22
2017/08/01	2543.17	2551.98	2529.41	2542.10
2017/08/02	2538.62	2545.70	2521.49	2522.33
2017/08/03	2518.24	2535.20	2516.63	2527.10
2017/08/04	2526.15	2548.03	2523.82	2524.39
2017/08/07	2524.92	2546.72	2508.48	2546.66
2017/08/08	2541.07	2551.19	2530.90	2540.29
2017/08/09	2538.82	2555.55	2531.73	2555.37
2017/08/10	2551.45	2556.28	2512.81	2530.17
2017/08/11	2515.33	2524.74	2475.05	2477.55
2017/08/14	2479.66	2515.88	2479.66	2515.40
2017/08/15	2512.87	2527.07	2511.20	2525.88
2017/08/16	2523.83	2527.37	2511.39	2526.04
2017/08/17	2529.97	2544.33	2525.15	2544.25
2017/08/18	2531.63	2542.75	2523.81	2537.73
2017/08/21	2543.12	2556.17	2541.97	2556.05
2017/08/22	2553.63	2553.63	2535.86	2542.11
2017/08/23	2536.35	2539.20	2513.92	2521.24
2017/08/24	2518.09	2520.01	2496.69	2503.88
2017/08/25	2504.31	2533.92	2503.87	2532.50
2017/08/28	2535.38	2560.76	2535.05	2555.54
2017/08/29	2558.26	2561.89	2546.58	2551.98
2017/08/30	2550.41	2567.29	2548.65	2563.32
2017/08/31	2564.19	2568.86	2547.30	2566.81
2017/09/01	2566.38	2588.83	2566.11	2585.43
2017/09/04	2585.02	2604.79	2580.43	2604.72
2017/09/05	2602.59	2606.60	2593.41	2602.13
2017/09/06	2592.68	2608.35	2589.82	2607.89
2017/09/07	2608.77	2612.23	2585.82	2587.96
2017/09/08	2587.92	2601.25	2580.54	2591.73
2017/09/11	2588.56	2605.13	2585.62	2604.71
2017/09/12	2606.43	2620.79	2597.47	2605.13
2017/09/13	2603.23	2613.94	2598.47	2613.70
2017/09/14	2613.25	2619.83	2594.64	2603.00
2017/09/15	2600.06	2600.06	2577.88	2583.68
2017/09/18	2582.61	2606.06	2582.46	2604.94
2017/09/19	2606.02	2608.12	2577.45	2584.24
2017/09/20	2584.62	2605.86	2583.06	2605.62
2017/09/21	2605.78	2608.49	2586.46	2586.49
2017/09/22	2578.79	2579.27	2561.33	2573.42
2017/09/25	2572.50	2577.15	2546.09	2549.99
2017/09/26	2548.14	2557.96	2545.82	2557.96
2017/09/27	2554.69	2574.71	2553.74	2572.55
2017/09/28	2569.69	2575.45	2565.42	2566.13
2017/09/29	2569.52	2592.21	2569.37	2590.62
2017/10/09	2620.15	2627.21	2609.21	2618.48
2017/10/10	2617.66	2632.31	2611.05	2632.30
2017/10/11	2628.21	2635.03	2623.24	2627.18
2017/10/12	2626.26	2628.75	2605.66	2622.72
2017/10/13	2620.67	2628.47	2614.77	2627.35
2017/10/16	2626.52	2628.26	2591.70	2595.31
2017/10/17	2593.02	2599.34	2581.69	2589.72
2017/10/18	2589.28	2596.68	2578.60	2584.33
2017/10/19	2582.28	2584.99	2561.66	2566.59
2017/10/20	2560.26	2581.37	2558.39	2580.75
2017/10/23	2576.61	2587.34	2571.86	2587.23
2017/10/24	2584.98	2589.22	2571.78	2585.89
2017/10/25	2585.76	2604.95	2585.76	2604.46
2017/10/26	2605.69	2617.84	2602.64	2615.01
2017/10/27	2613.46	2615.50	2599.19	2603.26
2017/10/30	2603.11	2605.77	2544.59	2569.41
2017/10/31	2565.38	2578.73	2556.05	2578.69
2017/11/01	2576.75	2584.75	2566.02	2569.19
2017/11/02	2565.80	2565.80	2539.20	2544.00
2017/11/03	2542.58	2547.33	2513.95	2530.64
2017/11/06	2530.65	2561.84	2523.69	2561.64
2017/11/07	2560.39	2573.41	2557.93	2570.03
2017/11/08	2568.74	2582.87	2565.90	2571.88
2017/11/09	2568.77	2588.21	2568.15	2588.14
2017/11/10	2584.88	2602.53	2581.17	2600.63
2017/11/13	2601.31	2614.72	2598.79	2613.90
2017/11/14	2610.34	2611.89	2578.99	2585.69
2017/11/15	2580.35	2589.02	2561.39	2572.86
2017/11/16	2569.40	2595.54	2568.57	2588.89
2017/11/17	2583.76	2587.73	2528.08	2530.13
2017/11/20	2522.10	2547.12	2485.91	2546.71
2017/11/21	2540.77	2567.42	2536.65	2561.16
2017/11/22	2563.83	2572.87	2537.90	2558.47
2017/11/23	2554.11	2554.32	2493.67	2494.68
2017/11/24	2488.12	2505.10	2481.73	2495.02
2017/11/27	2493.96	2494.16	2463.00	2468.10
2017/11/28	2466.08	2502.18	2465.32	2501.97
2017/11/29	2501.14	2513.94	2481.20	2511.05
2017/11/30	2505.35	2514.00	2491.26	2500.59
2017/12/01	2496.68	2514.18	2488.96	2511.06
2017/12/04	2508.87	2519.96	2498.04	2500.51
2017/12/05	2495.72	2504.81	2455.97	2464.03
2017/12/06	2457.15	2475.13	2434.94	2475.00
2017/12/07	2468.86	2477.64	2456.44	2457.34
2017/12/08	2454.61	2484.79	2454.26	2480.65
2017/12/11	2479.98	2502.28	2479.98	2502.17
2017/12/12	2502.18	2502.64	2471.90	2471.90
2017/12/13	2470.40	2484.45	2466.30	2484.41
2017/12/14	2484.64	2488.55	2473.68	2484.30
2017/12/15	2482.07	2482.07	2458.76	2466.09
2017/12/18	2464.62	2470.01	2451.46	2459.77
2017/12/19	2459.88	2476.48	2459.78	2476.36
2017/12/20	2474.60	2474.62	2441.46	2447.27
2017/12/21	2442.15	2459.14	2419.41	2453.16
2017/12/22	2451.50	2465.27	2451.15	2462.08
2017/12/25	2462.11	2466.40	2438.10	2442.80
2017/12/26	2443.12	2460.89	2433.03	2459.76
2017/12/27	2460.08	2470.47	2450.33	2452.10
2017/12/28	2448.74	2473.41	2447.76	2469.64
2017/12/29	2471.94	2490.29	2471.15	2489.99
2018/01/02	2492.83	2522.65	2490.76	2522.62
2018/01/03	2522.32	2540.25	2518.47	2537.16
2018/01/04	2534.87	2549.78	2534.31	2549.42
2018/01/05	2548.15	2563.65	2542.58	2556.77
2018/01/08	2556.76	2583.08	2551.65	2576.94
2018/01/09	2575.69	2576.16	2563.01	2571.33
2018/01/10	2569.32	2571.48	2535.72	2551.34
2018/01/11	2544.20	2550.22	2531.90	2549.87
2018/01/12	2549.55	2559.31	2538.42	2543.25
2018/01/15	2538.66	2540.96	2479.74	2485.52
2018/01/16	2488.62	2518.81	2488.62	2518.40
2018/01/17	2520.34	2524.27	2497.67	2521.63
2018/01/18	2520.39	2532.57	2517.91	2532.42
2018/01/19	2533.53	2548.59	2529.34	2534.42
2018/01/22	2532.29	2567.31	2527.66	2566.99
2018/01/23	2562.09	2566.52	2552.55	2563.61
2018/01/24	2563.38	2574.81	2549.34	2574.37
2018/01/25	2571.92	2594.74	2571.14	2580.22
2018/01/26	2576.14	2590.84	2572.24	2586.50
2018/01/29	2587.89	2600.93	2566.61	2573.33
2018/01/30	2573.41	2588.28	2573.27	2582.23
2018/01/31	2569.63	2569.63	2530.12	2539.86
2018/02/01	2537.15	2548.36	2465.84	2473.15
2018/02/02	2457.73	2490.38	2413.02	2489.78
2018/02/05	2460.42	2505.57	2452.30	2503.61
2018/02/06	2460.39	2470.96	2386.02	2387.88
2018/02/07	2425.13	2439.30	2361.94	2396.36
2018/02/08	2383.15	2408.29	2372.61	2391.16
2018/02/09	2330.54	2338.82	2256.57	2284.32
2018/02/12	2294.14	2338.73	2289.29	2331.29
2018/02/13	2345.59	2363.11	2335.14	2337.93
2018/02/14	2337.97	2346.07	2322.72	2344.08
2018/02/22	2360.09	2387.94	2359.27	2387.81
2018/02/23	2386.45	2398.66	2375.50	2397.35
2018/02/26	2410.66	2443.22	2403.68	2443.05
2018/02/27	2441.14	2442.71	2422.11	2429.57
2018/02/28	2413.42	2442.98	2399.66	2434.09
2018/03/01	2419.39	2458.05	2415.97	2458.00
2018/03/02	2440.62	2452.82	2436.86	2442.52
2018/03/05	2447.25	2451.52	2435.62	2441.61
2018/03/06	2447.26	2477.18	2441.05	2477.03
2018/03/07	2469.85	2476.42	2449.69	2452.96
2018/03/08	2452.33	2472.45	2452.33	2472.45
2018/03/09	2476.63	2504.19	2473.83	2504.10
2018/03/12	2516.30	2539.65	2516.30	2539.23
2018/03/13	2536.52	2536.67	2517.49	2518.51
2018/03/14	2512.88	2518.87	2503.00	2505.90
2018/03/15	2495.73	2504.32	2470.38	2491.04
2018/03/16	2490.51	2497.72	2479.69	2479.99
2018/03/19	2477.11	2484.25	2463.74	2473.88
2018/03/20	2459.66	2475.36	2451.98	2474.31
2018/03/21	2474.79	2490.88	2452.94	2456.03
2018/03/22	2457.56	2470.34	2445.25	2456.53
2018/03/23	2394.58	2399.96	2296.60	2326.05
2018/03/26	2302.13	2354.23	2277.62	2354.06
2018/03/27	2375.00	2398.88	2374.22	2389.83
2018/03/28	2367.96	2385.85	2358.22	2369.77
2018/03/29	2372.54	2397.84	2367.37	2394.01
2018/03/30	2399.79	2415.12	2393.50	2414.80
2018/04/02	2416.71	2432.02	2412.56	2416.47
2018/04/03	2387.64	2391.20	2373.33	2388.71
2018/04/04	2399.09	2409.14	2383.99	2385.47
2018/04/09	2376.07	2400.17	2364.50	2391.24
2018/04/10	2390.22	2407.09	2382.28	2407.05
2018/04/11	2414.34	2422.30	2410.53	2414.77
2018/04/12	2408.59	2414.83	2395.89	2401.10
2018/04/13	2405.23	2412.90	2387.49	2390.76
2018/04/16	2384.99	2390.13	2356.72	2371.87
2018/04/17	2373.22	2379.03	2323.35	2325.11
2018/04/18	2337.63	2347.12	2295.69	2345.52
2018/04/19	2342.75	2364.05	2341.60	2356.52
2018/04/20	2349.17	2349.17	2295.65	2300.10
2018/04/23	2296.27	2311.28	2270.99	2294.49
2018/04/24	2294.05	2338.20	2294.03	2338.13
2018/04/25	2328.56	2335.87	2323.17	2335.12
2018/04/26	2333.99	2335.37	2292.80	2293.75
2018/04/27	2296.67	2302.51	2279.72	2295.59
2018/05/02	2291.61	2297.58	2262.62	2278.00
2018/05/03	2270.92	2292.28	2252.93	2291.95
2018/05/04	2285.41	2297.58	2281.85	2290.70
2018/05/07	2293.83	2335.28	2293.83	2333.52
2018/05/08	2335.26	2345.60	2333.97	2345.60
2018/05/09	2342.73	2350.78	2338.40	2350.64
2018/05/10	2353.52	2357.77	2343.98	2356.34
2018/05/11	2356.50	2358.55	2333.26	2333.43
2018/05/14	2331.77	2337.00	2316.09	2320.92
2018/05/15	2321.86	2343.80	2316.49	2343.80
2018/05/16	2337.65	2352.19	2332.52	2340.43
2018/05/17	2340.15	2347.54	2333.69	2339.15
2018/05/18	2333.83	2350.32	2329.20	2350.27
2018/05/21	2358.67	2374.02	2358.32	2372.30
2018/05/22	2372.04	2373.55	2359.79	2373.44
2018/05/23	2366.81	2366.81	2336.80	2337.22
2018/05/24	2337.94	2344.93	2329.97	2333.06
2018/05/25	2329.80	2331.81	2303.44	2306.48
2018/05/28	2304.23	2309.45	2286.61	2296.46
2018/05/29	2293.72	2305.79	2282.24	2284.01
2018/05/30	2253.88	2253.88	2203.10	2206.70
2018/05/31	2221.64	2247.76	2211.88	2246.99
2018/06/01	2235.76	2257.29	2220.59	2236.21
2018/06/04	2241.64	2247.01	2231.00	2238.55
2018/06/05	2239.52	2266.49	2237.16	2266.47
2018/06/06	2263.51	2268.00	2256.17	2267.30
2018/06/07	2271.66	2274.41	2253.66	2255.41
2018/06/08	2251.56	2251.83	2213.20	2227.66
2018/06/11	2222.01	2229.99	2214.33	2224.15
2018/06/12	2223.97	2245.53	2208.57	2245.35
2018/06/13	2239.90	2239.90	2212.84	2214.34
2018/06/14	2208.43	2227.26	2201.31	2207.79
2018/06/15	2204.86	2211.59	2164.73	2179.68
2018/06/19	2151.39	2151.39	2017.18	2044.92
2018/06/20	2034.99	2070.73	2024.24	2065.02
2018/06/21	2061.76	2088.86	2038.03	2039.18
