'511990'	华宝添益	日线
日期	开盘	最高	最低	收盘
2013/01/28	100.003	100.005	100.001	100.005
2013/01/29	100.004	100.004	100.003	100.004
2013/01/30	100.004	100.006	100.003	100.006
2013/01/31	100.004	100.050	100.003	100.006
2013/02/01	100.012	100.019	100.012	100.018
2013/02/04	100.004	100.006	100.004	100.004
2013/02/05	100.004	100.006	100.004	100.005
2013/02/06	100.005	100.006	100.004	100.005
2013/02/07	100.005	100.014	100.004	100.014
2013/02/08	100.033	100.098	100.033	100.081
2013/02/18	100.004	100.008	100.001	100.008
2013/02/19	100.004	100.006	100.003	100.006
2013/02/20	100.004	100.005	100.004	100.005
2013/02/21	100.004	100.006	100.004	100.005
2013/02/22	100.013	100.018	100.012	100.018
2013/02/25	100.004	100.005	100.004	100.005
2013/02/26	100.005	100.005	100.003	100.004
2013/02/27	100.004	100.005	100.003	100.004
2013/02/28	100.006	100.006	100.001	100.002
2013/03/01	100.013	100.015	100.008	100.014
2013/03/04	100.004	100.004	100.001	100.002
2013/03/05	100.002	100.003	100.001	100.002
2013/03/06	100.002	100.005	100.001	100.004
2013/03/07	100.004	100.007	100.002	100.007
2013/03/08	100.012	100.017	100.012	100.014
2013/03/11	100.002	100.009	100.001	100.009
2013/03/12	100.003	100.010	100.002	100.010
2013/03/13	100.004	100.007	100.003	100.007
2013/03/14	100.004	100.005	100.000	100.004
2013/03/15	100.008	100.013	100.006	100.013
2013/03/18	100.002	100.005	100.002	100.005
2013/03/19	100.002	100.005	100.002	100.005
2013/03/20	100.003	100.012	100.001	100.009
2013/03/21	100.003	100.009	100.002	100.007
2013/03/22	100.006	100.090	100.005	100.036
2013/03/25	100.003	100.007	100.001	100.006
2013/03/26	100.003	100.005	100.002	100.005
2013/03/27	100.003	100.005	100.000	100.003
2013/03/28	100.002	100.002	99.970	99.994
2013/03/29	100.006	100.010	100.003	100.009
2013/04/01	100.001	100.006	100.000	100.004
2013/04/02	100.001	100.007	99.999	100.004
2013/04/03	100.012	100.031	100.012	100.029
2013/04/08	100.002	100.007	100.000	100.007
2013/04/09	100.001	100.005	100.000	100.004
2013/04/10	100.001	100.005	100.000	100.004
2013/04/11	100.000	100.005	100.000	100.005
2013/04/12	100.004	100.013	100.004	100.012
2013/04/15	100.001	100.003	99.999	100.003
2013/04/16	100.001	100.004	100.000	100.003
2013/04/17	100.000	100.021	100.000	100.007
2013/04/18	100.005	100.005	100.000	100.003
2013/04/19	100.004	100.008	99.998	100.005
2013/04/22	100.000	100.001	99.965	99.991
2013/04/23	100.000	100.000	99.969	99.991
2013/04/24	99.989	100.001	99.975	100.000
2013/04/25	99.999	100.000	99.950	99.999
2013/04/26	100.011	100.031	100.011	100.030
2013/05/02	100.000	100.003	99.983	100.003
2013/05/03	100.005	100.013	100.005	100.013
2013/05/06	99.998	100.003	99.995	100.002
2013/05/07	100.000	100.001	99.998	100.000
2013/05/08	100.000	100.003	99.996	100.002
2013/05/09	100.000	100.001	99.998	100.001
2013/05/10	100.007	100.011	100.006	100.011
2013/05/13	99.999	100.001	99.996	100.001
2013/05/14	99.999	100.001	99.999	100.001
2013/05/15	100.000	100.001	99.997	100.000
2013/05/16	99.999	100.000	99.990	99.997
2013/05/17	100.003	100.006	99.994	99.997
2013/05/20	99.997	99.997	99.930	99.957
2013/05/21	99.978	99.997	99.932	99.979
2013/05/22	99.960	99.988	99.941	99.978
2013/05/23	99.970	99.988	99.955	99.982
2013/05/24	99.999	99.999	99.991	99.996
2013/05/27	99.987	99.987	99.967	99.978
2013/05/28	99.983	99.989	99.972	99.986
2013/05/29	99.984	99.995	99.971	99.987
2013/05/30	99.980	99.999	99.974	99.996
2013/05/31	100.000	100.007	99.996	100.006
2013/06/03	99.997	99.998	99.983	99.995
2013/06/04	99.992	99.994	99.983	99.993
2013/06/05	99.992	99.992	99.986	99.990
2013/06/06	99.982	99.993	99.965	99.992
2013/06/07	100.004	100.010	100.000	100.002
2013/06/13	99.980	99.980	90.010	99.907
2013/06/14	99.960	99.960	99.700	99.957
2013/06/17	99.970	99.980	99.938	99.979
2013/06/18	99.976	99.990	99.959	99.987
2013/06/19	99.985	99.989	99.951	99.988
2013/06/20	99.965	99.965	99.881	99.959
2013/06/21	99.945	99.990	99.915	99.976
2013/06/24	99.921	99.948	99.910	99.920
2013/06/25	99.930	99.935	99.900	99.906
2013/06/26	99.980	99.995	99.928	99.994
2013/06/27	99.990	99.991	99.941	99.988
2013/06/28	99.979	100.004	99.955	100.002
2013/07/01	99.993	100.003	99.975	100.003
2013/07/02	99.999	100.001	99.994	100.000
2013/07/03	100.000	100.004	99.998	100.003
2013/07/04	100.000	100.004	99.999	100.004
2013/07/05	100.005	100.022	100.004	100.022
2013/07/08	100.001	100.004	100.000	100.004
2013/07/09	100.001	100.004	100.000	100.004
2013/07/10	100.000	100.004	100.000	100.004
2013/07/11	100.001	100.003	100.001	100.003
2013/07/12	100.005	100.014	100.005	100.014
2013/07/15	100.001	100.003	100.000	100.003
2013/07/16	100.001	100.005	100.001	100.005
2013/07/17	100.001	100.006	100.001	100.006
2013/07/18	100.001	100.004	100.000	100.004
2013/07/19	100.007	100.014	100.006	100.013
2013/07/22	100.001	100.002	100.000	100.002
2013/07/23	100.001	100.003	99.999	100.002
2013/07/24	100.001	100.002	99.999	100.002
2013/07/25	100.001	100.003	99.998	100.000
2013/07/26	100.001	100.010	100.001	100.007
2013/07/29	100.001	100.006	99.976	100.005
2013/07/30	100.001	100.005	99.999	100.004
2013/07/31	100.000	100.006	100.000	100.005
2013/08/01	100.001	100.015	100.001	100.014
2013/08/02	100.009	100.054	100.009	100.048
2013/08/05	100.003	100.029	100.002	100.020
2013/08/06	100.004	100.010	100.003	100.009
2013/08/07	100.002	100.007	100.002	100.007
2013/08/08	100.003	100.007	100.002	100.006
2013/08/09	100.008	100.020	100.008	100.020
2013/08/12	100.002	100.003	99.999	100.001
2013/08/13	100.001	100.005	100.000	100.004
2013/08/14	100.000	100.003	99.999	100.001
2013/08/15	100.001	100.015	100.001	100.010
2013/08/16	100.014	100.020	100.001	100.019
2013/08/19	100.003	100.003	100.000	100.003
2013/08/20	100.001	100.003	100.000	100.003
2013/08/21	100.001	100.005	100.001	100.004
2013/08/22	100.001	100.003	99.950	100.000
2013/08/23	100.011	100.017	100.009	100.014
2013/08/26	100.001	100.002	99.999	100.002
2013/08/27	100.001	100.003	100.000	100.003
2013/08/28	100.001	100.004	100.000	100.004
2013/08/29	100.001	100.005	100.001	100.005
2013/08/30	100.012	100.020	100.010	100.020
2013/09/02	100.001	100.004	100.000	100.003
2013/09/03	100.001	100.004	100.001	100.004
2013/09/04	100.001	100.003	100.001	100.003
2013/09/05	100.001	100.006	100.001	100.006
2013/09/06	100.008	100.023	100.008	100.021
2013/09/09	100.001	100.002	99.971	100.002
2013/09/10	100.001	100.003	100.000	100.003
2013/09/11	100.001	100.003	100.000	100.003
2013/09/12	100.001	100.003	99.998	100.003
2013/09/13	100.015	100.019	100.012	100.019
2013/09/16	100.001	100.002	99.999	100.002
2013/09/17	100.001	100.006	100.000	100.006
2013/09/18	100.019	100.050	100.018	100.048
2013/09/23	100.000	100.002	99.975	99.998
2013/09/24	100.000	100.000	99.989	99.994
2013/09/25	100.000	100.001	99.996	100.000
2013/09/26	100.001	100.005	100.000	100.005
2013/09/27	100.016	100.016	99.988	99.999
2013/09/30	100.050	100.050	100.011	100.050
2013/10/08	100.001	100.003	100.000	100.003
2013/10/09	100.001	100.006	100.000	100.005
2013/10/10	100.001	100.016	100.000	100.015
2013/10/11	100.016	100.030	100.012	100.030
2013/10/14	100.001	100.007	100.000	100.007
2013/10/15	100.002	100.008	100.001	100.005
2013/10/16	100.002	100.007	100.001	100.006
2013/10/17	100.002	100.019	100.001	100.018
2013/10/18	100.025	100.028	100.017	100.027
2013/10/21	100.002	100.008	100.001	100.007
2013/10/22	100.002	100.008	100.002	100.007
2013/10/23	100.003	100.006	100.002	100.006
2013/10/24	100.002	100.004	99.997	100.003
2013/10/25	100.008	100.020	100.006	100.015
2013/10/28	100.000	100.006	99.999	100.004
2013/10/29	100.001	100.002	99.999	100.000
2013/10/30	100.001	100.002	99.500	100.000
2013/10/31	100.000	100.015	100.000	100.013
2013/11/01	100.022	100.028	100.019	100.024
2013/11/04	100.002	100.007	100.000	100.007
2013/11/05	100.002	100.006	100.001	100.005
2013/11/06	100.001	100.008	100.001	100.007
2013/11/07	100.002	100.009	100.001	100.008
2013/11/08	100.020	100.027	100.019	100.026
2013/11/11	100.001	100.008	100.001	100.008
2013/11/12	100.002	100.008	100.001	100.008
2013/11/13	100.003	100.009	100.002	100.007
2013/11/14	100.004	100.007	100.000	100.007
2013/11/15	100.020	100.020	100.000	100.009
2013/11/18	100.000	100.001	99.951	99.992
2013/11/19	100.000	100.001	99.950	99.999
2013/11/20	100.001	100.002	99.999	100.002
2013/11/21	100.001	100.011	99.999	100.010
2013/11/22	100.007	100.024	100.006	100.022
2013/11/25	100.001	100.001	99.989	99.990
2013/11/26	100.000	100.000	99.990	99.995
2013/11/27	100.000	100.001	99.991	100.000
2013/11/28	100.000	100.001	99.989	100.001
2013/11/29	100.001	100.018	100.001	100.016
2013/12/02	100.000	100.000	99.978	100.000
2013/12/03	100.000	100.006	99.991	100.006
2013/12/04	100.000	100.006	99.999	100.000
2013/12/05	100.000	100.015	99.999	100.014
2013/12/06	100.016	100.037	100.015	100.035
2013/12/09	100.000	100.009	100.000	100.008
2013/12/10	100.001	100.009	100.001	100.009
2013/12/11	100.003	100.013	100.003	100.012
2013/12/12	100.006	100.014	100.005	100.009
2013/12/13	100.025	100.029	100.023	100.025
2013/12/16	100.006	100.008	99.999	100.001
2013/12/17	100.002	100.003	99.996	100.002
2013/12/18	99.999	100.002	99.995	100.000
2013/12/19	99.999	100.000	99.991	99.995
2013/12/20	100.010	100.016	99.997	100.000
2013/12/23	99.997	99.997	99.963	99.988
2013/12/24	99.996	100.004	99.983	99.996
2013/12/25	99.999	100.008	99.998	100.000
2013/12/26	100.000	100.003	99.997	100.002
2013/12/27	100.002	100.026	99.990	100.000
2013/12/30	100.000	100.026	99.909	100.023
2013/12/31	100.025	100.048	100.003	100.046
2014/01/02	100.000	100.014	99.992	100.013
2014/01/03	100.019	100.039	100.012	100.035
2014/01/06	100.002	100.015	100.000	100.013
2014/01/07	100.005	100.018	100.005	100.017
2014/01/08	100.008	100.018	100.008	100.016
2014/01/09	100.010	100.032	100.010	100.030
2014/01/10	100.030	100.037	100.020	100.032
2014/01/13	100.008	100.022	100.007	100.019
2014/01/14	100.010	100.020	100.010	100.019
2014/01/15	100.012	100.023	100.012	100.022
2014/01/16	100.014	100.033	100.014	100.030
2014/01/17	100.031	100.033	99.990	100.005
2014/01/20	100.010	100.010	99.965	99.983
2014/01/21	99.990	100.005	99.980	100.000
2014/01/22	100.005	100.017	100.000	100.015
2014/01/23	100.015	100.028	100.004	100.026
2014/01/24	100.026	100.045	100.025	100.045
2014/01/27	100.015	100.022	99.997	100.005
2014/01/28	100.001	100.024	100.001	100.018
2014/01/29	100.022	100.390	100.022	100.121
2014/01/30	100.120	100.159	100.120	100.150
2014/02/07	100.025	100.046	100.018	100.038
2014/02/10	100.016	100.018	100.003	100.016
2014/02/11	100.011	100.018	100.006	100.016
2014/02/12	100.009	100.022	100.008	100.020
2014/02/13	100.013	100.021	100.013	100.020
2014/02/14	100.037	100.057	100.032	100.055
2014/02/17	100.012	100.023	100.012	100.022
2014/02/18	100.017	100.023	100.016	100.019
2014/02/19	100.016	100.018	100.014	100.017
2014/02/20	100.013	100.017	100.013	100.015
2014/02/21	100.018	100.033	100.017	100.032
2014/02/24	100.012	100.020	100.011	100.018
2014/02/25	100.014	100.019	100.012	100.018
2014/02/26	100.014	100.019	100.012	100.018
2014/02/27	100.014	100.019	100.013	100.018
2014/02/28	100.023	100.042	100.022	100.041
2014/03/03	100.013	100.027	100.013	100.023
2014/03/04	100.015	100.026	100.015	100.021
2014/03/05	100.016	100.023	100.015	100.017
2014/03/06	100.015	100.019	100.015	100.018
2014/03/07	100.028	100.043	100.027	100.041
2014/03/10	100.016	100.021	100.015	100.020
2014/03/11	100.016	100.020	100.016	100.017
2014/03/12	100.016	100.018	100.015	100.016
2014/03/13	100.015	100.026	100.013	100.022
2014/03/14	100.030	100.039	100.030	100.034
2014/03/17	100.015	100.019	100.014	100.017
2014/03/18	100.015	100.017	100.014	100.017
2014/03/19	100.015	100.016	99.980	100.008
2014/03/20	100.002	100.010	99.987	100.002
2014/03/21	100.010	100.013	99.980	100.000
2014/03/24	99.980	99.990	99.964	99.977
2014/03/25	99.977	99.977	99.964	99.974
2014/03/26	99.972	99.985	99.965	99.976
2014/03/27	99.980	99.980	99.943	99.969
2014/03/28	99.983	99.984	99.900	99.909
2014/03/31	99.970	100.002	99.931	100.000
2014/04/01	100.000	100.019	99.981	100.015
2014/04/02	100.011	100.020	100.011	100.019
2014/04/03	100.014	100.023	100.006	100.021
2014/04/04	100.035	100.054	100.034	100.052
2014/04/08	100.015	100.020	100.013	100.014
2014/04/09	100.011	100.016	99.994	100.014
2014/04/10	100.003	100.014	99.999	100.013
2014/04/11	100.010	100.026	100.005	100.025
2014/04/14	100.000	100.015	99.995	100.012
2014/04/15	100.007	100.011	99.999	100.002
2014/04/16	100.000	100.009	99.997	100.008
2014/04/17	100.001	100.006	99.999	100.002
2014/04/18	100.010	100.020	100.010	100.016
2014/04/21	100.003	100.005	99.997	100.003
2014/04/22	100.000	100.003	99.997	100.001
2014/04/23	100.002	100.002	99.997	100.002
2014/04/24	100.000	100.002	99.989	100.000
2014/04/25	100.006	100.018	100.005	100.017
2014/04/28	99.998	100.001	99.936	99.972
2014/04/29	99.963	100.003	99.932	99.992
2014/04/30	100.036	100.046	100.023	100.042
2014/05/05	99.999	100.013	99.997	100.010
2014/05/06	100.006	100.015	100.004	100.014
2014/05/07	100.009	100.018	100.008	100.017
2014/05/08	100.013	100.020	100.011	100.018
2014/05/09	100.018	100.038	100.018	100.033
2014/05/12	100.009	100.015	100.008	100.015
2014/05/13	100.011	100.015	100.009	100.014
2014/05/14	100.008	100.012	100.008	100.010
2014/05/15	100.010	100.014	100.009	100.013
2014/05/16	100.021	100.026	100.014	100.017
2014/05/19	100.008	100.008	100.003	100.005
2014/05/20	100.000	100.004	99.995	100.003
2014/05/21	100.000	100.002	99.996	100.000
2014/05/22	99.999	100.005	99.994	100.003
2014/05/23	100.005	100.015	100.001	100.010
2014/05/26	99.991	99.999	99.986	99.997
2014/05/27	99.995	99.995	99.986	99.993
2014/05/28	99.991	99.991	99.983	99.989
2014/05/29	99.985	99.987	99.971	99.981
2014/05/30	100.003	100.012	99.997	100.010
2014/06/03	99.994	99.994	99.983	99.985
2014/06/04	99.988	99.989	99.982	99.987
2014/06/05	99.989	99.994	99.982	99.991
2014/06/06	100.000	100.014	99.996	100.010
2014/06/09	99.988	100.003	99.985	100.002
2014/06/10	99.996	100.001	99.993	99.998
2014/06/11	99.997	99.997	99.989	99.993
2014/06/12	99.995	99.996	99.981	99.995
2014/06/13	99.999	100.001	99.982	99.990
2014/06/16	99.983	99.983	99.930	99.952
2014/06/17	99.950	99.950	99.890	99.905
2014/06/18	99.940	99.940	99.000	99.898
2014/06/19	99.949	99.971	99.890	99.965
2014/06/20	99.965	100.010	99.951	100.000
2014/06/23	99.975	99.978	99.959	99.971
2014/06/24	99.970	99.998	99.961	99.996
2014/06/25	99.995	100.011	99.991	100.010
2014/06/26	100.005	100.018	100.003	100.017
2014/06/27	100.016	100.022	99.960	99.990
2014/06/30	99.970	100.000	99.960	99.999
2014/07/01	99.991	100.005	99.986	100.003
2014/07/02	99.999	100.010	99.997	100.009
2014/07/03	100.000	100.027	100.000	100.024
2014/07/04	100.021	100.041	100.021	100.038
2014/07/07	100.011	100.030	100.008	100.027
2014/07/08	100.013	100.032	100.012	100.024
2014/07/09	100.016	100.021	99.970	99.992
2014/07/10	99.983	99.990	99.973	99.981
2014/07/11	100.001	100.025	100.000	100.009
2014/07/14	100.000	100.004	99.991	99.995
2014/07/15	99.991	100.011	99.991	100.011
2014/07/16	100.003	100.015	99.998	100.013
2014/07/17	100.003	100.010	99.985	100.004
2014/07/18	100.006	100.020	99.998	100.018
2014/07/21	99.976	99.991	99.960	99.987
2014/07/22	99.970	99.989	99.963	99.986
2014/07/23	99.956	99.984	99.951	99.973
2014/07/24	99.970	99.988	99.960	99.987
2014/07/25	100.010	100.022	100.008	100.021
2014/07/28	100.000	100.024	99.997	100.012
2014/07/29	100.012	100.015	100.000	100.003
2014/07/30	99.998	100.006	99.990	100.004
2014/07/31	100.000	100.009	99.995	100.008
2014/08/01	100.015	100.030	100.015	100.028
2014/08/04	100.010	100.021	100.000	100.014
2014/08/05	100.007	100.018	100.006	100.015
2014/08/06	100.011	100.017	100.011	100.017
2014/08/07	100.012	100.019	100.007	100.016
2014/08/08	100.013	100.027	100.013	100.021
2014/08/11	100.006	100.009	100.001	100.005
2014/08/12	99.997	100.002	99.991	100.000
2014/08/13	99.993	99.999	99.989	99.997
2014/08/14	99.993	99.999	99.990	99.995
2014/08/15	100.015	100.022	100.015	100.020
2014/08/18	100.006	100.012	100.001	100.006
2014/08/19	100.006	100.015	100.004	100.014
2014/08/20	100.009	100.014	100.005	100.013
2014/08/21	100.010	100.012	100.003	100.012
2014/08/22	100.015	100.019	100.009	100.015
2014/08/25	99.989	99.991	99.981	99.990
2014/08/26	99.982	99.989	99.971	99.978
2014/08/27	99.965	99.981	99.947	99.974
2014/08/28	99.950	99.990	99.910	99.929
2014/08/29	99.951	99.989	99.950	99.987
2014/09/01	99.995	100.008	99.980	100.000
2014/09/02	100.013	100.040	100.007	100.034
2014/09/03	100.025	100.050	100.014	100.048
2014/09/04	100.024	100.036	100.008	100.018
2014/09/05	100.024	100.034	99.997	100.000
2014/09/09	99.994	100.000	99.975	99.986
2014/09/10	99.986	99.993	99.973	99.991
2014/09/11	99.985	100.016	99.983	100.013
2014/09/12	100.014	100.030	100.011	100.022
2014/09/15	99.990	100.006	99.985	100.000
2014/09/16	99.991	99.998	99.983	99.994
2014/09/17	99.984	99.993	99.981	99.988
2014/09/18	99.978	100.007	99.964	100.005
2014/09/19	100.000	100.015	99.994	100.005
2014/09/22	99.962	100.000	99.961	99.997
2014/09/23	99.990	99.993	99.967	99.988
2014/09/24	99.985	99.985	99.913	99.960
2014/09/25	99.949	99.975	99.923	99.961
2014/09/26	99.998	100.028	99.990	100.011
2014/09/29	100.035	100.092	100.012	100.080
2014/09/30	100.086	100.180	100.086	100.148
2014/10/08	100.010	100.036	100.005	100.028
2014/10/09	100.020	100.047	100.016	100.045
2014/10/10	100.035	100.040	100.010	100.013
2014/10/13	100.008	100.018	100.001	100.013
2014/10/14	100.013	100.034	100.010	100.032
2014/10/15	100.022	100.035	100.022	100.033
2014/10/16	100.020	100.034	100.020	100.032
2014/10/17	100.027	100.040	100.021	100.039
2014/10/20	100.000	100.017	99.995	100.012
2014/10/21	100.002	100.007	99.991	100.000
2014/10/22	99.993	99.997	99.986	99.989
2014/10/23	99.985	99.993	99.957	99.992
2014/10/24	99.996	99.999	99.975	99.990
2014/10/27	99.990	100.006	99.990	99.998
2014/10/28	100.012	100.019	100.006	100.017
2014/10/29	100.014	100.022	100.014	100.020
2014/10/30	100.017	100.022	100.011	100.018
2014/10/31	100.019	100.029	100.017	100.028
2014/11/03	100.010	100.013	100.003	100.012
2014/11/04	100.007	100.015	100.007	100.012
2014/11/05	100.012	100.012	99.999	100.007
2014/11/06	100.003	100.012	100.001	100.010
2014/11/07	100.013	100.028	100.011	100.022
2014/11/10	100.001	100.008	99.997	100.000
2014/11/11	99.998	100.008	99.997	100.007
2014/11/12	100.002	100.009	100.001	100.007
2014/11/13	100.005	100.009	99.999	100.009
2014/11/14	100.012	100.023	100.005	100.021
2014/11/17	99.995	100.004	99.993	100.000
2014/11/18	100.001	100.002	99.985	99.994
2014/11/19	99.989	99.990	99.973	99.978
2014/11/20	99.978	99.984	99.972	99.978
2014/11/21	99.970	99.979	99.913	99.933
2014/11/24	99.860	99.866	99.500	99.703
2014/11/25	99.720	99.930	99.000	99.839
2014/11/26	99.910	99.975	99.899	99.942
2014/11/27	99.995	100.000	99.965	99.999
2014/11/28	100.009	100.035	100.007	100.028
2014/12/01	99.990	100.004	99.981	99.991
2014/12/02	100.001	100.003	99.972	99.994
2014/12/03	99.985	100.011	99.975	100.001
2014/12/04	99.996	100.021	99.992	100.007
2014/12/05	100.000	100.020	99.998	100.018
2014/12/08	99.992	100.034	99.987	100.001
2014/12/09	99.993	100.003	99.991	100.002
2014/12/10	99.992	100.000	99.982	99.996
2014/12/11	99.986	100.017	99.960	100.005
2014/12/12	100.001	100.004	99.975	99.999
2014/12/15	99.970	99.985	99.961	99.979
2014/12/16	99.963	99.972	99.000	99.951
2014/12/17	99.938	99.947	99.807	99.912
2014/12/18	99.850	99.953	99.602	99.936
2014/12/19	99.997	99.997	99.681	99.967
2014/12/22	99.943	99.977	99.931	99.967
2014/12/23	99.987	100.000	99.961	100.000
2014/12/24	100.003	100.022	99.998	100.020
2014/12/25	100.010	100.033	100.001	100.022
2014/12/26	100.024	100.029	100.013	100.025
2014/12/29	100.000	100.011	99.991	100.005
2014/12/30	100.003	100.023	99.981	100.022
2014/12/31	100.022	100.058	100.022	100.045
2015/01/05	99.999	100.002	99.985	99.996
2015/01/06	99.984	99.997	99.976	99.996
2015/01/07	99.984	100.000	99.980	99.999
2015/01/08	99.987	100.008	99.985	100.005
2015/01/09	99.998	100.009	99.993	100.006
2015/01/12	99.920	99.988	99.920	99.980
2015/01/13	99.963	99.997	99.960	99.993
2015/01/14	99.988	100.005	99.975	100.004
2015/01/15	100.002	100.003	99.990	100.000
2015/01/16	100.005	100.023	100.004	100.020
2015/01/19	100.009	100.200	99.996	100.017
2015/01/20	100.012	100.030	100.009	100.029
2015/01/21	100.011	100.032	100.011	100.029
2015/01/22	100.023	100.048	100.017	100.038
2015/01/23	100.030	100.052	100.029	100.048
2015/01/26	100.022	100.031	100.013	100.023
2015/01/27	100.022	100.033	100.020	100.032
2015/01/28	100.025	100.028	100.012	100.014
2015/01/29	100.011	100.018	100.008	100.017
2015/01/30	100.017	100.017	99.975	99.996
2015/02/02	99.988	99.989	99.957	99.973
2015/02/03	99.968	99.993	99.961	99.989
2015/02/04	99.990	100.002	99.984	100.002
2015/02/05	99.990	100.015	99.989	100.011
2015/02/06	100.003	100.024	100.003	100.017
2015/02/09	99.980	99.995	99.952	99.988
2015/02/10	99.970	99.980	99.050	99.773
2015/02/11	99.971	99.999	99.941	99.998
2015/02/12	99.999	100.014	99.997	100.008
2015/02/13	100.037	100.110	100.035	100.101
2015/02/16	100.099	100.151	100.085	100.137
2015/02/17	100.125	100.135	100.103	100.115
2015/02/25	100.007	100.023	100.004	100.019
2015/02/26	100.014	100.037	100.013	100.035
2015/02/27	100.032	100.040	100.025	100.037
2015/03/02	100.002	100.016	100.000	100.014
2015/03/03	100.010	100.013	100.002	100.012
2015/03/04	100.006	100.015	100.003	100.014
2015/03/05	100.011	100.016	100.008	100.015
2015/03/06	100.006	100.013	99.996	100.007
2015/03/09	99.963	99.986	99.903	99.973
2015/03/10	99.960	99.981	99.951	99.977
2015/03/11	99.950	100.000	99.931	99.981
2015/03/12	99.950	99.993	99.939	99.986
2015/03/13	100.016	100.030	100.016	100.023
2015/03/16	100.032	100.250	100.013	100.040
2015/03/17	100.029	100.068	100.025	100.049
2015/03/18	100.028	100.038	100.023	100.025
2015/03/19	100.022	100.030	100.008	100.026
2015/03/20	100.019	100.040	100.017	100.033
2015/03/23	100.020	100.025	100.008	100.011
2015/03/24	100.013	100.017	100.004	100.013
2015/03/25	100.012	100.021	100.007	100.021
2015/03/26	100.014	100.024	100.011	100.022
2015/03/27	100.018	100.034	100.017	100.033
2015/03/30	100.013	100.014	99.985	100.000
2015/03/31	99.995	100.005	99.902	99.997
2015/04/01	99.996	100.012	99.995	100.007
2015/04/02	100.002	100.018	99.998	100.018
2015/04/03	100.020	100.037	100.016	100.035
2015/04/07	100.000	100.014	99.992	100.010
2015/04/08	100.002	100.015	100.002	100.011
2015/04/09	100.011	100.014	100.000	100.009
2015/04/10	100.003	100.011	99.987	99.990
2015/04/13	99.906	99.978	99.906	99.965
2015/04/14	99.961	99.977	99.942	99.972
2015/04/15	99.972	100.113	99.960	100.011
2015/04/16	100.000	100.004	99.986	100.000
2015/04/17	100.031	100.048	100.016	100.046
2015/04/20	100.024	100.055	100.022	100.053
2015/04/21	100.035	100.058	100.035	100.057
2015/04/22	100.028	100.044	100.026	100.039
2015/04/23	100.031	100.043	100.015	100.039
2015/04/24	100.028	100.048	100.026	100.042
2015/04/27	100.017	100.029	100.015	100.019
2015/04/28	100.020	100.022	100.001	100.018
2015/04/29	100.011	100.026	100.007	100.019
2015/04/30	100.020	100.040	100.012	100.039
2015/05/04	99.971	99.991	99.953	99.962
2015/05/05	99.951	99.975	99.947	99.971
2015/05/06	99.959	99.995	99.958	99.983
2015/05/07	99.980	100.019	99.977	100.004
2015/05/08	100.036	100.054	100.030	100.052
2015/05/11	100.030	100.049	100.023	100.046
2015/05/12	100.037	100.050	100.035	100.046
2015/05/13	100.032	100.051	100.030	100.045
2015/05/14	100.031	100.080	100.030	100.056
2015/05/15	100.030	100.038	100.001	100.011
2015/05/18	99.970	100.008	99.957	99.984
2015/05/19	99.964	99.992	99.963	99.979
2015/05/20	99.979	99.980	99.931	99.970
2015/05/21	99.975	100.008	99.951	99.997
2015/05/22	100.038	100.049	100.035	100.047
2015/05/25	100.039	100.040	100.022	100.031
2015/05/26	100.021	100.024	99.977	99.994
2015/05/27	99.976	100.000	99.972	99.989
2015/05/28	99.985	99.994	99.941	99.959
2015/05/29	99.950	99.983	99.882	99.960
2015/06/01	99.921	99.948	99.915	99.923
2015/06/02	99.900	99.939	99.802	99.915
2015/06/03	99.891	99.996	99.884	99.986
2015/06/04	99.996	100.019	99.956	100.017
2015/06/05	100.035	100.072	100.023	100.058
2015/06/08	100.032	100.049	100.027	100.038
2015/06/09	100.020	100.032	100.010	100.020
2015/06/10	100.009	100.009	99.982	99.993
2015/06/11	99.984	100.002	99.972	99.993
2015/06/12	99.970	99.998	99.970	99.981
2015/06/15	99.967	99.983	99.939	99.981
2015/06/16	99.965	99.982	99.960	99.979
2015/06/17	99.966	100.018	99.961	100.010
2015/06/18	99.994	100.008	99.961	100.003
2015/06/19	100.004	100.030	99.994	100.025
2015/06/23	100.009	100.017	97.990	100.003
2015/06/24	100.016	100.056	100.015	100.030
2015/06/25	100.033	100.050	100.015	100.045
2015/06/26	100.032	100.048	100.021	100.039
2015/06/29	99.996	100.040	99.992	100.023
2015/06/30	100.008	100.008	99.921	99.997
2015/07/01	99.982	100.012	99.980	100.008
2015/07/02	100.000	100.015	99.991	100.007
2015/07/03	99.991	100.010	99.949	100.002
2015/07/06	100.002	100.060	100.000	100.035
2015/07/07	100.030	100.073	100.028	100.060
2015/07/08	100.039	100.041	99.970	100.024
2015/07/09	100.004	100.035	99.998	100.022
2015/07/10	100.001	100.038	99.996	100.034
2015/07/13	100.000	100.023	99.999	100.015
2015/07/14	100.010	100.019	100.010	100.014
2015/07/15	100.015	100.027	100.014	100.019
2015/07/16	100.019	100.029	100.018	100.026
2015/07/17	100.030	100.033	100.022	100.028
2015/07/20	100.017	100.028	100.016	100.019
2015/07/21	100.019	100.021	100.015	100.021
2015/07/22	100.017	100.018	100.011	100.014
2015/07/23	100.013	100.021	100.011	100.015
2015/07/24	100.013	100.022	100.006	100.021
2015/07/27	100.012	100.017	99.999	100.007
2015/07/28	100.007	100.009	99.997	100.005
2015/07/29	100.000	100.008	99.999	100.004
2015/07/30	100.001	100.012	100.001	100.009
2015/07/31	100.014	100.026	100.011	100.023
2015/08/03	100.012	100.020	100.012	100.020
2015/08/04	100.016	100.017	100.006	100.008
2015/08/05	100.008	100.010	100.006	100.008
2015/08/06	100.007	100.008	100.005	100.006
2015/08/07	100.005	100.018	99.997	100.016
2015/08/10	100.000	100.007	99.995	100.002
2015/08/11	100.000	100.007	99.998	100.005
2015/08/12	100.001	100.009	100.000	100.008
2015/08/13	100.003	100.008	100.001	100.004
2015/08/14	100.002	100.019	100.002	100.017
2015/08/17	100.003	100.012	100.002	100.009
2015/08/18	100.005	100.011	100.002	100.010
2015/08/19	100.006	100.012	100.004	100.011
2015/08/20	100.007	100.013	100.006	100.009
2015/08/21	100.010	100.019	100.008	100.018
2015/08/24	100.004	100.009	99.996	100.004
2015/08/25	100.000	100.008	99.996	100.003
2015/08/26	99.999	100.008	99.999	100.004
2015/08/27	100.002	100.006	99.999	100.002
2015/08/28	100.003	100.012	100.001	100.010
2015/08/31	100.004	100.010	100.004	100.009
2015/09/01	100.009	100.018	100.008	100.014
2015/09/02	100.022	100.041	100.022	100.033
2015/09/07	100.009	100.014	100.006	100.009
2015/09/08	100.010	100.012	100.005	100.006
2015/09/09	100.001	100.006	99.989	100.005
2015/09/10	100.004	100.008	100.002	100.008
2015/09/11	100.011	100.020	100.011	100.019
2015/09/14	100.007	100.016	100.005	100.008
2015/09/15	100.008	100.011	100.007	100.009
2015/09/16	100.007	100.009	100.002	100.007
2015/09/17	100.006	100.010	100.004	100.006
2015/09/18	100.013	100.016	100.007	100.013
2015/09/21	100.008	100.009	100.002	100.004
2015/09/22	99.990	100.008	99.990	100.007
2015/09/23	100.006	100.008	100.002	100.005
2015/09/24	100.006	100.006	99.998	100.000
2015/09/25	100.005	100.008	99.998	100.006
2015/09/28	100.002	100.006	100.000	100.002
2015/09/29	100.002	100.011	99.988	100.006
2015/09/30	100.031	100.045	100.031	100.038
2015/10/08	99.992	99.998	99.960	99.981
2015/10/09	99.999	100.006	99.983	100.005
2015/10/12	99.987	99.992	99.979	99.986
2015/10/13	99.984	100.000	99.981	99.999
2015/10/14	99.996	100.004	99.996	100.003
2015/10/15	100.001	100.002	99.991	99.996
2015/10/16	99.995	100.009	99.994	100.008
2015/10/19	99.995	100.003	99.993	100.001
2015/10/20	100.000	100.000	99.997	99.999
2015/10/21	99.997	100.002	99.996	100.000
2015/10/22	99.996	99.998	99.988	99.994
2015/10/23	99.997	100.006	99.996	100.002
2015/10/26	99.991	99.997	99.990	99.996
2015/10/27	99.995	100.000	99.995	99.996
2015/10/28	99.997	100.000	99.995	99.998
2015/10/29	99.997	100.004	99.995	99.999
2015/10/30	100.001	100.011	99.999	100.010
2015/11/02	99.999	100.000	99.997	99.999
2015/11/03	99.997	99.998	99.989	99.995
2015/11/04	99.993	99.996	99.989	99.991
2015/11/05	99.987	99.997	99.900	99.997
2015/11/06	100.000	100.005	99.996	100.001
2015/11/09	99.981	99.989	99.961	99.986
2015/11/10	99.989	100.000	99.986	99.997
2015/11/11	99.993	100.004	99.993	100.000
2015/11/12	99.997	100.004	99.995	100.003
2015/11/13	100.003	100.015	100.001	100.012
2015/11/16	99.999	100.001	99.995	99.999
2015/11/17	99.997	100.001	99.995	100.000
2015/11/18	99.998	100.003	99.996	99.999
2015/11/19	100.000	100.005	99.998	100.001
2015/11/20	100.002	100.007	100.002	100.006
2015/11/23	99.996	100.007	99.995	100.005
2015/11/24	100.001	100.009	99.996	100.000
2015/11/25	99.999	100.000	99.995	99.997
2015/11/26	99.996	99.997	99.991	99.995
2015/11/27	99.995	99.999	99.986	99.993
2015/11/30	99.968	99.990	99.941	99.984
2015/12/01	99.970	99.998	99.963	99.996
2015/12/02	99.995	100.002	99.993	100.001
2015/12/03	99.999	100.005	99.998	100.003
2015/12/04	100.005	100.021	100.005	100.015
2015/12/07	100.000	100.015	99.999	100.010
2015/12/08	100.007	100.009	100.003	100.009
2015/12/09	100.002	100.006	99.993	99.998
2015/12/10	99.996	100.007	99.990	99.998
2015/12/11	99.997	100.011	99.996	100.004
2015/12/14	99.987	99.999	99.985	99.997
2015/12/15	100.002	100.003	99.994	99.997
2015/12/16	99.998	100.002	99.995	100.001
2015/12/17	100.001	100.004	99.999	100.001
2015/12/18	100.002	100.013	100.002	100.012
2015/12/21	99.998	100.000	99.992	99.992
2015/12/22	99.991	99.994	99.981	99.986
2015/12/23	99.982	99.997	99.952	99.993
2015/12/24	99.992	99.995	99.986	99.988
2015/12/25	100.001	100.005	99.998	99.999
2015/12/28	99.999	100.000	99.991	99.998
2015/12/29	99.997	100.003	99.993	99.999
2015/12/30	99.999	100.005	99.988	100.002
2015/12/31	100.008	100.019	100.007	100.015
2016/01/04	99.997	99.997	99.970	99.975
2016/01/05	99.975	99.998	99.920	99.994
2016/01/06	99.988	100.007	99.988	100.006
2016/01/07	100.001	100.013	99.998	100.010
2016/01/08	100.000	100.028	99.998	100.024
2016/01/11	100.004	100.014	100.003	100.011
2016/01/12	100.004	100.012	100.002	100.009
2016/01/13	100.005	100.010	100.000	100.007
2016/01/14	100.005	100.009	100.002	100.007
2016/01/15	100.009	100.018	100.007	100.015
2016/01/18	100.004	100.005	99.996	100.003
2016/01/19	100.001	100.002	99.990	99.999
2016/01/20	99.999	100.002	99.988	99.993
2016/01/21	99.992	99.996	99.971	99.972
2016/01/22	99.990	100.002	99.981	99.999
2016/01/25	99.990	99.998	99.988	99.997
2016/01/26	99.994	100.001	99.994	100.000
2016/01/27	99.999	100.001	99.950	99.998
2016/01/28	99.997	100.004	99.997	99.999
2016/01/29	100.006	100.016	100.003	100.013
2016/02/01	100.003	100.004	99.994	100.002
2016/02/02	100.004	100.004	99.998	100.001
2016/02/03	100.001	100.008	99.999	100.007
2016/02/04	100.007	100.060	100.000	100.050
2016/02/05	100.041	100.089	100.041	100.085
2016/02/15	100.000	100.011	99.996	100.010
2016/02/16	100.003	100.011	100.000	100.006
2016/02/17	100.002	100.011	99.999	100.007
2016/02/18	100.003	100.015	100.002	100.014
2016/02/19	100.012	100.023	100.012	100.016
2016/02/22	100.005	100.008	99.998	100.002
2016/02/23	100.002	100.009	100.001	100.005
2016/02/24	100.003	100.007	99.993	99.997
2016/02/25	99.999	99.999	99.979	99.989
2016/02/26	99.998	100.007	99.994	100.004
2016/02/29	99.999	100.004	99.990	100.003
2016/03/01	99.999	100.010	99.998	100.008
2016/03/02	100.003	100.007	99.999	100.007
2016/03/03	99.990	100.014	99.990	100.012
2016/03/04	100.012	100.024	100.007	100.019
2016/03/07	100.003	100.016	100.000	100.015
2016/03/08	100.008	100.015	100.006	100.011
2016/03/09	100.009	100.015	100.008	100.013
2016/03/10	100.012	100.019	100.010	100.018
2016/03/11	100.021	100.027	100.013	100.020
2016/03/14	100.007	100.011	100.002	100.009
2016/03/15	100.008	100.009	100.003	100.008
2016/03/16	100.003	100.009	100.001	100.008
2016/03/17	100.007	100.008	99.984	99.989
2016/03/18	99.992	100.003	99.981	99.995
2016/03/21	99.980	99.990	99.951	99.982
2016/03/22	99.984	99.996	99.979	99.992
2016/03/23	99.996	100.001	99.992	99.999
2016/03/24	99.998	100.004	99.995	100.002
2016/03/25	100.007	100.013	100.000	100.007
2016/03/28	99.999	100.000	99.988	99.992
2016/03/29	99.992	99.995	99.985	99.993
2016/03/30	99.988	99.993	99.970	99.978
2016/03/31	99.980	100.001	99.971	99.993
2016/04/01	100.011	100.018	100.004	100.014
2016/04/05	99.994	100.011	99.991	100.009
2016/04/06	100.001	100.009	99.998	100.007
2016/04/07	99.996	100.009	99.996	100.005
2016/04/08	100.008	100.022	100.008	100.021
2016/04/11	100.001	100.003	99.998	100.000
2016/04/12	99.999	100.000	99.992	99.999
2016/04/13	99.996	100.001	99.989	99.996
2016/04/14	99.994	99.994	99.984	99.988
2016/04/15	99.996	100.012	99.994	100.006
2016/04/18	99.997	100.005	99.994	100.000
2016/04/19	99.998	100.003	99.998	100.001
2016/04/20	99.999	100.006	99.991	100.004
2016/04/21	99.999	100.007	99.997	100.006
2016/04/22	100.010	100.020	100.005	100.008
2016/04/25	100.000	100.000	99.988	99.992
2016/04/26	99.994	99.998	99.990	99.992
2016/04/27	99.991	99.998	99.990	99.995
2016/04/28	99.995	100.009	99.994	100.008
2016/04/29	100.016	100.018	100.007	100.013
2016/05/03	99.995	99.999	99.990	99.996
2016/05/04	99.995	100.001	99.992	100.000
2016/05/05	99.999	100.006	99.996	100.005
2016/05/06	100.007	100.014	100.007	100.012
2016/05/09	99.997	100.008	99.996	100.008
2016/05/10	100.003	100.008	99.999	100.006
2016/05/11	100.006	100.010	100.004	100.008
2016/05/12	100.007	100.009	100.001	100.006
2016/05/13	100.011	100.012	100.004	100.011
2016/05/16	99.999	100.009	99.998	100.007
2016/05/17	100.003	100.008	100.002	100.006
2016/05/18	100.005	100.009	100.003	100.006
2016/05/19	100.005	100.009	100.004	100.007
2016/05/20	100.009	100.010	99.998	100.000
2016/05/23	99.997	100.004	99.994	100.002
2016/05/24	100.001	100.008	100.001	100.006
2016/05/25	100.003	100.004	99.999	100.004
2016/05/26	100.002	100.006	99.999	100.000
2016/05/27	100.006	100.008	100.000	100.002
2016/05/30	99.998	100.000	99.997	99.999
2016/05/31	99.998	100.000	99.981	100.000
2016/06/01	99.990	99.998	99.983	99.994
2016/06/02	99.991	99.997	99.990	99.996
2016/06/03	99.995	100.002	99.994	100.002
2016/06/06	99.990	100.000	99.985	99.999
2016/06/07	99.999	100.000	99.988	99.996
2016/06/08	100.008	100.022	100.007	100.021
2016/06/13	99.996	100.000	99.991	99.995
2016/06/14	99.996	99.999	99.991	99.994
2016/06/15	99.994	99.997	99.988	99.994
2016/06/16	99.990	99.998	99.988	99.994
2016/06/17	100.001	100.005	99.997	100.003
2016/06/20	99.993	99.995	99.989	99.991
2016/06/21	99.991	99.993	99.975	99.989
2016/06/22	99.991	99.994	99.987	99.992
2016/06/23	99.990	99.991	99.982	99.990
2016/06/24	99.995	100.001	99.989	99.997
2016/06/27	99.984	99.988	99.958	99.972
2016/06/28	99.970	99.978	99.955	99.977
2016/06/29	99.971	99.973	99.955	99.963
2016/06/30	99.963	99.995	99.958	99.994
2016/07/01	100.001	100.007	99.999	100.004
2016/07/04	99.993	99.995	99.984	99.988
2016/07/05	99.987	99.997	99.984	99.995
2016/07/06	99.991	100.004	99.988	100.001
2016/07/07	99.995	100.002	99.995	100.000
2016/07/08	100.005	100.024	100.003	100.020
2016/07/11	99.996	100.007	99.996	100.005
2016/07/12	100.001	100.002	99.997	99.999
2016/07/13	99.993	100.000	99.992	99.999
2016/07/14	99.998	100.006	99.995	100.005
2016/07/15	100.007	100.011	100.004	100.006
2016/07/18	99.995	100.006	99.995	100.002
2016/07/19	100.000	100.007	99.999	100.006
2016/07/20	100.003	100.004	100.000	100.003
2016/07/21	100.002	100.002	99.996	99.998
2016/07/22	100.006	100.007	100.000	100.004
2016/07/25	99.997	100.000	99.995	99.999
2016/07/26	99.998	99.998	99.987	99.991
2016/07/27	99.990	99.999	99.989	99.998
2016/07/28	99.995	100.006	99.993	100.003
2016/07/29	100.006	100.014	100.004	100.013
2016/08/01	100.001	100.003	99.995	100.001
2016/08/02	99.999	100.003	99.997	100.002
2016/08/03	100.000	100.007	100.000	100.006
2016/08/04	100.002	100.012	100.001	100.005
2016/08/05	100.008	100.017	100.008	100.014
2016/08/08	100.003	100.010	100.000	100.007
2016/08/09	100.004	100.006	100.002	100.004
2016/08/10	100.002	100.006	100.000	100.005
2016/08/11	100.004	100.006	99.999	100.003
2016/08/12	100.006	100.010	100.001	100.004
2016/08/15	99.997	99.997	99.985	99.992
2016/08/16	99.989	99.996	99.984	99.990
2016/08/17	99.993	99.997	99.991	99.995
2016/08/18	99.993	100.002	99.986	99.994
2016/08/19	100.007	100.009	100.001	100.006
2016/08/22	99.992	100.001	99.990	99.999
2016/08/23	99.996	99.999	99.992	99.994
2016/08/24	99.995	99.995	99.991	99.994
2016/08/25	99.988	100.000	99.987	99.998
2016/08/26	100.000	100.008	100.000	100.007
2016/08/29	99.995	100.003	99.993	100.001
2016/08/30	99.999	100.000	99.995	99.998
2016/08/31	99.999	100.000	99.993	99.998
2016/09/01	99.997	100.004	99.996	100.003
2016/09/02	100.003	100.007	100.001	100.004
2016/09/05	99.995	100.002	99.994	100.001
2016/09/06	99.998	100.001	99.996	99.999
2016/09/07	99.997	100.001	99.996	100.000
2016/09/08	99.999	100.004	99.998	100.003
2016/09/09	100.003	100.009	100.002	100.008
2016/09/12	99.995	99.999	99.994	99.996
2016/09/13	99.997	100.004	99.992	100.002
2016/09/14	100.010	100.028	100.010	100.022
2016/09/19	99.998	100.006	99.996	99.999
2016/09/20	99.998	100.000	99.992	99.995
2016/09/21	99.997	99.999	99.989	99.998
2016/09/22	99.995	99.996	99.970	99.980
2016/09/23	100.001	100.008	99.995	99.996
2016/09/26	99.993	99.997	99.970	99.980
2016/09/27	99.989	99.992	99.967	99.985
2016/09/28	99.978	100.004	99.968	100.001
2016/09/29	100.000	100.015	99.984	99.996
2016/09/30	100.048	100.078	100.043	100.068
2016/10/10	99.995	99.999	99.990	99.993
2016/10/11	99.995	99.997	99.991	99.997
2016/10/12	99.995	100.010	99.993	100.006
2016/10/13	99.999	100.007	99.995	100.003
2016/10/14	100.009	100.013	100.000	100.007
2016/10/17	99.997	100.007	99.996	100.006
2016/10/18	99.999	100.001	99.990	99.992
2016/10/19	99.992	99.997	99.991	99.996
2016/10/20	99.996	99.998	99.988	99.990
2016/10/21	100.003	100.006	99.992	99.994
2016/10/24	99.993	99.993	99.977	99.984
2016/10/25	99.980	99.989	99.973	99.984
2016/10/26	99.986	99.987	99.969	99.976
2016/10/27	99.976	99.976	99.949	99.964
2016/10/28	99.990	99.999	99.987	99.990
2016/10/31	99.983	99.994	99.983	99.993
2016/11/01	99.990	99.996	99.987	99.994
2016/11/02	99.992	100.007	99.992	100.006
2016/11/03	100.000	100.008	100.000	100.007
2016/11/04	100.008	100.018	100.006	100.015
2016/11/07	100.002	100.020	100.000	100.008
2016/11/08	100.005	100.007	99.998	100.004
2016/11/09	100.001	100.003	99.994	100.000
2016/11/10	99.994	100.000	99.992	99.999
2016/11/11	100.002	100.005	99.986	99.991
2016/11/14	99.980	99.987	99.978	99.985
2016/11/15	99.985	99.999	99.980	99.994
2016/11/16	99.991	99.994	99.985	99.988
2016/11/17	99.988	99.994	99.985	99.990
2016/11/18	99.995	100.002	99.990	99.998
2016/11/21	99.990	99.995	99.987	99.990
2016/11/22	99.990	99.994	99.988	99.992
2016/11/23	99.990	99.996	99.985	99.994
2016/11/24	99.990	99.991	99.982	99.985
2016/11/25	99.997	99.997	99.992	99.994
2016/11/28	99.984	99.990	99.976	99.986
2016/11/29	99.985	99.986	99.970	99.976
2016/11/30	99.976	99.979	99.934	99.970
2016/12/01	99.966	99.977	99.955	99.969
2016/12/02	99.981	100.005	99.981	100.004
2016/12/05	99.990	100.004	99.987	99.999
2016/12/06	99.997	99.997	99.993	99.995
2016/12/07	99.995	99.997	99.991	99.996
2016/12/08	99.992	100.000	99.987	100.000
2016/12/09	100.002	100.003	99.997	100.000
2016/12/12	99.991	99.992	99.986	99.988
2016/12/13	99.986	99.992	99.974	99.990
2016/12/14	99.985	99.992	99.974	99.985
2016/12/15	99.960	99.965	99.500	99.881
2016/12/16	99.910	99.958	99.885	99.905
2016/12/19	99.918	99.965	99.905	99.941
2016/12/20	99.958	99.975	99.926	99.962
2016/12/21	99.963	99.994	99.960	99.981
2016/12/22	99.989	99.992	99.970	99.986
2016/12/23	99.993	100.000	99.991	99.997
2016/12/26	99.992	99.994	99.969	99.979
2016/12/27	99.979	99.981	99.933	99.956
2016/12/28	99.959	99.970	99.915	99.966
2016/12/29	99.944	100.007	99.934	100.000
2016/12/30	100.005	100.031	100.005	100.029
2017/01/03	99.981	99.995	99.979	99.981
2017/01/04	99.987	99.997	99.986	99.990
2017/01/05	99.990	100.011	99.987	100.005
2017/01/06	100.010	100.031	100.006	100.016
2017/01/09	99.996	100.012	99.996	100.009
2017/01/10	100.002	100.010	100.000	100.008
2017/01/11	100.006	100.014	100.004	100.010
2017/01/12	100.009	100.014	100.007	100.012
2017/01/13	100.002	100.019	100.001	100.013
2017/01/16	100.003	100.007	99.992	100.000
2017/01/17	99.996	100.001	99.985	100.000
2017/01/18	99.997	99.997	99.971	99.979
2017/01/19	99.970	99.972	99.952	99.958
2017/01/20	99.996	100.004	99.989	99.995
2017/01/23	99.990	100.002	99.982	100.000
2017/01/24	99.999	100.011	99.996	100.009
2017/01/25	100.011	100.055	100.011	100.042
2017/01/26	100.066	100.073	100.055	100.059
2017/02/03	100.009	100.019	100.002	100.009
2017/02/06	99.999	100.012	99.989	100.010
2017/02/07	100.001	100.030	100.001	100.028
2017/02/08	100.015	100.025	100.011	100.015
2017/02/09	100.015	100.022	100.007	100.016
2017/02/10	100.016	100.024	100.016	100.021
2017/02/13	100.003	100.010	99.999	100.001
2017/02/14	100.001	100.002	99.991	99.998
2017/02/15	99.994	99.999	99.991	99.997
2017/02/16	99.994	100.000	99.992	100.000
2017/02/17	100.007	100.011	99.990	99.994
2017/02/20	99.992	99.993	99.981	99.982
2017/02/21	99.985	99.986	99.979	99.983
2017/02/22	99.985	99.992	99.982	99.992
2017/02/23	99.991	100.010	99.991	100.009
2017/02/24	100.005	100.013	100.001	100.010
2017/02/27	99.993	100.001	99.987	100.000
2017/02/28	99.996	99.999	99.989	99.995
2017/03/01	99.997	100.000	99.995	99.998
2017/03/02	99.997	100.006	99.996	100.001
2017/03/03	100.013	100.017	100.000	100.016
2017/03/06	99.997	100.012	99.997	100.009
2017/03/07	100.005	100.009	100.004	100.008
2017/03/08	100.008	100.010	100.006	100.007
2017/03/09	100.008	100.009	99.996	100.001
2017/03/10	100.006	100.026	100.006	100.025
2017/03/13	100.006	100.008	99.999	100.000
2017/03/14	100.001	100.004	99.999	100.003
2017/03/15	100.001	100.002	99.993	99.996
2017/03/16	99.993	99.994	99.952	99.953
2017/03/17	99.981	100.001	99.956	99.981
2017/03/20	99.978	99.983	99.969	99.979
2017/03/21	99.978	99.981	99.969	99.979
2017/03/22	99.984	99.994	99.980	99.991
2017/03/23	99.991	100.002	99.987	99.995
2017/03/24	100.008	100.010	99.993	99.997
2017/03/27	99.989	99.994	99.981	99.991
2017/03/28	99.985	99.988	99.974	99.981
2017/03/29	99.981	99.982	99.953	99.968
2017/03/30	99.968	99.972	99.946	99.969
2017/03/31	100.013	100.020	99.996	100.009
2017/04/05	99.986	99.992	99.982	99.988
2017/04/06	99.988	100.009	99.984	100.007
2017/04/07	100.007	100.030	100.005	100.026
2017/04/10	100.003	100.012	99.999	100.011
2017/04/11	100.006	100.040	100.005	100.024
2017/04/12	100.010	100.018	100.008	100.010
2017/04/13	100.009	100.021	100.006	100.016
2017/04/14	100.016	100.024	100.010	100.020
2017/04/17	100.000	100.013	100.000	100.011
2017/04/18	100.010	100.010	100.003	100.005
2017/04/19	100.005	100.009	99.998	100.004
2017/04/20	100.002	100.007	99.998	100.000
2017/04/21	100.008	100.016	100.008	100.010
2017/04/24	100.001	100.001	99.990	99.998
2017/04/25	99.992	99.995	99.981	99.994
2017/04/26	99.994	99.998	99.991	99.996
2017/04/27	99.990	99.997	99.988	99.996
2017/04/28	100.013	100.028	100.008	100.023
2017/05/02	100.000	100.007	99.996	100.004
2017/05/03	100.001	100.009	99.999	100.006
2017/05/04	100.007	100.011	100.002	100.010
2017/05/05	100.014	100.025	100.014	100.020
2017/05/08	100.002	100.016	100.002	100.015
2017/05/09	100.008	100.030	100.005	100.021
2017/05/10	100.020	100.023	100.008	100.011
2017/05/11	100.008	100.015	100.008	100.014
2017/05/12	100.019	100.029	100.018	100.026
2017/05/15	100.008	100.016	100.005	100.012
2017/05/16	100.010	100.011	99.994	99.996
2017/05/17	99.995	100.001	99.994	99.998
2017/05/18	99.995	100.010	99.995	100.009
2017/05/19	100.017	100.019	100.000	100.005
2017/05/22	99.997	100.011	99.996	100.009
2017/05/23	100.004	100.006	99.999	100.003
2017/05/24	99.999	100.006	99.997	100.004
2017/05/25	100.000	100.017	100.000	100.014
2017/05/26	100.028	100.038	100.018	100.037
2017/05/31	99.997	100.004	99.973	99.990
2017/06/01	99.999	100.010	99.985	100.009
2017/06/02	100.010	100.013	100.003	100.010
2017/06/05	99.993	100.003	99.992	100.001
2017/06/06	99.998	100.005	99.998	100.001
2017/06/07	100.000	100.009	99.998	100.006
2017/06/08	100.000	100.009	99.999	100.007
2017/06/09	100.011	100.014	100.007	100.009
2017/06/12	99.999	100.003	99.998	100.002
2017/06/13	100.001	100.002	99.996	99.999
2017/06/14	99.996	99.999	99.991	99.996
2017/06/15	99.996	99.998	99.986	99.996
2017/06/16	100.002	100.007	99.999	100.001
2017/06/19	99.990	99.995	99.989	99.992
2017/06/20	99.990	99.992	99.976	99.978
2017/06/21	99.979	99.990	99.973	99.989
2017/06/22	99.983	100.000	99.978	99.999
2017/06/23	100.002	100.009	99.999	100.008
2017/06/26	99.981	99.990	99.980	99.984
2017/06/27	99.983	99.987	99.982	99.985
2017/06/28	99.984	99.986	99.970	99.984
2017/06/29	99.972	99.987	99.968	99.975
2017/06/30	100.000	100.008	99.996	100.005
2017/07/03	99.994	100.003	99.993	100.001
2017/07/04	100.000	100.012	99.998	100.010
2017/07/05	100.000	100.010	100.000	100.008
2017/07/06	100.004	100.017	100.003	100.011
2017/07/07	100.017	100.025	100.017	100.023
2017/07/10	100.005	100.020	100.003	100.015
2017/07/11	100.010	100.018	100.009	100.013
2017/07/12	100.012	100.017	100.008	100.016
2017/07/13	100.011	100.015	100.009	100.011
2017/07/14	100.015	100.024	100.014	100.022
2017/07/17	100.009	100.011	100.005	100.007
2017/07/18	100.000	100.002	99.995	99.996
2017/07/19	99.996	99.996	99.981	99.985
2017/07/20	99.980	99.998	99.978	99.996
2017/07/21	100.010	100.017	100.009	100.013
2017/07/24	99.997	99.999	99.992	99.996
2017/07/25	99.995	99.999	99.992	99.998
2017/07/26	99.995	100.009	99.994	100.006
2017/07/27	100.000	100.004	99.993	99.999
2017/07/28	100.016	100.020	99.500	99.993
2017/07/31	99.989	99.993	99.982	99.992
2017/08/01	99.990	99.990	99.982	99.988
2017/08/02	99.986	100.003	99.985	100.001
2017/08/03	99.998	100.011	99.997	100.010
2017/08/04	100.015	100.032	100.015	100.029
2017/08/07	100.002	100.013	100.001	100.011
2017/08/08	100.006	100.014	100.006	100.011
2017/08/09	100.008	100.010	100.005	100.009
2017/08/10	100.006	100.013	100.005	100.011
2017/08/11	100.018	100.025	100.018	100.022
2017/08/14	100.005	100.009	100.001	100.003
2017/08/15	100.000	100.002	99.992	99.998
2017/08/16	99.997	99.997	99.990	99.994
2017/08/17	99.992	99.997	99.979	99.991
2017/08/18	100.010	100.012	100.002	100.009
2017/08/21	99.992	99.996	99.989	99.993
2017/08/22	99.992	99.997	99.989	99.995
2017/08/23	99.991	99.993	99.990	99.991
2017/08/24	99.990	100.005	99.990	100.003
2017/08/25	100.015	100.018	99.998	100.004
2017/08/28	99.990	99.991	99.975	99.980
2017/08/29	99.977	99.987	99.971	99.985
2017/08/30	99.974	99.985	99.968	99.979
2017/08/31	99.972	100.003	99.971	100.000
2017/09/01	100.007	100.015	100.007	100.012
2017/09/04	99.992	100.008	99.992	100.007
2017/09/05	100.001	100.008	99.998	100.005
2017/09/06	100.003	100.009	100.001	100.008
2017/09/07	100.002	100.009	100.000	100.007
2017/09/08	100.010	100.014	100.007	100.013
2017/09/11	99.999	100.000	99.993	99.996
2017/09/12	99.993	99.999	99.986	99.998
2017/09/13	99.994	99.997	99.991	99.995
2017/09/14	99.992	100.002	99.992	100.000
2017/09/15	100.010	100.012	99.997	100.005
2017/09/18	99.988	99.990	99.984	99.986
2017/09/19	99.985	99.986	99.970	99.979
2017/09/20	99.980	99.986	99.975	99.984
2017/09/21	99.981	99.989	99.977	99.988
2017/09/22	99.999	100.004	99.986	99.990
2017/09/25	99.978	99.988	99.971	99.985
2017/09/26	99.981	99.985	99.968	99.980
2017/09/27	99.973	99.985	99.955	99.972
2017/09/28	99.975	99.975	99.900	99.935
2017/09/29	100.066	100.079	100.041	100.059
2017/10/09	99.976	99.982	99.968	99.973
2017/10/10	99.974	100.008	99.971	100.005
2017/10/11	99.998	100.012	99.990	100.011
2017/10/12	100.003	100.017	100.002	100.014
2017/10/13	100.019	100.027	100.013	100.025
2017/10/16	99.999	100.012	99.998	100.011
2017/10/17	100.006	100.013	100.003	100.010
2017/10/18	100.007	100.012	100.006	100.011
2017/10/19	100.008	100.015	100.006	100.012
2017/10/20	100.015	100.031	100.013	100.030
2017/10/23	100.006	100.015	100.004	100.010
2017/10/24	100.007	100.009	100.003	100.007
2017/10/25	100.004	100.005	99.999	100.000
2017/10/26	99.990	100.002	99.988	100.001
2017/10/27	100.008	100.011	99.999	100.005
2017/10/30	99.989	99.992	99.971	99.988
2017/10/31	99.983	100.001	99.974	100.000
2017/11/01	99.998	100.011	99.994	100.007
2017/11/02	100.003	100.021	100.002	100.017
2017/11/03	100.017	100.045	100.014	100.041
2017/11/06	100.012	100.013	100.007	100.009
2017/11/07	100.005	100.010	100.003	100.009
