'511810'	理财金H 	日线
日期	开盘	最高	最低	收盘	
2015/01/05	99.811	99.995	99.810	99.977
2015/01/06	99.974	99.989	99.905	99.980
2015/01/07	99.961	99.990	99.961	99.987
2015/01/08	99.962	99.995	99.962	99.995
2015/01/09	100.000	100.004	99.996	99.999
2015/01/12	99.910	99.993	99.810	99.979
2015/01/13	99.965	99.990	99.965	99.987
2015/01/14	99.987	99.997	99.983	99.996
2015/01/15	99.996	100.000	99.996	99.997
2015/01/16	100.004	100.004	99.998	100.000
2015/01/19	99.999	100.002	99.999	100.002
2015/01/20	100.002	100.019	100.002	100.018
2015/01/21	100.018	100.022	100.010	100.022
2015/01/22	100.022	100.026	100.012	100.024
2015/01/23	100.024	100.045	100.023	100.041
2015/01/26	100.005	100.020	100.001	100.016
2015/01/27	100.000	100.015	100.000	100.002
2015/01/28	100.002	100.002	100.000	100.002
2015/01/29	100.000	100.001	99.999	100.001
2015/01/30	100.001	100.013	99.999	100.000
2015/02/02	99.997	99.999	99.994	99.996
2015/02/03	99.997	99.999	99.993	99.998
2015/02/04	99.998	100.000	99.996	99.998
2015/02/05	99.996	99.997	99.955	99.987
2015/02/06	99.987	100.000	99.985	99.999
2015/02/09	99.980	99.982	99.940	99.950
2015/02/10	99.900	99.960	99.880	99.903
2015/02/11	99.954	99.958	99.906	99.949
2015/02/12	99.995	100.000	99.982	99.999
2015/02/13	100.030	100.300	100.030	100.249
2015/02/16	100.249	100.440	100.066	100.270
2015/02/17	100.200	100.399	100.199	100.381
2015/02/25	100.001	100.170	99.998	100.014
2015/02/26	100.003	100.015	100.000	100.012
2015/02/27	100.010	100.025	100.004	100.013
2015/03/02	100.000	100.004	99.996	100.004
2015/03/03	100.000	100.005	99.998	100.001
2015/03/04	100.001	100.003	99.999	100.002
2015/03/05	99.999	100.001	99.998	100.000
2015/03/06	100.000	100.000	99.987	99.997
2015/03/09	99.961	99.967	99.910	99.963
2015/03/10	99.960	99.960	99.920	99.939
2015/03/11	99.930	99.933	99.800	99.923
2015/03/12	99.911	99.961	99.110	99.952
2015/03/13	99.990	100.003	99.990	100.002
2015/03/16	100.000	100.007	100.000	100.007
2015/03/17	100.000	100.012	100.000	100.010
2015/03/18	100.005	100.014	100.001	100.010
2015/03/19	100.005	100.012	100.003	100.010
2015/03/20	100.010	100.025	100.005	100.025
2015/03/23	100.000	100.015	100.000	100.012
2015/03/24	100.004	100.016	100.002	100.011
2015/03/25	100.010	100.026	100.005	100.014
2015/03/26	100.013	100.019	100.012	100.015
2015/03/27	100.015	100.029	100.012	100.023
2015/03/30	100.011	100.012	99.995	100.010
2015/03/31	100.007	100.018	100.005	100.017
2015/04/01	100.000	100.000	99.995	100.000
2015/04/02	100.000	100.000	99.991	99.995
2015/04/03	99.998	100.026	99.998	100.025
2015/04/07	99.998	100.004	99.987	100.003
2015/04/08	99.998	100.002	99.994	100.001
2015/04/09	99.998	99.998	99.993	99.995
2015/04/10	99.995	99.995	99.985	99.994
2015/04/13	99.979	99.979	99.920	99.937
2015/04/14	99.930	99.960	99.921	99.960
2015/04/15	99.958	99.982	99.941	99.979
2015/04/16	99.979	99.992	99.966	99.985
2015/04/17	100.002	100.033	100.002	100.032
2015/04/20	100.018	100.023	100.010	100.020
2015/04/21	100.020	100.040	100.015	100.040
2015/04/22	100.027	100.035	100.011	100.025
2015/04/23	100.023	100.023	100.002	100.020
2015/04/24	100.003	100.020	100.002	100.018
2015/04/27	100.004	100.007	100.002	100.005
2015/04/28	100.001	100.002	99.996	100.000
2015/04/29	99.996	100.008	99.996	100.005
2015/04/30	100.003	100.017	100.002	100.006
2015/05/04	99.965	99.965	99.930	99.951
2015/05/05	99.950	99.950	99.928	99.947
2015/05/06	99.940	99.988	99.935	99.973
2015/05/07	99.973	99.986	99.965	99.979
2015/05/08	100.006	100.036	100.006	100.035
2015/05/11	100.019	100.039	100.018	100.039
2015/05/12	100.029	100.040	100.025	100.039
2015/05/13	100.037	100.037	100.010	100.027
2015/05/14	100.023	100.023	100.007	100.012
2015/05/15	100.006	100.009	99.996	100.004
2015/05/18	99.994	99.994	99.954	99.977
2015/05/19	99.963	99.972	99.941	99.954
2015/05/20	99.960	99.961	99.940	99.952
2015/05/21	99.970	99.990	99.970	99.982
2015/05/22	100.021	100.041	100.021	100.040
2015/05/25	100.037	100.037	100.019	100.035
2015/05/26	100.022	100.046	100.022	100.030
2015/05/27	100.018	100.022	100.000	100.019
2015/05/28	100.020	100.020	99.996	99.997
2015/05/29	99.997	99.999	99.936	99.991
2015/06/01	99.920	99.960	99.901	99.912
2015/06/02	99.911	99.911	99.810	99.894
2015/06/03	99.896	99.971	99.861	99.967
2015/06/04	99.995	100.030	99.956	100.029
2015/06/05	100.020	100.040	100.020	100.040
2015/06/08	100.010	100.030	100.010	100.027
2015/06/09	100.025	100.026	100.010	100.020
2015/06/10	100.001	100.005	99.995	100.002
2015/06/11	99.995	100.009	99.981	100.007
2015/06/12	99.970	100.005	99.970	100.000
2015/06/15	99.975	99.999	99.961	99.967
2015/06/16	99.970	99.980	99.960	99.976
2015/06/17	99.970	99.983	99.965	99.978
2015/06/18	99.979	99.979	99.948	99.962
2015/06/19	99.986	100.011	99.975	100.002
2015/06/23	100.000	100.009	99.990	100.000
2015/06/24	100.002	100.020	100.002	100.015
2015/06/25	100.015	100.024	100.007	100.024
2015/06/26	100.400	100.400	100.000	100.023
2015/06/29	99.999	100.002	99.980	100.000
2015/06/30	99.999	100.002	99.980	99.995
2015/07/01	99.975	100.002	99.975	99.996
2015/07/02	99.982	99.992	99.978	99.983
2015/07/03	99.983	99.983	99.940	99.970
2015/07/06	99.997	100.020	99.997	100.016
2015/07/07	100.016	100.024	100.008	100.019
2015/07/08	100.000	100.014	100.000	100.009
2015/07/09	100.000	100.010	99.999	100.006
2015/07/10	100.002	100.017	99.990	100.015
2015/07/13	99.996	100.015	99.996	100.010
2015/07/14	100.000	100.010	100.000	100.009
2015/07/15	100.005	100.013	100.005	100.010
2015/07/16	100.009	100.015	100.000	100.015
2015/07/17	100.010	100.029	100.010	100.023
2015/07/20	100.010	100.018	100.004	100.014
2015/07/21	100.009	100.017	100.009	100.015
2015/07/22	100.015	100.028	100.010	100.027
2015/07/23	100.025	100.032	100.015	100.031
2015/07/24	100.025	100.051	100.020	100.046
2015/07/27	100.020	100.039	100.010	100.031
2015/07/28	100.020	100.033	100.020	100.031
2015/07/29	100.017	100.026	100.012	100.022
2015/07/30	100.022	100.026	100.015	100.023
2015/07/31	100.022	100.030	100.019	100.030
2015/08/03	100.019	100.030	100.012	100.029
2015/08/04	100.021	100.032	100.021	100.025
2015/08/05	100.023	100.023	100.008	100.013
2015/08/06	100.013	100.017	100.006	100.009
2015/08/07	100.009	100.016	100.006	100.012
2015/08/10	100.006	100.006	99.997	100.004
2015/08/11	100.000	100.008	99.998	100.008
2015/08/12	100.002	100.013	100.001	100.009
2015/08/13	100.007	100.013	100.006	100.011
2015/08/14	100.009	100.018	100.007	100.017
2015/08/17	100.007	100.014	100.001	100.010
2015/08/18	100.007	100.011	100.005	100.009
2015/08/19	100.006	100.009	100.005	100.009
2015/08/20	100.008	100.010	100.006	100.008
2015/08/21	100.008	100.022	100.007	100.022
2015/08/24	100.016	100.016	100.004	100.007
2015/08/25	100.000	100.009	99.993	100.004
2015/08/26	100.000	100.018	100.000	100.010
2015/08/27	100.008	100.015	100.000	100.015
2015/08/28	100.003	100.030	100.003	100.028
2015/08/31	100.008	100.012	100.003	100.004
2015/09/01	100.007	100.020	100.007	100.017
2015/09/02	100.021	100.041	100.020	100.040
2015/09/07	100.008	100.014	100.006	100.009
2015/09/08	100.009	100.014	100.009	100.009
2015/09/09	100.008	100.008	99.999	100.001
2015/09/10	100.007	100.009	99.999	100.004
2015/09/11	100.009	100.017	100.009	100.013
2015/09/14	100.005	100.012	100.004	100.010
2015/09/15	100.009	100.012	100.006	100.009
2015/09/16	100.008	100.010	100.005	100.007
2015/09/17	100.005	100.009	100.005	100.007
2015/09/18	100.010	100.020	100.009	100.018
2015/09/21	100.008	100.014	100.008	100.012
2015/09/22	100.007	100.009	100.002	100.006
2015/09/23	100.006	100.009	100.001	100.005
2015/09/24	100.005	100.008	100.001	100.006
2015/09/25	100.007	100.012	100.004	100.011
2015/09/28	100.005	100.013	100.005	100.011
2015/09/29	100.008	100.024	100.006	100.018
2015/09/30	100.021	100.050	100.021	100.042
2015/10/08	99.997	100.004	99.982	99.989
2015/10/09	100.000	100.005	99.985	100.003
2015/10/12	99.990	99.995	99.965	99.981
2015/10/13	99.977	99.998	99.973	99.996
2015/10/14	99.995	100.002	99.990	100.001
2015/10/15	100.000	100.002	99.994	99.995
2015/10/16	99.999	100.008	99.995	100.007
2015/10/19	99.991	100.001	99.991	99.999
2015/10/20	100.000	100.000	99.997	99.999
2015/10/21	99.998	100.003	99.996	100.000
2015/10/22	99.995	99.999	99.990	99.991
2015/10/23	99.993	100.005	99.993	100.003
2015/10/26	99.992	99.997	99.500	99.997
2015/10/27	99.994	99.998	99.994	99.997
2015/10/28	99.996	100.002	99.995	99.999
2015/10/29	99.998	100.001	99.995	100.000
2015/10/30	100.001	100.011	100.000	100.011
2015/11/02	99.998	100.000	99.995	99.997
2015/11/03	99.996	99.997	99.991	99.994
2015/11/04	99.994	99.999	99.991	99.995
2015/11/05	99.992	99.998	99.900	99.996
2015/11/06	100.000	100.004	99.990	100.000
2015/11/09	99.980	99.996	99.950	99.992
2015/11/10	99.992	100.000	99.987	99.999
2015/11/11	99.993	100.001	99.993	100.001
2015/11/12	99.998	100.003	99.997	100.003
2015/11/13	100.002	100.008	99.999	100.007
2015/11/16	99.998	99.999	99.994	99.995
2015/11/17	99.994	99.999	99.994	99.998
2015/11/18	99.997	100.000	99.996	99.999
2015/11/19	99.998	100.001	99.996	99.997
2015/11/20	99.999	100.003	99.997	99.999
2015/11/23	99.994	100.001	99.994	100.000
2015/11/24	99.999	100.000	99.996	99.998
2015/11/25	99.997	99.998	99.993	99.994
2015/11/26	99.993	99.996	99.988	99.994
2015/11/27	99.988	99.996	99.986	99.990
2015/11/30	99.970	99.989	99.949	99.962
2015/12/01	99.960	99.985	99.955	99.982
2015/12/02	99.991	99.996	99.988	99.995
2015/12/03	99.997	100.000	99.995	100.000
2015/12/04	100.004	100.012	100.003	100.011
2015/12/07	99.998	100.006	99.997	100.006
2015/12/08	100.001	100.005	100.001	100.003
2015/12/09	99.998	100.001	99.993	99.995
2015/12/10	99.992	99.995	99.989	99.993
2015/12/11	99.990	100.004	99.988	100.003
2015/12/14	99.981	100.000	99.981	99.994
2015/12/15	99.997	100.000	99.994	99.997
2015/12/16	99.994	100.000	99.994	99.999
2015/12/17	100.000	100.003	99.999	100.001
2015/12/18	100.001	100.009	100.000	100.009
2015/12/21	99.995	99.999	99.991	99.992
2015/12/22	99.990	99.995	99.982	99.991
2015/12/23	99.981	99.990	99.979	99.988
2015/12/24	99.990	99.992	99.976	99.980
2015/12/25	99.997	100.001	99.996	99.999
2015/12/28	99.999	99.999	99.989	99.995
2015/12/29	99.994	99.995	99.986	99.994
2015/12/30	99.992	99.995	99.988	99.992
2015/12/31	100.000	100.012	100.000	100.012
2016/01/04	99.993	99.993	99.909	99.974
2016/01/05	99.942	99.982	99.940	99.981
2016/01/06	99.980	99.996	99.980	99.996
2016/01/07	99.995	100.000	99.993	99.998
2016/01/08	99.996	100.006	99.996	100.005
2016/01/11	99.994	100.000	99.994	99.999
2016/01/12	99.995	99.999	99.994	99.999
2016/01/13	99.996	100.001	99.995	99.995
2016/01/14	99.995	99.996	99.992	99.996
2016/01/15	99.997	100.002	99.997	100.001
2016/01/18	99.994	99.995	99.991	99.992
2016/01/19	99.993	99.994	99.983	99.990
2016/01/20	99.991	99.991	99.984	99.987
2016/01/21	99.989	99.991	99.972	99.974
2016/01/22	99.985	99.996	99.980	99.995
2016/01/25	99.986	99.993	99.982	99.991
2016/01/26	99.991	99.996	99.990	99.993
2016/01/27	99.992	99.994	99.989	99.994
2016/01/28	99.989	99.997	99.989	99.996
2016/01/29	100.000	100.005	99.998	100.004
2016/02/01	99.995	99.997	99.994	99.995
2016/02/02	99.995	99.999	99.994	99.996
2016/02/03	99.996	100.000	99.995	99.999
2016/02/04	99.999	100.011	99.996	100.009
2016/02/05	100.030	100.065	100.027	100.057
2016/02/15	99.990	100.000	99.984	99.996
2016/02/16	99.995	99.996	99.993	99.995
2016/02/17	99.993	99.996	99.989	99.995
2016/02/18	99.990	99.992	99.987	99.992
2016/02/19	99.995	100.004	99.995	100.003
2016/02/22	99.994	99.995	99.992	99.995
2016/02/23	99.992	99.996	99.991	99.996
2016/02/24	99.994	99.996	99.991	99.993
2016/02/25	99.992	99.994	99.950	99.981
2016/02/26	99.985	99.996	99.985	99.994
2016/02/29	99.990	99.991	99.983	99.990
2016/03/01	99.988	99.995	99.987	99.992
2016/03/02	99.993	99.994	99.990	99.993
2016/03/03	99.990	99.997	99.987	99.996
2016/03/04	99.996	100.009	99.994	100.006
2016/03/07	99.992	99.997	99.991	99.997
2016/03/08	99.995	100.000	99.993	99.996
2016/03/09	99.995	99.999	99.994	99.998
2016/03/10	99.995	100.000	99.995	99.999
2016/03/11	99.999	100.007	99.999	100.007
2016/03/14	99.996	99.997	99.993	99.995
2016/03/15	99.995	99.998	99.993	99.997
2016/03/16	99.994	99.995	99.000	99.994
2016/03/17	99.993	99.994	99.975	99.988
2016/03/18	99.985	99.993	99.981	99.990
2016/03/21	99.983	99.983	99.953	99.975
2016/03/22	99.979	99.990	99.976	99.988
2016/03/23	99.989	99.996	99.988	99.994
2016/03/24	99.993	99.997	99.992	99.996
2016/03/25	99.998	100.020	99.997	100.009
2016/03/28	99.995	99.999	99.992	99.994
2016/03/29	99.995	99.995	99.990	99.993
2016/03/30	99.993	99.994	99.981	99.993
2016/03/31	99.978	100.009	99.972	100.005
2016/04/01	100.002	100.010	100.002	100.008
2016/04/05	99.990	99.994	99.989	99.993
2016/04/06	99.991	99.995	99.988	99.993
2016/04/07	99.991	99.997	99.989	99.994
2016/04/08	99.999	100.003	99.998	100.002
2016/04/11	99.991	99.996	99.989	99.994
2016/04/12	99.993	99.998	99.992	99.997
2016/04/13	99.994	99.994	99.990	99.992
2016/04/14	99.990	99.997	99.985	99.987
2016/04/15	99.991	100.000	99.991	99.998
2016/04/18	99.991	99.998	99.991	99.997
2016/04/19	99.994	99.995	99.992	99.995
2016/04/20	99.993	99.995	99.991	99.994
2016/04/21	99.992	99.994	99.991	99.994
2016/04/22	99.997	100.000	99.996	99.999
2016/04/25	99.991	99.993	99.986	99.988
2016/04/26	99.990	99.991	99.986	99.989
2016/04/27	99.987	99.995	99.986	99.989
2016/04/28	99.990	99.996	99.981	99.995
2016/04/29	100.000	100.008	99.999	100.007
2016/05/03	99.989	99.990	99.983	99.990
2016/05/04	99.988	99.998	99.987	99.994
2016/05/05	99.993	100.000	99.991	99.999
2016/05/06	99.999	100.004	99.997	100.002
2016/05/09	99.992	100.000	99.989	99.998
2016/05/10	99.995	100.001	99.993	99.998
2016/05/11	99.996	100.000	99.993	99.999
2016/05/12	99.996	99.999	99.992	99.998
2016/05/13	99.998	100.006	99.997	100.005
2016/05/16	99.994	99.996	99.993	99.996
2016/05/17	99.994	99.998	99.993	99.997
2016/05/18	99.995	99.997	99.993	99.994
2016/05/19	99.994	99.999	99.993	99.999
2016/05/20	100.000	100.001	99.996	99.998
2016/05/23	99.992	99.993	99.990	99.993
2016/05/24	99.992	99.998	99.991	99.997
2016/05/25	99.994	99.996	99.992	99.995
2016/05/26	99.994	99.997	99.992	99.994
2016/05/27	99.997	100.001	99.996	100.000
2016/05/30	99.998	99.998	99.993	99.996
2016/05/31	99.996	99.996	99.982	99.994
2016/06/01	99.989	99.990	99.978	99.988
2016/06/02	99.984	99.992	99.984	99.991
2016/06/03	99.991	99.995	99.990	99.994
2016/06/06	99.988	99.996	99.979	99.995
2016/06/07	99.993	99.997	99.987	99.994
2016/06/08	99.999	100.022	99.998	100.020
2016/06/13	99.991	99.992	99.985	99.986
2016/06/14	99.988	99.988	99.982	99.984
2016/06/15	99.986	99.988	99.982	99.987
2016/06/16	99.985	99.990	99.983	99.986
2016/06/17	99.995	100.001	99.991	99.999
2016/06/20	99.987	99.989	99.981	99.987
2016/06/21	99.984	99.986	99.970	99.984
2016/06/22	99.984	99.987	99.980	99.985
2016/06/23	99.983	99.983	99.975	99.981
2016/06/24	99.990	99.996	99.986	99.993
2016/06/27	99.980	99.981	99.949	99.961
2016/06/28	99.964	99.964	99.949	99.962
2016/06/29	99.978	99.978	99.954	99.956
2016/06/30	99.956	99.991	99.950	99.988
2016/07/01	99.993	100.000	99.991	99.999
2016/07/04	99.985	99.990	99.946	99.986
2016/07/05	99.983	99.990	99.982	99.990
2016/07/06	99.985	99.995	99.985	99.993
2016/07/07	99.992	99.996	99.991	99.995
2016/07/08	99.998	100.005	99.995	100.004
2016/07/11	99.990	100.003	99.987	100.000
2016/07/12	99.998	100.002	99.990	100.000
2016/07/13	99.993	100.002	99.991	99.998
2016/07/14	99.994	100.001	99.991	99.996
2016/07/15	100.001	100.007	100.000	100.001
2016/07/18	99.993	100.004	99.991	100.003
2016/07/19	99.997	100.001	99.996	99.998
2016/07/20	99.998	99.999	99.994	99.996
2016/07/21	99.996	99.999	99.989	99.991
2016/07/22	100.000	100.001	99.994	99.998
2016/07/25	99.992	99.993	99.987	99.990
2016/07/26	99.989	99.990	99.983	99.988
2016/07/27	99.987	99.991	99.984	99.991
2016/07/28	99.988	99.995	99.987	99.995
2016/07/29	99.999	100.007	99.997	100.006
2016/08/01	99.992	99.996	99.991	99.995
2016/08/02	99.994	100.017	99.993	100.001
2016/08/03	99.996	100.005	99.996	100.002
2016/08/04	99.999	100.004	99.996	100.003
2016/08/05	100.004	100.008	99.998	100.008
2016/08/08	99.996	100.001	99.995	99.999
2016/08/09	99.997	99.999	99.995	99.998
2016/08/10	99.997	99.997	99.992	99.994
2016/08/11	99.995	99.998	99.991	99.998
2016/08/12	100.000	100.003	99.997	99.999
2016/08/15	99.991	99.993	99.980	99.991
2016/08/16	99.984	99.986	99.979	99.983
2016/08/17	99.984	99.990	99.984	99.989
2016/08/18	99.990	99.993	99.982	99.988
2016/08/19	99.999	100.002	99.997	100.001
2016/08/22	99.989	99.996	99.987	99.996
2016/08/23	99.992	99.993	99.989	99.990
2016/08/24	99.990	99.991	99.984	99.989
2016/08/25	99.989	99.992	99.984	99.990
2016/08/26	99.997	100.003	99.997	100.000
2016/08/29	99.990	99.994	99.989	99.993
2016/08/30	99.992	99.994	99.989	99.994
2016/08/31	99.992	99.996	99.992	99.994
2016/09/01	99.993	99.996	99.991	99.995
2016/09/02	99.998	100.004	99.997	100.003
2016/09/05	99.991	99.995	99.991	99.994
2016/09/06	99.992	99.995	99.992	99.994
2016/09/07	99.992	99.997	99.991	99.996
2016/09/08	99.996	99.999	99.993	99.998
2016/09/09	100.001	100.003	99.997	100.002
2016/09/12	99.993	99.996	99.988	99.993
2016/09/13	99.994	100.000	99.991	99.999
2016/09/14	100.005	100.021	100.005	100.017
2016/09/19	99.993	99.996	99.990	99.993
2016/09/20	99.992	99.996	99.991	99.994
2016/09/21	99.993	99.994	99.985	99.989
2016/09/22	99.989	99.990	99.980	99.980
2016/09/23	99.996	100.004	99.995	99.998
2016/09/26	99.991	99.992	99.967	99.984
2016/09/27	99.981	99.984	99.963	99.982
2016/09/28	99.973	99.997	99.964	99.995
2016/09/29	99.990	99.997	99.980	99.988
2016/09/30	100.031	100.060	100.023	100.049
2016/10/10	99.992	99.993	99.985	99.992
2016/10/11	99.992	99.992	99.983	99.988
2016/10/12	99.987	99.995	99.985	99.994
2016/10/13	99.992	99.998	99.991	99.996
2016/10/14	100.001	100.004	99.998	100.002
2016/10/17	99.990	100.004	99.988	99.999
2016/10/18	99.996	100.000	99.990	99.992
2016/10/19	99.990	99.992	99.988	99.990
2016/10/20	99.990	99.990	99.982	99.986
2016/10/21	99.997	99.999	99.988	99.994
2016/10/24	99.987	99.988	99.976	99.981
2016/10/25	99.982	99.982	99.972	99.981
2016/10/26	99.985	99.985	99.968	99.975
2016/10/27	99.972	99.973	99.954	99.964
2016/10/28	99.986	99.997	99.982	99.985
2016/10/31	99.981	99.988	99.980	99.987
2016/11/01	99.986	99.992	99.986	99.992
2016/11/02	99.991	100.000	99.988	99.999
2016/11/03	99.994	100.006	99.993	100.003
2016/11/04	100.000	100.011	99.999	100.009
2016/11/07	99.994	100.002	99.992	100.000
2016/11/08	99.996	100.000	99.993	100.000
2016/11/09	99.995	99.997	99.990	99.995
2016/11/10	99.991	99.998	99.988	99.997
2016/11/11	99.996	99.998	99.984	99.990
2016/11/14	99.985	99.986	99.975	99.984
2016/11/15	99.980	99.988	99.972	99.986
2016/11/16	99.986	99.993	99.983	99.989
2016/11/17	99.987	99.991	99.986	99.988
2016/11/18	99.992	99.999	99.990	99.998
2016/11/21	99.992	99.992	99.986	99.990
2016/11/22	99.989	99.992	99.987	99.990
2016/11/23	99.990	99.990	99.981	99.988
2016/11/24	99.989	99.989	99.984	99.986
2016/11/25	99.991	99.999	99.989	99.992
2016/11/28	99.980	99.987	99.979	99.986
2016/11/29	99.981	99.987	99.972	99.975
2016/11/30	99.976	99.976	99.940	99.969
2016/12/01	99.965	99.989	99.959	99.983
2016/12/02	99.983	100.002	99.981	100.000
2016/12/05	99.998	100.000	99.986	99.998
2016/12/06	99.993	100.001	99.989	100.000
2016/12/07	99.998	99.998	99.989	99.994
2016/12/08	99.990	100.000	99.987	99.999
2016/12/09	99.999	100.010	99.997	100.001
2016/12/12	99.992	99.996	99.980	99.987
2016/12/13	99.984	99.987	99.978	99.983
2016/12/14	99.982	99.984	99.973	99.979
2016/12/15	99.960	99.965	99.800	99.889
2016/12/16	99.910	99.951	99.887	99.911
2016/12/19	99.903	99.948	99.900	99.928
2016/12/20	99.950	99.980	99.928	99.976
2016/12/21	99.969	99.984	99.950	99.982
2016/12/22	99.986	99.992	99.972	99.984
2016/12/23	99.990	100.002	99.990	99.992
2016/12/26	99.986	99.993	99.976	99.988
2016/12/27	99.985	99.987	99.801	99.968
2016/12/28	99.979	100.001	99.920	99.990
2016/12/29	99.979	99.993	99.900	99.991
2016/12/30	100.002	100.019	100.001	100.012
2017/01/03	99.975	99.990	99.974	99.985
2017/01/04	99.984	99.995	99.982	99.992
2017/01/05	99.988	100.000	99.982	99.998
2017/01/06	100.001	100.006	100.000	100.004
2017/01/09	99.990	100.004	99.990	100.001
2017/01/10	99.996	100.000	99.993	99.998
2017/01/11	99.997	100.000	99.995	99.999
2017/01/12	99.998	100.003	99.996	100.002
2017/01/13	100.001	100.005	99.998	100.001
2017/01/16	99.991	99.997	99.986	99.991
2017/01/17	99.987	99.990	99.980	99.986
2017/01/18	99.985	99.985	99.971	99.972
2017/01/19	99.975	99.975	99.947	99.957
2017/01/20	99.986	99.998	99.986	99.994
2017/01/23	99.991	100.000	99.980	100.000
2017/01/24	99.997	100.017	99.989	100.005
2017/01/25	100.005	100.048	100.000	100.021
2017/01/26	100.055	100.064	100.031	100.052
2017/02/03	100.000	100.004	99.993	99.998
2017/02/06	99.990	100.001	99.984	99.999
2017/02/07	99.995	100.008	99.993	100.006
2017/02/08	100.000	100.006	99.996	99.998
2017/02/09	99.998	100.007	99.996	100.006
2017/02/10	100.000	100.020	100.000	100.017
2017/02/13	100.003	100.003	99.997	100.000
2017/02/14	99.999	99.999	99.991	99.994
2017/02/15	99.992	99.996	99.990	99.993
2017/02/16	99.992	99.996	99.989	99.996
2017/02/17	100.002	100.007	99.995	99.998
2017/02/20	99.990	99.991	99.983	99.986
2017/02/21	99.985	99.987	99.980	99.984
2017/02/22	99.982	100.000	99.982	100.000
2017/02/23	99.995	100.001	99.991	100.000
2017/02/24	100.003	100.011	100.003	100.008
2017/02/27	99.993	100.007	99.988	99.999
2017/02/28	99.995	100.000	99.994	99.998
2017/03/01	99.996	100.003	99.995	100.002
2017/03/02	99.997	100.004	99.997	100.003
2017/03/03	100.007	100.017	100.004	100.015
2017/03/06	99.996	100.007	99.996	100.005
2017/03/07	100.001	100.007	100.001	100.007
2017/03/08	100.005	100.009	100.000	100.001
2017/03/09	100.002	100.009	99.999	100.007
2017/03/10	100.005	100.019	100.004	100.017
2017/03/13	99.998	100.003	99.998	100.000
2017/03/14	99.998	100.003	99.996	100.001
2017/03/15	99.999	99.999	99.991	99.993
2017/03/16	99.990	99.990	99.955	99.960
2017/03/17	99.980	99.990	99.959	99.976
2017/03/20	99.971	99.978	99.969	99.976
2017/03/21	99.976	99.984	99.970	99.980
2017/03/22	99.980	99.994	99.979	99.991
2017/03/23	99.989	99.998	99.987	99.994
2017/03/24	100.001	100.006	99.994	99.994
2017/03/27	99.987	99.990	99.976	99.988
2017/03/28	99.986	99.990	99.976	99.985
2017/03/29	99.985	99.986	99.970	99.979
2017/03/30	99.970	99.975	99.957	99.973
2017/03/31	100.010	100.040	100.001	100.013
2017/04/05	99.985	100.013	99.985	99.992
2017/04/06	99.989	100.006	99.982	100.005
2017/04/07	100.008	100.024	100.006	100.021
2017/04/10	99.998	100.008	99.995	100.005
2017/04/11	100.002	100.016	100.001	100.014
2017/04/12	100.008	100.013	100.004	100.010
2017/04/13	100.006	100.011	100.000	100.011
2017/04/14	100.012	100.030	100.005	100.029
2017/04/17	100.002	100.012	99.997	100.010
2017/04/18	100.005	100.010	100.003	100.010
2017/04/19	100.007	100.007	99.993	99.997
2017/04/20	99.995	99.998	99.993	99.994
2017/04/21	100.001	100.006	99.996	100.001
2017/04/24	99.993	99.994	99.988	99.993
2017/04/25	99.988	99.994	99.981	99.990
2017/04/26	99.990	100.000	99.990	99.998
2017/04/27	99.994	99.995	99.983	99.993
2017/04/28	100.010	100.025	100.008	100.018
2017/05/02	99.994	100.003	99.993	100.001
2017/05/03	99.999	100.002	99.970	100.001
2017/05/04	100.000	100.003	99.994	100.001
2017/05/05	100.009	100.021	100.005	100.019
2017/05/08	99.999	100.004	99.998	100.000
2017/05/09	99.999	100.006	99.998	100.001
2017/05/10	100.002	100.005	100.000	100.004
2017/05/11	100.000	100.002	99.994	99.998
2017/05/12	100.006	100.020	100.003	100.017
2017/05/15	99.996	100.008	99.996	100.007
2017/05/16	100.002	100.003	99.995	99.996
2017/05/17	99.993	99.997	99.992	99.996
2017/05/18	99.992	100.000	99.992	99.999
2017/05/19	100.008	100.009	100.000	100.002
2017/05/22	99.992	99.999	99.992	99.999
2017/05/23	99.996	100.000	99.995	100.000
2017/05/24	99.996	99.999	99.994	99.999
2017/05/25	99.999	100.009	99.996	100.009
2017/05/26	100.015	100.029	100.010	100.027
2017/05/31	99.994	100.000	99.978	99.996
2017/06/01	99.997	99.999	99.986	99.997
2017/06/02	100.005	100.010	100.000	100.004
2017/06/05	99.991	99.999	99.990	99.999
2017/06/06	99.996	100.002	99.995	99.999
2017/06/07	99.999	100.002	99.994	100.001
2017/06/08	99.996	100.000	99.995	100.000
2017/06/09	100.003	100.014	100.003	100.013
2017/06/12	99.996	100.000	99.996	99.999
2017/06/13	99.999	99.999	99.995	99.997
2017/06/14	99.994	99.997	99.992	99.996
2017/06/15	99.995	99.996	99.984	99.994
2017/06/16	100.004	100.007	99.999	100.003
2017/06/19	99.990	99.995	99.989	99.993
2017/06/20	99.991	99.992	99.975	99.980
2017/06/21	99.980	99.991	99.974	99.990
2017/06/22	99.983	99.999	99.978	99.995
2017/06/23	99.999	100.008	99.998	100.007
2017/06/26	99.983	100.001	99.981	99.999
2017/06/27	99.985	99.991	99.982	99.986
2017/06/28	99.983	99.986	99.970	99.983
2017/06/29	99.980	99.986	99.973	99.977
2017/06/30	100.000	100.009	99.995	100.005
2017/07/03	99.991	100.000	99.991	100.000
2017/07/04	99.995	100.012	99.995	100.011
2017/07/05	100.005	100.017	100.000	100.012
2017/07/06	100.000	100.017	100.000	100.013
2017/07/07	100.013	100.035	100.013	100.035
2017/07/10	100.002	100.015	100.000	100.013
2017/07/11	100.007	100.016	100.006	100.015
2017/07/12	100.011	100.017	100.007	100.014
2017/07/13	100.009	100.012	100.007	100.010
2017/07/14	100.011	100.024	100.010	100.022
2017/07/17	100.004	100.011	99.999	100.000
2017/07/18	99.999	99.999	99.993	99.996
2017/07/19	99.995	99.995	99.981	99.985
2017/07/20	99.982	100.000	99.960	99.997
2017/07/21	100.010	100.016	100.006	100.011
2017/07/24	99.998	99.998	99.990	99.992
2017/07/25	99.993	99.998	99.992	99.996
2017/07/26	99.994	100.001	99.993	99.997
2017/07/27	99.995	100.001	99.993	99.999
2017/07/28	100.012	100.024	99.942	99.994
2017/07/31	99.991	100.001	99.983	99.997
2017/08/01	99.990	99.992	99.983	99.987
2017/08/02	99.985	100.008	99.985	100.003
2017/08/03	99.998	100.160	99.998	100.028
2017/08/04	100.020	100.035	100.018	100.030
2017/08/07	100.003	100.010	100.003	100.009
2017/08/08	100.003	100.010	100.003	100.007
2017/08/09	100.005	100.013	100.004	100.013
2017/08/10	100.006	100.013	100.005	100.013
2017/08/11	100.015	100.026	100.015	100.026
2017/08/14	100.005	100.009	99.997	100.000
2017/08/15	99.999	99.999	99.992	99.999
2017/08/16	99.996	99.996	99.990	99.992
2017/08/17	99.994	99.996	99.980	99.989
2017/08/18	100.005	100.010	100.002	100.007
2017/08/21	99.991	99.994	99.989	99.992
2017/08/22	99.990	99.997	99.987	99.996
2017/08/23	99.993	99.994	99.991	99.992
2017/08/24	99.991	100.006	99.990	100.005
2017/08/25	100.019	100.019	99.999	100.004
2017/08/28	99.990	99.994	99.977	99.986
2017/08/29	99.984	99.986	99.967	99.984
2017/08/30	99.980	99.991	99.974	99.985
2017/08/31	99.973	100.006	99.973	100.002
2017/09/01	100.007	100.016	100.007	100.016
2017/09/04	99.996	100.005	99.991	100.004
2017/09/05	99.998	100.007	99.998	100.006
2017/09/06	100.003	100.006	100.000	100.006
2017/09/07	100.001	100.010	99.999	100.007
2017/09/08	100.010	100.016	100.008	100.013
2017/09/11	100.000	100.000	99.993	99.997
2017/09/12	99.993	99.996	99.987	99.996
2017/09/13	99.992	100.006	99.991	100.000
2017/09/14	99.992	100.002	99.992	100.000
2017/09/15	100.009	100.009	99.998	100.003
2017/09/18	99.985	99.987	99.983	99.986
2017/09/19	99.984	99.985	99.978	99.979
2017/09/20	99.981	99.983	99.977	99.983
2017/09/21	99.981	99.985	99.976	99.983
2017/09/22	100.002	100.002	99.989	99.993
2017/09/25	99.979	99.992	99.976	99.989
2017/09/26	99.983	99.986	99.969	99.979
2017/09/27	99.975	99.978	99.942	99.959
2017/09/28	99.961	99.968	99.850	99.955
2017/09/29	100.066	100.076	100.060	100.071
2017/10/09	99.978	99.982	99.968	99.978
2017/10/10	99.973	100.000	99.970	99.999
2017/10/11	99.993	100.009	99.992	100.007
2017/10/12	100.002	100.013	100.002	100.011
2017/10/13	100.019	100.025	100.012	100.025
2017/10/16	100.000	100.008	99.997	100.007
2017/10/17	100.005	100.014	100.002	100.012
2017/10/18	100.006	100.017	100.006	100.015
2017/10/19	100.008	100.011	100.004	100.009
2017/10/20	100.010	100.022	100.009	100.019
2017/10/23	100.002	100.007	99.998	100.005
2017/10/24	100.003	100.005	99.998	100.003
2017/10/25	100.000	100.002	99.996	99.998
2017/10/26	99.991	100.001	99.987	99.997
2017/10/27	100.004	100.006	99.998	100.002
2017/10/30	99.986	99.990	99.966	99.985
2017/10/31	99.978	99.995	99.973	99.994
2017/11/01	99.992	100.023	99.992	100.000
2017/11/02	100.000	100.009	100.000	100.004
2017/11/03	100.009	100.040	100.008	100.026
2017/11/06	100.008	100.010	100.001	100.008
2017/11/07	100.003	100.010	100.002	100.009
