'511850'	财富宝E 	日线
日期	开盘	最高	最低	收盘
2016/07/18	99.985	99.996	99.985	99.995
2016/07/19	99.990	99.994	99.990	99.991
2016/07/20	99.993	99.994	99.990	99.991
2016/07/21	99.991	99.994	99.990	99.993
2016/07/22	99.994	99.999	99.994	99.996
2016/07/25	99.991	99.993	99.989	99.992
2016/07/26	99.992	99.995	99.992	99.994
2016/07/27	99.985	99.991	99.984	99.989
2016/07/28	99.986	99.996	99.986	99.996
2016/07/29	99.992	99.997	99.991	99.995
2016/08/01	99.990	99.994	99.988	99.992
2016/08/02	99.991	99.993	99.990	99.992
2016/08/03	99.990	99.996	99.990	99.995
2016/08/04	99.991	99.997	99.991	99.995
2016/08/05	100.000	100.003	99.996	100.003
2016/08/08	99.998	99.999	99.992	99.995
2016/08/09	99.995	99.999	99.993	99.998
2016/08/10	99.995	99.998	99.994	99.995
2016/08/11	99.995	99.997	99.992	99.996
2016/08/12	99.997	99.999	99.796	99.981
2016/08/15	99.995	99.995	99.985	99.987
2016/08/16	99.986	99.989	99.976	99.980
2016/08/17	99.995	99.995	99.988	99.991
2016/08/18	99.991	99.991	99.988	99.988
2016/08/19	99.996	100.000	99.996	99.998
2016/08/22	99.992	99.996	99.992	99.994
2016/08/23	99.991	99.997	99.991	99.992
2016/08/24	99.998	99.998	99.992	99.995
2016/08/25	99.991	99.996	99.990	99.992
2016/08/26	99.999	100.001	99.997	100.000
2016/08/29	99.997	99.997	99.991	99.994
2016/08/30	99.995	99.997	99.993	99.995
2016/08/31	99.998	99.998	99.995	99.995
2016/09/01	99.999	100.001	99.995	100.000
2016/09/02	99.998	100.003	99.998	100.000
2016/09/05	99.996	99.999	99.995	99.997
2016/09/06	99.996	100.001	99.995	99.997
2016/09/07	99.995	99.998	99.994	99.998
2016/09/08	99.999	99.999	99.995	99.998
2016/09/09	100.001	100.006	100.000	100.005
2016/09/12	99.999	99.999	99.990	99.994
2016/09/13	99.992	99.994	99.990	99.994
2016/09/14	100.004	100.019	100.004	100.012
2016/09/19	99.993	99.998	99.992	99.997
2016/09/20	99.991	100.000	99.991	99.999
2016/09/21	99.991	99.996	99.991	99.995
2016/09/22	99.993	99.995	99.990	99.993
2016/09/23	99.996	100.003	99.995	100.001
2016/09/26	99.991	100.005	99.989	99.989
2016/09/27	99.991	99.999	99.989	99.991
2016/09/28	99.994	99.994	99.991	99.992
2016/09/29	99.992	99.994	99.990	99.991
2016/09/30	100.030	100.050	100.000	100.029
2016/10/10	99.996	99.997	99.972	99.995
2016/10/11	99.994	99.994	99.987	99.993
2016/10/12	99.990	99.995	99.990	99.995
2016/10/13	99.992	99.996	99.989	99.996
2016/10/14	99.997	100.005	99.997	100.002
2016/10/17	99.995	99.998	99.988	99.996
2016/10/18	99.996	99.996	99.991	99.994
2016/10/19	99.991	99.997	99.990	99.993
2016/10/20	99.994	99.994	99.988	99.990
2016/10/21	100.007	100.007	99.993	99.995
2016/10/24	99.992	99.994	99.977	99.982
2016/10/25	99.984	100.000	99.974	99.985
2016/10/26	99.983	99.985	99.978	99.982
2016/10/27	99.985	99.985	99.951	99.961
2016/10/28	99.989	99.998	99.985	99.993
2016/10/31	99.990	99.992	99.981	99.989
2016/11/01	99.996	99.996	99.988	99.993
2016/11/02	99.992	100.003	99.991	100.003
2016/11/03	100.000	100.005	99.994	100.004
2016/11/04	100.004	100.015	99.998	100.013
2016/11/07	100.000	100.003	99.993	99.999
2016/11/08	99.995	100.015	99.990	100.014
2016/11/09	100.003	100.007	99.995	100.000
2016/11/10	99.999	100.003	99.994	100.003
2016/11/11	100.000	100.011	99.996	100.005
2016/11/14	99.502	99.988	99.502	99.982
2016/11/15	99.985	99.993	99.978	99.991
2016/11/16	99.988	99.994	99.985	99.989
2016/11/17	99.986	99.990	99.984	99.989
2016/11/18	99.991	100.003	99.989	100.000
2016/11/21	99.999	99.999	99.987	99.993
2016/11/22	99.990	99.994	99.987	99.993
2016/11/23	99.994	99.994	99.986	99.993
2016/11/24	99.986	99.991	99.985	99.989
2016/11/25	99.995	99.996	99.990	99.991
2016/11/28	99.982	99.986	99.979	99.983
2016/11/29	99.985	99.985	99.973	99.978
2016/11/30	99.980	99.980	99.950	99.966
2016/12/01	99.970	99.977	99.959	99.968
2016/12/02	99.981	99.997	99.981	99.996
2016/12/05	99.987	99.997	99.985	99.995
2016/12/06	99.997	99.997	99.990	99.993
2016/12/07	99.991	99.994	99.985	99.994
2016/12/08	99.991	99.992	99.986	99.991
2016/12/09	99.993	100.005	99.993	100.003
2016/12/12	99.995	99.995	99.987	99.993
2016/12/13	99.990	99.990	99.981	99.983
2016/12/14	99.984	99.984	99.972	99.982
2016/12/15	99.979	99.979	99.782	99.866
2016/12/16	99.950	99.950	99.801	99.925
2016/12/19	99.910	99.961	99.899	99.922
2016/12/20	99.925	99.958	99.919	99.958
2016/12/21	99.958	99.982	99.955	99.974
2016/12/22	99.977	99.989	99.977	99.980
2016/12/23	99.986	100.005	99.986	100.005
2016/12/26	99.991	100.002	99.981	99.982
2016/12/27	99.983	99.983	99.700	99.980
2016/12/28	99.977	99.986	99.912	99.986
2016/12/29	99.951	100.000	99.922	100.000
2016/12/30	100.003	100.038	100.001	100.035
2017/01/03	99.994	99.994	99.982	99.984
2017/01/04	99.986	99.997	99.979	99.987
2017/01/05	99.988	100.003	99.985	100.003
2017/01/06	100.003	100.025	100.001	100.016
2017/01/09	99.988	100.010	99.988	100.010
2017/01/10	100.007	100.015	100.002	100.015
2017/01/11	100.012	100.119	100.010	100.021
2017/01/12	100.019	100.098	100.003	100.015
2017/01/13	100.020	100.040	99.993	100.024
2017/01/16	100.006	100.010	99.998	100.008
2017/01/17	100.000	100.003	99.983	100.000
2017/01/18	99.997	99.999	99.979	99.980
2017/01/19	99.982	99.983	99.818	99.959
2017/01/20	100.004	100.005	99.999	100.001
2017/01/23	99.986	100.001	99.986	99.996
2017/01/24	99.996	100.008	99.995	100.006
2017/01/25	100.006	100.035	100.006	100.034
2017/01/26	100.065	100.080	100.031	100.073
2017/02/03	100.010	100.012	100.004	100.009
2017/02/06	100.000	100.005	99.992	100.000
2017/02/07	100.000	100.009	99.996	100.006
2017/02/08	100.003	100.010	100.002	100.009
2017/02/09	100.004	100.010	99.997	100.009
2017/02/10	100.006	100.021	100.006	100.021
2017/02/13	100.001	100.006	100.001	100.002
2017/02/14	100.000	100.001	99.999	100.000
2017/02/15	100.000	100.000	99.994	99.999
2017/02/16	99.996	100.000	99.996	100.000
2017/02/17	100.011	100.014	100.004	100.008
2017/02/20	99.998	100.000	99.993	100.000
2017/02/21	99.997	99.997	99.987	99.992
2017/02/22	99.990	99.994	99.990	99.994
2017/02/23	99.996	100.001	99.990	99.998
2017/02/24	100.005	100.014	100.002	100.014
2017/02/27	99.996	99.998	99.992	99.997
2017/02/28	99.995	99.999	99.993	99.997
2017/03/01	99.995	100.003	99.995	100.003
2017/03/02	99.998	100.005	99.994	100.002
2017/03/03	100.008	100.018	100.006	100.017
2017/03/06	99.999	100.011	99.997	100.011
2017/03/07	100.004	100.010	100.004	100.010
2017/03/08	100.007	100.010	100.005	100.009
2017/03/09	100.009	100.009	100.002	100.002
2017/03/10	100.010	100.018	100.006	100.017
2017/03/13	100.000	100.007	100.000	100.006
2017/03/14	100.005	100.005	100.000	100.005
2017/03/15	100.001	100.004	100.000	100.003
2017/03/16	100.000	100.000	99.958	99.963
2017/03/17	99.985	99.994	99.914	99.977
2017/03/20	99.980	99.980	99.971	99.977
2017/03/21	99.976	99.979	99.971	99.978
2017/03/22	99.978	99.996	99.978	99.995
2017/03/23	99.995	100.000	99.991	100.000
2017/03/24	100.005	100.011	100.005	100.008
2017/03/27	99.997	99.997	99.985	99.993
2017/03/28	99.990	99.994	99.986	99.987
2017/03/29	99.986	99.994	99.966	99.970
2017/03/30	99.970	99.979	99.841	99.972
2017/03/31	100.021	100.028	100.012	100.022
2017/04/05	99.993	100.022	99.993	100.001
2017/04/06	100.003	100.013	99.995	100.008
2017/04/07	100.017	100.037	100.017	100.036
2017/04/10	100.009	100.024	100.001	100.024
2017/04/11	100.009	100.024	100.008	100.023
2017/04/12	100.020	100.023	100.009	100.019
2017/04/13	100.016	100.019	100.011	100.015
2017/04/14	100.019	100.025	100.015	100.025
2017/04/17	100.000	100.012	100.000	100.010
2017/04/18	100.010	100.011	100.008	100.010
2017/04/19	100.008	100.009	100.004	100.009
2017/04/20	99.999	100.009	99.999	100.006
2017/04/21	100.011	100.016	100.010	100.015
2017/04/24	100.009	100.009	99.997	100.001
2017/04/25	99.994	99.999	99.987	99.995
2017/04/26	99.992	100.001	99.992	99.998
2017/04/27	99.998	100.001	99.992	99.998
2017/04/28	100.011	100.034	100.011	100.033
2017/05/02	100.002	100.006	100.000	100.001
2017/05/03	100.002	100.004	100.001	100.002
2017/05/04	100.002	100.007	100.000	100.006
2017/05/05	100.013	100.028	100.013	100.027
2017/05/08	100.008	100.012	100.003	100.012
2017/05/09	100.009	100.016	100.006	100.016
2017/05/10	100.010	100.022	100.005	100.021
2017/05/11	100.019	100.019	100.002	100.012
2017/05/12	100.020	100.022	100.016	100.021
2017/05/15	100.008	100.012	100.005	100.011
2017/05/16	100.008	100.009	100.002	100.003
2017/05/17	100.000	100.005	99.999	100.005
2017/05/18	99.999	100.005	99.998	100.004
2017/05/19	100.015	100.016	100.009	100.011
2017/05/22	100.000	100.006	99.999	100.005
2017/05/23	100.000	100.006	99.999	100.005
2017/05/24	100.001	100.008	100.000	100.007
2017/05/25	100.006	100.016	100.001	100.016
2017/05/26	100.021	100.038	100.020	100.035
2017/05/31	100.000	100.006	99.969	99.978
2017/06/01	100.000	100.004	99.986	100.000
2017/06/02	100.013	100.016	100.005	100.013
2017/06/05	99.999	100.007	99.996	100.006
2017/06/06	100.000	100.005	100.000	100.004
2017/06/07	100.001	100.009	100.001	100.008
2017/06/08	100.004	100.015	100.000	100.010
2017/06/09	100.013	100.018	100.013	100.016
2017/06/12	100.002	100.008	99.997	100.004
2017/06/13	100.002	100.005	100.002	100.004
2017/06/14	100.002	100.005	99.998	100.004
2017/06/15	100.001	100.003	99.994	100.001
2017/06/16	100.012	100.016	100.009	100.015
2017/06/19	99.990	100.003	99.990	100.002
2017/06/20	100.000	100.001	99.986	99.989
2017/06/21	99.988	99.993	99.982	99.992
2017/06/22	99.989	100.000	99.982	99.999
2017/06/23	100.009	100.016	100.009	100.016
2017/06/26	99.989	99.999	99.988	99.995
2017/06/27	99.992	99.995	99.987	99.989
2017/06/28	99.987	99.988	99.980	99.985
2017/06/29	99.980	99.984	99.945	99.973
2017/06/30	100.005	100.015	100.002	100.015
2017/07/03	99.997	100.011	99.997	100.009
2017/07/04	100.005	100.015	100.004	100.014
2017/07/05	100.008	100.021	100.007	100.020
2017/07/06	100.015	100.024	100.010	100.022
2017/07/07	100.028	100.036	100.025	100.035
2017/07/10	100.008	100.024	100.007	100.020
2017/07/11	100.016	100.025	100.015	100.023
2017/07/12	100.016	100.021	100.010	100.021
2017/07/13	100.015	100.024	100.011	100.023
2017/07/14	100.026	100.038	100.026	100.036
2017/07/17	100.015	100.021	100.012	100.020
2017/07/18	100.015	100.015	100.001	100.004
2017/07/19	100.001	100.001	99.981	99.991
2017/07/20	99.991	100.003	99.982	99.997
2017/07/21	100.014	100.023	100.014	100.017
2017/07/24	100.000	100.003	99.998	100.001
2017/07/25	100.001	100.002	99.996	100.001
2017/07/26	100.000	100.005	99.997	100.005
2017/07/27	100.001	100.011	100.000	100.010
2017/07/28	100.020	100.024	100.001	100.004
2017/07/31	99.999	100.014	99.990	100.011
2017/08/01	100.005	100.005	99.992	99.998
2017/08/02	99.995	100.013	99.995	100.012
2017/08/03	100.009	100.020	100.005	100.019
2017/08/04	100.020	100.033	100.020	100.032
2017/08/07	100.006	100.018	100.000	100.018
2017/08/08	100.007	100.022	100.007	100.021
2017/08/09	100.019	100.023	100.010	100.018
2017/08/10	100.016	100.016	100.011	100.015
2017/08/11	100.023	100.030	100.021	100.026
2017/08/14	100.015	100.016	100.007	100.013
2017/08/15	100.011	100.013	100.002	100.012
2017/08/16	100.005	100.008	99.990	99.994
2017/08/17	99.994	99.996	99.983	99.995
2017/08/18	100.011	100.019	100.010	100.014
2017/08/21	100.001	100.002	99.991	99.995
2017/08/22	99.995	99.998	99.991	99.998
2017/08/23	99.997	100.001	99.993	99.999
2017/08/24	99.996	100.007	99.995	100.006
2017/08/25	100.020	100.022	100.000	100.006
2017/08/28	99.998	99.998	99.886	99.985
2017/08/29	99.985	99.986	99.973	99.985
2017/08/30	99.979	99.985	99.971	99.985
2017/08/31	99.977	99.999	99.973	99.996
2017/09/01	100.016	100.021	100.010	100.016
2017/09/04	99.998	100.013	99.997	100.013
2017/09/05	100.006	100.015	100.005	100.013
2017/09/06	100.006	100.018	100.006	100.017
2017/09/07	100.010	100.018	100.008	100.017
2017/09/08	100.020	100.025	100.017	100.024
2017/09/11	100.003	100.009	100.003	100.009
2017/09/12	100.006	100.010	99.995	100.009
2017/09/13	100.008	100.009	99.996	100.009
2017/09/14	100.001	100.009	99.998	100.007
2017/09/15	100.018	100.020	100.012	100.016
2017/09/18	100.000	100.002	99.992	99.998
2017/09/19	99.998	99.998	99.988	99.990
2017/09/20	99.993	99.994	99.986	99.991
2017/09/21	99.988	99.996	99.986	99.995
2017/09/22	100.006	100.011	99.999	100.007
2017/09/25	99.989	99.990	99.980	99.984
2017/09/26	99.983	99.985	99.969	99.977
2017/09/27	99.977	99.977	99.950	99.957
2017/09/28	99.965	99.967	99.915	99.952
2017/09/29	100.060	100.081	100.000	100.075
2017/10/09	99.991	99.994	99.965	99.971
2017/10/10	99.975	100.003	99.975	100.001
2017/10/11	100.000	100.017	99.995	100.015
2017/10/12	100.010	100.020	100.007	100.019
2017/10/13	100.025	100.039	100.021	100.037
2017/10/16	100.008	100.020	100.005	100.020
2017/10/17	100.011	100.021	100.011	100.016
2017/10/18	100.016	100.017	100.011	100.013
2017/10/19	100.011	100.015	100.005	100.014
2017/10/20	100.011	100.021	100.011	100.020
2017/10/23	100.004	100.011	100.002	100.011
2017/10/24	100.004	100.009	100.004	100.006
2017/10/25	100.004	100.008	100.002	100.004
2017/10/26	100.000	100.003	99.993	100.002
2017/10/27	100.012	100.013	100.001	100.009
2017/10/30	99.990	99.990	99.970	99.981
2017/10/31	99.981	99.996	99.973	99.995
2017/11/01	99.994	100.008	99.994	100.001
2017/11/02	100.002	100.015	100.001	100.015
2017/11/03	100.018	100.028	100.017	100.026
2017/11/06	100.007	100.016	99.995	100.014
2017/11/07	100.010	100.016	100.007	100.014
