'511880'	银华日利	日线
日期	开盘	最高	最低	收盘
2013/04/18	100.152	100.153	100.086	100.093
2013/04/19	100.090	100.145	100.051	100.133
2013/04/22	100.001	100.106	100.001	100.084
2013/04/23	100.085	100.095	100.001	100.029
2013/04/24	100.040	100.092	100.040	100.088
2013/04/25	100.088	100.104	100.010	100.099
2013/04/26	100.176	100.180	100.130	100.161
2013/05/02	100.168	100.219	100.168	100.218
2013/05/03	100.210	100.255	100.204	100.254
2013/05/06	100.226	100.263	100.213	100.262
2013/05/07	100.251	100.263	100.251	100.263
2013/05/08	100.263	100.266	100.260	100.266
2013/05/09	100.260	100.270	100.260	100.269
2013/05/10	100.273	100.286	100.273	100.286
2013/05/13	100.299	100.301	100.296	100.299
2013/05/14	100.299	100.305	100.299	100.305
2013/05/15	100.306	100.312	100.305	100.311
2013/05/16	100.311	100.317	100.311	100.317
2013/05/17	100.317	100.325	100.317	100.324
2013/05/20	100.325	100.345	100.250	100.324
2013/05/21	100.338	100.338	100.262	100.299
2013/05/22	100.300	100.328	100.299	100.321
2013/05/23	100.322	100.370	100.322	100.370
2013/05/24	100.370	100.378	100.352	100.377
2013/05/27	100.390	100.401	100.380	100.401
2013/05/28	100.402	100.410	100.397	100.405
2013/05/29	100.405	100.413	100.396	100.413
2013/05/30	100.413	100.413	100.410	100.413
2013/05/31	100.415	100.431	100.413	100.431
2013/06/03	100.400	100.450	100.400	100.450
2013/06/04	100.450	100.455	100.446	100.455
2013/06/05	100.455	100.463	100.455	100.463
2013/06/06	100.465	100.473	100.461	100.473
2013/06/07	100.485	100.491	100.485	100.490
2013/06/13	100.491	100.517	100.421	100.486
2013/06/14	100.487	100.521	100.480	100.511
2013/06/17	100.515	100.570	100.501	100.570
2013/06/18	100.528	100.577	100.528	100.575
2013/06/19	100.570	100.578	100.555	100.576
2013/06/20	100.562	100.585	100.560	100.563
2013/06/21	100.563	100.596	100.400	100.590
2013/06/24	100.589	100.589	100.200	100.523
2013/06/25	100.524	100.590	100.500	100.542
2013/06/26	100.540	100.580	100.531	100.569
2013/06/27	100.513	100.599	100.513	100.590
2013/06/28	100.592	100.684	100.592	100.684
2013/07/01	100.690	100.736	100.690	100.736
2013/07/02	100.726	100.753	100.726	100.753
2013/07/03	100.702	100.775	100.702	100.775
2013/07/04	100.775	100.790	100.760	100.790
2013/07/05	100.802	100.820	100.800	100.820
2013/07/08	100.841	100.899	100.820	100.868
2013/07/09	100.872	100.886	100.864	100.884
2013/07/10	100.887	100.904	100.886	100.904
2013/07/11	100.903	100.913	100.880	100.894
2013/07/12	100.902	100.961	100.902	100.961
2013/07/15	100.972	100.992	100.972	100.992
2013/07/16	100.950	101.012	100.950	101.012
2013/07/17	101.016	101.035	101.016	101.031
2013/07/18	101.041	101.390	101.039	101.050
2013/07/19	101.067	101.127	101.067	101.107
2013/07/22	101.109	101.130	101.109	101.125
2013/07/23	101.140	101.144	101.127	101.137
2013/07/24	101.145	101.150	101.139	101.143
2013/07/25	101.136	101.155	101.136	101.141
2013/07/26	101.152	101.185	101.152	101.182
2013/07/29	101.182	101.200	101.176	101.190
2013/07/30	101.190	101.199	101.190	101.199
2013/07/31	101.206	101.227	101.205	101.226
2013/08/01	101.225	101.251	101.221	101.240
2013/08/02	101.260	101.291	101.256	101.291
2013/08/05	101.292	101.300	101.292	101.292
2013/08/06	101.293	101.305	101.293	101.300
2013/08/07	101.302	101.314	101.300	101.311
2013/08/08	101.312	101.314	101.304	101.313
2013/08/09	101.338	101.356	101.330	101.347
2013/08/12	101.359	101.365	101.352	101.355
2013/08/13	101.370	101.375	101.370	101.370
2013/08/14	101.381	101.382	101.376	101.380
2013/08/15	101.406	101.410	101.384	101.409
2013/08/16	101.427	101.429	101.420	101.428
2013/08/19	101.436	101.447	101.430	101.441
2013/08/20	101.446	101.457	101.446	101.453
2013/08/21	101.458	101.470	101.456	101.469
2013/08/22	101.470	101.491	101.470	101.491
2013/08/23	101.497	101.518	101.496	101.518
2013/08/26	101.525	101.525	101.505	101.520
2013/08/27	101.526	101.536	101.526	101.536
2013/08/28	101.546	101.564	101.546	101.562
2013/08/29	101.570	101.589	101.570	101.588
2013/08/30	101.605	101.606	101.597	101.606
2013/09/02	101.616	101.631	101.616	101.631
2013/09/03	101.632	101.643	101.632	101.640
2013/09/04	101.641	101.659	101.639	101.656
2013/09/05	101.666	101.666	101.658	101.660
2013/09/06	101.687	101.688	101.675	101.688
2013/09/09	101.705	101.717	101.689	101.717
2013/09/10	101.712	101.722	101.710	101.718
2013/09/11	101.720	101.730	101.718	101.730
2013/09/12	101.720	101.730	101.703	101.729
2013/09/13	101.759	101.764	101.735	101.763
2013/09/16	101.770	101.786	101.764	101.784
2013/09/17	101.790	101.809	101.779	101.800
2013/09/18	101.829	101.850	101.800	101.849
2013/09/23	101.851	101.864	101.850	101.859
2013/09/24	101.865	101.869	101.850	101.852
2013/09/25	101.865	101.876	101.850	101.858
2013/09/26	101.860	101.889	101.860	101.885
2013/09/27	101.925	101.925	101.900	101.920
2013/09/30	101.981	102.030	101.980	102.029
2013/10/08	102.033	102.066	102.033	102.055
2013/10/09	102.060	102.085	102.045	102.085
2013/10/10	102.058	102.100	102.058	102.100
2013/10/11	102.106	102.135	102.106	102.135
2013/10/14	102.146	102.155	102.131	102.155
2013/10/15	102.156	102.174	102.156	102.174
2013/10/16	102.170	102.990	102.169	102.200
2013/10/17	102.195	102.197	102.166	102.192
2013/10/18	102.194	102.230	102.194	102.230
2013/10/21	102.230	102.297	102.227	102.246
2013/10/22	102.250	102.270	102.241	102.270
2013/10/23	102.263	102.342	102.260	102.285
2013/10/24	102.274	102.300	102.271	102.289
2013/10/25	102.296	102.314	102.296	102.314
2013/10/28	102.315	102.320	102.301	102.314
2013/10/29	102.320	102.328	102.300	102.309
2013/10/30	102.317	102.325	102.269	102.318
2013/10/31	102.319	102.335	102.311	102.335
2013/11/01	102.361	102.391	102.355	102.382
2013/11/04	102.390	102.410	102.387	102.409
2013/11/05	102.413	102.417	102.413	102.417
2013/11/06	102.427	102.431	102.426	102.431
2013/11/07	102.439	102.445	102.439	102.445
2013/11/08	102.471	102.475	102.466	102.475
2013/11/11	102.498	102.498	102.492	102.498
2013/11/12	102.504	102.509	102.504	102.508
2013/11/13	102.517	102.522	102.517	102.521
2013/11/14	102.530	102.535	102.530	102.534
2013/11/15	102.555	102.563	102.549	102.563
2013/11/18	102.582	102.586	102.581	102.583
2013/11/19	102.580	102.599	102.580	102.597
2013/11/20	102.603	102.611	102.603	102.610
2013/11/21	102.618	102.626	102.618	102.626
2013/11/22	102.645	102.655	102.645	102.655
2013/11/25	102.655	102.677	102.655	102.677
2013/11/26	102.686	102.691	102.686	102.689
2013/11/27	102.699	102.704	102.699	102.702
2013/11/28	102.713	102.716	102.712	102.716
2013/11/29	102.737	102.742	102.737	102.742
2013/12/02	102.765	102.768	102.764	102.767
2013/12/03	102.779	102.784	102.779	102.783
2013/12/04	102.793	102.797	102.793	102.797
2013/12/05	102.806	102.811	102.806	102.811
2013/12/06	102.831	102.837	102.831	102.837
2013/12/09	102.859	102.865	102.859	102.864
2013/12/10	102.874	102.877	102.873	102.877
2013/12/11	102.887	102.890	102.887	102.890
2013/12/12	102.902	102.904	102.901	102.904
2013/12/13	102.929	102.933	102.924	102.933
2013/12/16	102.953	102.956	102.949	102.953
2013/12/17	102.966	102.969	102.966	102.968
2013/12/18	102.981	102.983	102.979	102.983
2013/12/19	102.996	102.997	102.991	102.993
2013/12/20	103.022	103.026	103.020	103.023
2013/12/23	103.025	103.054	103.025	103.047
2013/12/24	103.067	103.068	103.061	103.063
2013/12/25	103.081	103.084	103.075	103.082
2013/12/26	103.099	103.099	103.090	103.093
2013/12/27	103.112	103.118	100.100	103.044
2013/12/30	103.051	103.960	103.051	103.152
2013/12/31	103.170	103.174	103.162	103.173
2014/01/02	103.181	103.188	103.181	103.188
2014/01/03	103.253	103.498	103.248	103.293
2014/01/06	103.291	103.308	103.290	103.307
2014/01/07	103.309	103.355	103.309	103.351
2014/01/08	103.332	103.352	103.332	103.342
2014/01/09	103.351	103.360	103.350	103.355
2014/01/10	103.385	103.390	103.380	103.382
2014/01/13	103.403	103.410	103.401	103.408
2014/01/14	103.435	103.438	103.435	103.438
2014/01/15	103.446	103.453	103.445	103.453
2014/01/16	103.505	103.505	103.466	103.495
2014/01/17	100.305	100.305	100.275	100.283
2014/01/20	100.315	100.317	100.158	100.251
2014/01/21	100.257	100.299	100.255	100.273
2014/01/22	100.284	100.330	100.284	100.328
2014/01/23	100.354	100.369	100.349	100.369
2014/01/24	100.390	100.410	100.390	100.410
2014/01/27	100.435	100.437	100.411	100.425
2014/01/28	100.430	100.448	100.428	100.447
2014/01/29	100.455	100.588	100.454	100.580
2014/01/30	100.601	100.748	100.582	100.737
2014/02/07	100.670	100.700	100.669	100.691
2014/02/10	100.700	100.700	100.668	100.673
2014/02/11	100.680	100.680	100.671	100.674
2014/02/12	100.693	100.706	100.689	100.706
2014/02/13	100.714	100.735	100.713	100.733
2014/02/14	100.755	100.846	100.755	100.844
2014/02/17	100.792	100.935	100.791	100.916
2014/02/18	100.880	100.968	100.877	100.963
2014/02/19	100.822	100.907	100.822	100.899
2014/02/20	100.960	100.965	100.800	100.838
2014/02/21	100.866	100.888	100.865	100.877
2014/02/24	100.850	100.899	100.800	100.880
2014/02/25	100.895	100.898	100.892	100.898
2014/02/26	100.906	100.913	100.905	100.912
2014/02/27	100.920	100.921	100.911	100.915
2014/02/28	100.938	100.939	100.918	100.938
2014/03/03	100.960	100.980	100.957	100.979
2014/03/04	100.981	101.050	100.981	101.024
2014/03/05	101.002	101.048	101.002	101.045
2014/03/06	101.035	101.051	101.031	101.047
2014/03/07	101.046	101.095	101.046	101.089
2014/03/10	101.058	101.097	101.058	101.096
2014/03/11	101.080	101.110	101.077	101.106
2014/03/12	101.078	101.108	101.078	101.096
2014/03/13	101.090	101.099	101.080	101.082
2014/03/14	101.103	101.105	101.086	101.104
2014/03/17	101.120	101.120	101.115	101.119
2014/03/18	101.130	101.135	101.125	101.135
2014/03/19	101.142	101.144	101.125	101.139
2014/03/20	101.145	101.151	101.133	101.143
2014/03/21	101.156	101.175	101.155	101.169
2014/03/24	101.000	101.185	101.000	101.170
2014/03/25	101.174	101.176	101.158	101.170
2014/03/26	101.171	101.196	101.171	101.194
2014/03/27	101.205	101.205	101.152	101.177
2014/03/28	101.190	101.212	101.170	101.171
2014/03/31	101.206	101.260	101.175	101.250
2014/04/01	101.278	101.290	101.256	101.289
2014/04/02	101.300	101.307	101.298	101.305
2014/04/03	101.313	101.320	101.311	101.320
2014/04/04	101.354	101.379	101.353	101.376
2014/04/08	101.369	101.375	101.369	101.373
2014/04/09	101.378	101.379	101.365	101.379
2014/04/10	101.393	101.397	101.382	101.397
2014/04/11	101.426	101.449	101.415	101.446
2014/04/14	101.441	101.447	101.439	101.447
2014/04/15	101.450	101.453	101.449	101.453
2014/04/16	101.461	101.467	101.460	101.467
2014/04/17	101.472	101.474	101.461	101.472
2014/04/18	101.498	101.500	101.479	101.499
2014/04/21	101.510	101.513	101.507	101.513
2014/04/22	101.519	101.530	101.518	101.529
2014/04/23	101.537	101.541	101.537	101.540
2014/04/24	101.549	101.551	101.545	101.549
2014/04/25	101.570	101.595	101.567	101.591
2014/04/28	101.597	101.602	101.522	101.540
2014/04/29	101.529	101.577	101.428	101.564
2014/04/30	101.613	101.663	101.613	101.662
2014/05/05	101.669	101.674	101.664	101.672
2014/05/06	101.684	101.691	101.683	101.689
2014/05/07	101.703	101.710	101.702	101.709
2014/05/08	101.712	101.724	101.711	101.724
2014/05/09	101.729	101.760	101.729	101.758
2014/05/12	101.757	101.760	101.757	101.760
2014/05/13	101.768	101.770	101.767	101.770
2014/05/14	101.778	101.780	101.778	101.780
2014/05/15	101.789	101.798	101.788	101.797
2014/05/16	101.826	101.826	101.812	101.824
2014/05/19	101.834	101.836	101.833	101.835
2014/05/20	101.845	101.846	101.835	101.841
2014/05/21	101.849	101.853	101.844	101.851
2014/05/22	101.855	101.870	101.854	101.870
2014/05/23	101.878	101.897	101.876	101.893
2014/05/26	101.898	101.904	101.891	101.896
2014/05/27	101.916	101.922	101.902	101.918
2014/05/28	101.922	101.933	101.921	101.928
2014/05/29	101.934	101.937	101.914	101.924
2014/05/30	101.945	101.985	101.945	101.980
2014/06/03	101.990	102.004	101.986	102.002
2014/06/04	102.011	102.025	102.011	102.023
2014/06/05	102.033	102.064	102.033	102.053
2014/06/06	102.070	102.126	102.069	102.121
2014/06/09	102.084	102.169	102.084	102.163
2014/06/10	102.099	102.194	102.099	102.158
2014/06/11	102.158	102.158	102.132	102.135
2014/06/12	102.121	102.132	102.108	102.118
2014/06/13	102.146	102.146	102.121	102.130
2014/06/16	102.143	102.146	102.059	102.087
2014/06/17	102.106	102.106	101.660	102.032
2014/06/18	102.011	102.055	101.730	101.935
2014/06/19	101.995	102.186	101.990	102.173
2014/06/20	102.200	102.235	102.196	102.226
2014/06/23	102.235	102.235	102.206	102.222
2014/06/24	102.230	102.277	102.227	102.275
2014/06/25	102.286	102.300	102.282	102.300
2014/06/26	102.309	102.321	102.309	102.321
2014/06/27	102.350	102.367	102.271	102.312
2014/06/30	102.328	102.360	102.300	102.359
2014/07/01	102.372	102.376	102.349	102.376
2014/07/02	102.390	102.414	102.384	102.413
2014/07/03	102.406	102.460	102.405	102.458
2014/07/04	102.452	102.482	102.448	102.477
2014/07/07	102.475	102.487	102.471	102.475
2014/07/08	102.475	102.475	102.460	102.465
2014/07/09	102.470	102.471	102.435	102.444
2014/07/10	102.445	102.460	102.383	102.426
2014/07/11	102.479	102.503	102.477	102.483
2014/07/14	102.495	102.516	102.490	102.504
2014/07/15	102.515	102.538	102.509	102.537
2014/07/16	102.545	102.556	102.543	102.556
2014/07/17	102.567	102.570	102.542	102.568
2014/07/18	102.577	102.593	102.565	102.591
2014/07/21	102.583	102.583	102.536	102.560
2014/07/22	102.553	102.579	102.535	102.576
2014/07/23	102.576	102.595	102.563	102.585
2014/07/24	102.595	102.634	102.586	102.616
2014/07/25	102.660	102.676	102.658	102.672
2014/07/28	102.678	102.701	102.678	102.700
2014/07/29	102.710	102.714	102.705	102.712
2014/07/30	102.712	102.721	102.708	102.721
2014/07/31	102.724	102.759	102.723	102.757
2014/08/01	102.756	102.799	102.749	102.788
2014/08/04	102.778	102.804	102.777	102.803
2014/08/05	102.796	102.818	102.796	102.813
2014/08/06	102.810	102.817	102.804	102.808
2014/08/07	102.809	102.843	102.808	102.829
2014/08/08	102.836	102.846	102.835	102.842
2014/08/11	102.848	102.848	102.834	102.835
2014/08/12	102.838	102.844	102.830	102.843
2014/08/13	102.843	102.857	102.843	102.855
2014/08/14	102.863	102.870	102.857	102.864
2014/08/15	102.893	102.905	102.893	102.897
2014/08/18	102.921	102.921	102.905	102.913
2014/08/19	102.924	102.936	102.924	102.936
2014/08/20	102.942	102.945	102.937	102.945
2014/08/21	102.950	102.954	102.945	102.954
2014/08/22	102.980	102.980	102.963	102.966
2014/08/25	102.966	102.970	102.931	102.950
2014/08/26	102.950	102.950	102.933	102.941
2014/08/27	102.939	102.971	102.933	102.966
2014/08/28	102.950	102.952	102.901	102.929
2014/08/29	102.998	103.037	102.959	103.034
2014/09/01	103.058	103.070	103.052	103.062
2014/09/02	103.084	103.105	103.082	103.102
2014/09/03	103.110	103.123	103.108	103.110
2014/09/04	103.110	103.112	103.091	103.109
2014/09/05	103.115	103.135	103.099	103.106
2014/09/09	103.125	103.150	103.110	103.111
2014/09/10	103.121	103.130	103.106	103.122
2014/09/11	103.121	103.170	103.121	103.167
2014/09/12	103.185	103.193	103.177	103.189
2014/09/15	103.189	103.207	103.188	103.204
2014/09/16	103.210	103.240	103.207	103.236
2014/09/17	103.221	103.234	103.217	103.229
2014/09/18	103.231	103.275	103.220	103.273
2014/09/19	103.273	103.296	103.273	103.285
2014/09/22	103.285	103.294	103.278	103.289
2014/09/23	103.291	103.296	103.283	103.293
2014/09/24	103.300	103.300	103.242	103.273
2014/09/25	103.273	103.298	103.248	103.287
2014/09/26	103.349	103.379	103.335	103.377
2014/09/29	103.404	103.599	103.404	103.569
2014/09/30	103.596	103.980	103.596	103.970
2014/10/08	103.600	103.798	103.562	103.654
2014/10/09	103.656	103.747	103.656	103.737
2014/10/10	103.587	103.680	103.521	103.533
2014/10/13	103.554	103.555	103.532	103.551
2014/10/14	103.559	103.574	103.555	103.573
2014/10/15	103.575	103.587	103.574	103.582
2014/10/16	103.586	103.606	103.575	103.605
2014/10/17	103.610	103.620	103.595	103.618
2014/10/20	103.610	103.621	103.592	103.619
2014/10/21	103.608	103.633	103.608	103.621
2014/10/22	103.625	103.632	103.615	103.628
2014/10/23	103.622	103.645	103.600	103.636
2014/10/24	103.637	103.661	103.630	103.649
2014/10/27	103.674	103.705	103.667	103.689
2014/10/28	103.716	103.731	103.714	103.730
2014/10/29	103.733	103.765	103.733	103.759
2014/10/30	103.756	103.763	103.741	103.756
2014/10/31	103.760	103.766	103.752	103.759
2014/11/03	103.760	103.775	103.760	103.774
2014/11/04	103.785	103.791	103.781	103.791
2014/11/05	103.798	103.803	103.792	103.797
2014/11/06	103.808	103.810	103.800	103.810
2014/11/07	103.828	103.830	103.815	103.822
2014/11/10	103.838	103.843	103.816	103.836
2014/11/11	103.843	103.855	103.843	103.854
2014/11/12	103.863	103.869	103.863	103.866
2014/11/13	103.875	103.877	103.869	103.876
2014/11/14	103.890	103.904	103.882	103.903
2014/11/17	103.889	103.906	103.889	103.903
2014/11/18	103.915	103.915	103.892	103.904
2014/11/19	103.914	103.914	103.898	103.905
2014/11/20	103.915	103.919	103.906	103.917
2014/11/21	103.918	103.923	103.870	103.872
2014/11/24	103.810	103.830	103.521	103.671
2014/11/25	103.682	103.892	103.600	103.786
2014/11/26	103.920	103.980	103.891	103.951
2014/11/27	104.013	104.041	104.013	104.040
2014/11/28	104.067	104.097	104.064	104.086
2014/12/01	104.085	104.085	104.048	104.070
2014/12/02	104.080	104.093	104.078	104.090
2014/12/03	104.097	104.122	104.090	104.113
2014/12/04	104.111	104.114	100.110	104.094
2014/12/05	104.096	104.126	104.096	104.124
2014/12/08	104.130	104.140	104.120	104.131
2014/12/09	104.145	104.166	104.141	104.156
2014/12/10	104.158	104.176	104.153	104.175
2014/12/11	104.175	104.189	104.160	104.187
2014/12/12	104.189	104.196	104.183	104.196
2014/12/15	104.206	104.207	104.165	104.197
2014/12/16	104.188	104.193	104.165	104.169
2014/12/17	104.163	104.166	104.059	104.105
2014/12/18	104.091	104.179	103.990	104.174
2014/12/19	104.170	104.278	104.102	104.273
2014/12/22	104.292	104.303	104.278	104.289
2014/12/23	104.310	104.320	96.000	104.320
2014/12/24	104.325	104.900	104.324	104.440
2014/12/25	104.440	104.594	104.403	104.449
2014/12/26	104.369	104.390	104.361	104.386
2014/12/29	104.374	104.387	104.361	104.385
2014/12/30	104.385	104.497	104.361	104.404
2014/12/31	100.197	100.300	100.181	100.295
2015/01/05	100.215	100.225	100.181	100.204
2015/01/06	100.205	100.217	100.199	100.216
2015/01/07	100.213	100.227	100.204	100.221
2015/01/08	100.218	100.249	100.215	100.244
2015/01/09	100.244	100.254	100.211	100.242
2015/01/12	100.220	100.247	100.201	100.242
2015/01/13	100.220	100.266	100.219	100.262
2015/01/14	100.262	100.293	100.256	100.289
2015/01/15	100.305	100.313	100.298	100.312
2015/01/16	100.333	100.352	100.327	100.352
2015/01/19	100.362	100.408	100.359	100.399
2015/01/20	100.399	101.000	100.396	100.519
2015/01/21	100.391	100.496	100.390	100.480
2015/01/22	100.436	100.474	100.396	100.429
2015/01/23	100.426	100.433	100.415	100.432
2015/01/26	100.438	100.442	100.435	100.439
2015/01/27	100.445	100.452	100.444	100.452
2015/01/28	100.459	100.465	100.453	100.464
2015/01/29	100.471	100.480	100.471	100.479
2015/01/30	100.499	100.499	100.406	100.448
2015/02/02	100.453	100.475	100.450	100.470
2015/02/03	100.479	100.510	100.479	100.508
2015/02/04	100.526	100.550	100.523	100.548
2015/02/05	100.540	100.565	100.535	100.564
2015/02/06	100.565	100.577	100.562	100.570
2015/02/09	100.557	100.570	100.540	100.561
2015/02/10	100.560	100.562	100.522	100.544
2015/02/11	100.558	100.600	100.490	100.558
2015/02/12	100.619	100.642	100.500	100.639
2015/02/13	100.687	100.802	100.687	100.783
2015/02/16	100.930	100.930	100.752	100.887
2015/02/17	100.843	100.849	100.778	100.797
2015/02/25	100.791	100.799	100.783	100.797
2015/02/26	100.803	100.811	100.800	100.806
2015/02/27	100.825	100.826	100.804	100.812
2015/03/02	100.806	100.841	100.805	100.837
2015/03/03	100.846	100.848	100.835	100.845
2015/03/04	100.852	100.858	100.848	100.857
2015/03/05	100.868	100.870	100.859	100.868
2015/03/06	100.876	100.878	100.862	100.876
2015/03/09	100.877	100.890	100.840	100.879
2015/03/10	100.871	100.919	100.871	100.906
2015/03/11	100.905	100.910	100.876	100.901
2015/03/12	100.901	100.945	100.850	100.936
2015/03/13	100.995	101.013	100.995	101.010
2015/03/16	101.033	101.087	101.032	101.084
2015/03/17	101.089	101.116	100.087	101.112
2015/03/18	101.080	101.096	101.070	101.096
2015/03/19	101.080	101.090	101.067	101.084
2015/03/20	101.084	101.102	101.084	101.099
2015/03/23	101.111	101.114	101.106	101.111
2015/03/24	101.120	101.123	101.107	101.120
2015/03/25	101.127	101.141	101.126	101.139
2015/03/26	101.144	101.152	101.141	101.149
2015/03/27	101.159	101.178	101.154	101.176
2015/03/30	101.181	101.185	101.170	101.175
2015/03/31	101.177	101.180	101.150	101.177
2015/04/01	101.185	101.209	101.182	101.203
2015/04/02	101.205	101.228	101.205	101.228
2015/04/03	101.240	101.266	101.238	101.264
2015/04/07	101.262	101.274	101.251	101.273
2015/04/08	101.279	101.295	101.276	101.294
2015/04/09	101.296	101.307	101.293	101.305
2015/04/10	101.296	101.310	101.290	101.304
2015/04/13	101.284	101.286	101.212	101.264
2015/04/14	101.260	101.292	101.245	101.291
2015/04/15	101.283	101.328	101.283	101.322
2015/04/16	101.366	101.370	101.325	101.368
2015/04/17	101.417	101.455	101.416	101.454
2015/04/20	101.456	101.580	101.456	101.571
2015/04/21	101.503	101.620	101.503	101.617
2015/04/22	101.545	101.579	101.518	101.522
2015/04/23	101.499	101.500	101.482	101.497
2015/04/24	101.497	101.507	101.471	101.505
2015/04/27	101.503	101.517	101.500	101.508
2015/04/28	101.512	101.518	101.504	101.516
2015/04/29	101.517	101.527	101.514	101.525
2015/04/30	101.526	101.539	101.524	101.534
2015/05/04	101.522	101.524	101.500	101.505
2015/05/05	101.500	101.511	101.477	101.507
2015/05/06	101.500	101.577	101.496	101.566
2015/05/07	101.554	101.563	101.515	101.540
2015/05/08	101.616	101.639	101.609	101.633
2015/05/11	101.642	101.679	101.642	101.664
2015/05/12	101.664	101.677	101.661	101.670
2015/05/13	101.659	101.667	101.634	101.641
2015/05/14	101.649	101.657	101.639	101.651
2015/05/15	101.659	101.673	101.656	101.663
2015/05/18	101.638	101.658	101.633	101.653
2015/05/19	101.647	101.680	101.643	101.668
2015/05/20	101.668	101.679	101.628	101.656
2015/05/21	101.681	101.717	101.663	101.709
2015/05/22	101.751	101.777	101.751	101.773
2015/05/25	101.790	101.790	101.761	101.769
2015/05/26	101.777	101.777	101.755	101.767
2015/05/27	101.761	101.774	101.748	101.768
2015/05/28	101.775	101.775	101.766	101.772
2015/05/29	101.745	101.777	101.720	101.768
2015/06/01	101.758	101.775	101.739	101.769
2015/06/02	101.760	101.766	101.672	101.761
2015/06/03	101.750	101.826	101.750	101.815
2015/06/04	101.857	101.928	101.851	101.918
2015/06/05	101.980	101.992	101.901	101.951
2015/06/08	101.907	101.962	101.907	101.928
2015/06/09	101.920	101.929	101.911	101.923
2015/06/10	101.919	101.933	101.900	101.909
2015/06/11	101.907	101.915	101.887	101.910
2015/06/12	101.903	101.912	101.893	101.897
2015/06/15	101.897	101.928	101.879	101.913
2015/06/16	101.918	101.936	101.908	101.932
2015/06/17	101.929	101.974	101.915	101.963
2015/06/18	101.958	101.970	101.921	101.966
2015/06/19	101.971	102.016	101.954	102.004
2015/06/23	102.020	102.050	101.000	102.020
2015/06/24	102.039	102.088	102.039	102.070
2015/06/25	102.055	102.083	102.055	102.069
2015/06/26	102.075	102.078	102.061	102.073
2015/06/29	102.060	102.077	102.040	102.065
2015/06/30	102.066	102.069	102.010	102.058
2015/07/01	102.058	102.083	102.058	102.080
2015/07/02	102.077	102.099	102.075	102.086
2015/07/03	102.080	102.105	102.068	102.104
2015/07/06	102.131	102.196	102.131	102.173
2015/07/07	102.190	103.000	102.189	102.255
2015/07/08	102.230	102.230	102.173	102.183
2015/07/09	102.178	102.204	102.174	102.195
2015/07/10	102.187	102.213	102.181	102.211
2015/07/13	102.208	102.223	102.208	102.220
2015/07/14	102.211	102.232	102.211	102.230
2015/07/15	102.235	102.245	102.233	102.244
2015/07/16	102.245	102.264	102.245	102.260
2015/07/17	102.274	102.304	102.267	102.296
2015/07/20	102.281	102.297	102.281	102.296
2015/07/21	102.298	102.306	102.293	102.300
2015/07/22	102.298	102.304	102.298	102.300
2015/07/23	102.304	102.310	102.302	102.307
2015/07/24	102.312	102.325	102.309	102.322
2015/07/27	102.331	102.342	102.331	102.340
2015/07/28	102.340	102.348	102.338	102.348
2015/07/29	102.347	102.359	102.346	102.351
2015/07/30	102.356	102.500	102.356	102.381
2015/07/31	102.377	102.394	102.376	102.392
2015/08/03	102.399	102.429	102.396	102.422
2015/08/04	102.405	102.423	102.404	102.417
2015/08/05	102.416	102.419	102.412	102.417
2015/08/06	102.419	102.419	102.392	102.404
2015/08/07	102.409	102.421	102.404	102.419
2015/08/10	102.423	102.426	101.424	102.423
2015/08/11	102.424	102.429	102.418	102.423
2015/08/12	102.431	102.437	102.426	102.433
2015/08/13	102.439	102.444	102.436	102.440
2015/08/14	102.443	102.461	102.443	102.459
2015/08/17	102.466	102.473	102.464	102.470
2015/08/18	102.473	102.476	102.470	102.475
2015/08/19	102.479	102.483	102.477	102.482
2015/08/20	102.486	102.488	102.485	102.487
2015/08/21	102.494	102.504	102.492	102.503
2015/08/24	102.505	102.508	102.501	102.508
2015/08/25	102.507	102.509	102.333	102.507
2015/08/26	102.508	102.521	102.507	102.515
2015/08/27	102.519	102.529	102.518	102.525
2015/08/28	102.529	102.550	102.529	102.548
2015/08/31	102.550	102.555	102.549	102.552
2015/09/01	102.562	102.596	102.562	102.591
2015/09/02	102.595	102.640	102.593	102.632
2015/09/07	102.636	102.636	102.620	102.631
2015/09/08	102.630	102.643	102.620	102.622
2015/09/09	102.614	102.618	102.605	102.615
2015/09/10	102.623	102.628	102.622	102.627
2015/09/11	102.639	102.648	102.636	102.648
2015/09/14	102.655	102.655	102.650	102.654
2015/09/15	102.658	102.663	102.656	102.663
2015/09/16	102.664	102.680	102.664	102.675
2015/09/17	102.676	102.681	102.666	102.673
2015/09/18	102.682	102.691	102.682	102.691
2015/09/21	102.697	102.698	102.691	102.694
2015/09/22	102.695	102.705	102.694	102.704
2015/09/23	102.707	102.713	102.706	102.709
2015/09/24	102.717	102.717	102.708	102.712
2015/09/25	102.718	102.730	102.718	102.727
2015/09/28	102.741	102.752	102.740	102.745
2015/09/29	102.756	102.765	102.730	102.752
2015/09/30	102.771	102.800	102.771	102.796
2015/10/08	102.789	102.797	102.770	102.783
2015/10/09	102.800	102.811	102.781	102.809
2015/10/12	102.813	102.814	101.834	102.808
2015/10/13	102.811	102.836	102.806	102.833
2015/10/14	102.844	102.858	102.844	102.856
2015/10/15	102.863	102.868	102.859	102.862
2015/10/16	102.858	102.878	102.858	102.877
2015/10/19	102.880	102.891	102.878	102.888
2015/10/20	102.896	102.897	102.892	102.894
2015/10/21	102.899	102.906	102.895	102.902
2015/10/22	102.902	102.907	102.890	102.896
2015/10/23	102.904	102.917	102.904	102.913
2015/10/26	102.920	102.930	102.920	102.928
2015/10/27	102.936	102.939	102.935	102.938
2015/10/28	102.943	102.947	102.939	102.946
2015/10/29	102.953	102.957	102.950	102.954
2015/10/30	102.975	102.989	102.972	102.988
2015/11/02	102.995	103.002	102.994	102.996
2015/11/03	103.003	103.004	102.995	103.001
2015/11/04	103.004	103.010	103.002	103.005
2015/11/05	103.004	103.019	102.999	103.016
2015/11/06	103.026	103.031	103.021	103.026
2015/11/09	103.018	103.038	103.001	103.030
2015/11/10	103.043	103.059	103.042	103.058
2015/11/11	103.065	103.074	103.063	103.073
2015/11/12	103.076	103.085	103.075	103.082
2015/11/13	103.090	103.100	103.089	103.098
2015/11/16	103.105	103.111	103.104	103.105
2015/11/17	103.110	103.115	103.109	103.114
2015/11/18	103.122	103.124	103.119	103.124
2015/11/19	103.129	103.133	103.127	103.131
2015/11/20	103.136	103.146	103.136	103.144
2015/11/23	103.152	103.164	103.151	103.163
2015/11/24	103.166	103.168	103.160	103.165
2015/11/25	103.169	103.173	103.167	103.171
2015/11/26	103.175	103.177	103.170	103.175
2015/11/27	103.180	103.183	103.173	103.179
2015/11/30	103.168	103.176	103.141	103.173
2015/12/01	103.175	103.213	103.170	103.208
2015/12/02	103.214	103.219	103.100	103.217
2015/12/03	103.229	103.236	103.223	103.231
2015/12/04	103.241	103.253	103.241	103.250
2015/12/07	103.257	103.268	103.256	103.267
2015/12/08	103.271	103.278	103.270	103.277
2015/12/09	103.277	103.279	103.267	103.268
2015/12/10	103.271	103.279	103.270	103.278
2015/12/11	103.280	103.296	103.280	103.295
2015/12/14	103.293	103.308	103.292	103.306
2015/12/15	103.319	103.321	103.309	103.314
2015/12/16	103.323	103.333	103.321	103.330
2015/12/17	103.341	103.341	103.334	103.337
2015/12/18	103.341	103.356	103.341	103.355
2015/12/21	103.358	103.360	103.350	103.356
2015/12/22	103.359	103.360	103.348	103.351
2015/12/23	103.353	103.363	103.343	103.360
2015/12/24	103.375	103.379	103.362	103.366
2015/12/25	103.390	103.399	103.389	103.391
2015/12/28	103.412	103.413	103.401	103.406
2015/12/29	103.415	103.424	103.408	103.421
2015/12/30	103.423	103.433	103.408	103.423
2015/12/31	100.116	100.132	100.113	100.130
2016/01/04	100.132	100.132	100.058	100.100
2016/01/05	100.100	100.155	100.068	100.148
2016/01/06	100.144	100.159	100.139	100.157
2016/01/07	100.159	100.169	100.158	100.165
2016/01/08	100.165	100.192	100.165	100.191
2016/01/11	100.192	100.209	100.191	100.205
2016/01/12	100.202	100.215	100.196	100.212
2016/01/13	100.208	100.216	100.207	100.212
2016/01/14	100.212	100.215	100.206	100.213
2016/01/15	100.222	100.230	100.219	100.229
2016/01/18	100.240	100.241	100.232	100.240
2016/01/19	100.244	100.246	100.232	100.238
2016/01/20	100.245	100.247	100.236	100.244
2016/01/21	100.249	100.252	100.234	100.238
2016/01/22	100.247	100.274	100.247	100.272
2016/01/25	100.280	100.288	100.273	100.285
2016/01/26	100.289	100.305	100.289	100.305
2016/01/27	100.309	100.315	100.303	100.315
2016/01/28	100.316	100.328	100.315	100.325
2016/01/29	100.330	100.361	100.329	100.354
2016/02/01	100.350	100.375	100.347	100.372
2016/02/02	100.373	100.378	100.369	100.374
2016/02/03	100.373	100.381	100.367	100.379
2016/02/04	100.380	100.415	100.364	100.405
2016/02/05	100.408	100.453	100.408	100.447
2016/02/15	100.442	100.452	100.441	100.450
2016/02/16	100.452	100.454	100.445	100.447
2016/02/17	100.448	100.452	100.399	100.448
2016/02/18	100.452	100.464	100.450	100.463
2016/02/19	100.478	100.486	100.476	100.483
2016/02/22	100.487	100.496	100.485	100.495
2016/02/23	100.497	100.507	100.497	100.507
2016/02/24	100.509	100.514	100.504	100.507
2016/02/25	100.511	100.513	100.479	100.488
2016/02/26	100.511	100.519	100.505	100.514
2016/02/29	100.533	100.535	100.526	100.534
2016/03/01	100.542	100.552	100.541	100.551
2016/03/02	100.554	100.557	100.551	100.555
2016/03/03	100.550	100.572	100.550	100.570
2016/03/04	100.577	100.596	100.571	100.593
2016/03/07	100.589	100.600	100.584	100.597
2016/03/08	100.597	100.620	100.597	100.617
2016/03/09	100.613	100.629	100.613	100.628
2016/03/10	100.631	100.648	100.630	100.646
2016/03/11	100.648	100.655	100.640	100.642
2016/03/14	100.641	100.645	100.635	100.637
2016/03/15	100.647	100.648	100.642	100.646
2016/03/16	100.649	100.652	100.646	100.650
2016/03/17	100.659	100.660	100.631	100.639
2016/03/18	100.646	100.652	100.635	100.641
2016/03/21	100.619	100.660	100.616	100.649
2016/03/22	100.666	100.672	100.658	100.671
2016/03/23	100.687	100.698	100.683	100.695
2016/03/24	100.701	100.710	100.697	100.709
2016/03/25	100.716	100.729	100.716	100.726
2016/03/28	100.731	100.733	100.720	100.728
2016/03/29	100.729	100.732	100.720	100.727
2016/03/30	100.725	100.734	100.714	100.719
2016/03/31	100.718	100.756	100.711	100.741
2016/04/01	100.766	100.781	100.758	100.776
2016/04/05	100.780	100.793	100.777	100.789
2016/04/06	100.789	100.798	100.789	100.797
2016/04/07	100.796	100.807	100.796	100.805
2016/04/08	100.817	100.840	100.817	100.834
2016/04/11	100.827	100.834	100.826	100.831
2016/04/12	100.835	100.842	100.829	100.837
2016/04/13	100.838	100.848	100.831	100.845
2016/04/14	100.842	100.844	100.828	100.833
2016/04/15	100.850	100.864	100.846	100.859
2016/04/18	100.869	100.878	100.864	100.877
2016/04/19	100.877	100.892	100.877	100.891
2016/04/20	100.893	100.900	100.885	100.894
2016/04/21	100.895	100.906	100.890	100.905
2016/04/22	100.915	100.928	100.915	100.924
2016/04/25	100.928	100.931	100.916	100.930
2016/04/26	100.932	100.934	100.927	100.931
2016/04/27	100.932	100.956	100.932	100.950
2016/04/28	100.948	100.975	100.948	100.972
2016/04/29	100.976	100.991	100.976	100.988
2016/05/03	100.990	100.990	100.975	100.979
2016/05/04	100.984	100.989	100.979	100.984
2016/05/05	100.993	100.999	100.991	100.995
2016/05/06	101.004	101.018	101.002	101.015
2016/05/09	101.019	101.029	101.019	101.028
2016/05/10	101.031	101.058	101.031	101.051
2016/05/11	101.049	101.052	101.038	101.042
2016/05/12	101.047	101.051	101.040	101.044
2016/05/13	101.058	101.062	101.054	101.060
2016/05/16	101.066	101.070	101.065	101.069
2016/05/17	101.076	101.078	101.075	101.076
2016/05/18	101.085	101.086	101.081	101.082
2016/05/19	101.089	101.091	101.088	101.089
2016/05/20	101.101	101.103	101.085	101.088
2016/05/23	101.103	101.112	101.100	101.111
2016/05/24	101.119	101.124	101.117	101.123
2016/05/25	101.125	101.130	101.121	101.128
2016/05/26	101.134	101.140	101.129	101.131
2016/05/27	101.144	101.146	101.140	101.141
2016/05/30	101.155	101.158	101.153	101.156
2016/05/31	101.163	101.164	101.144	101.156
2016/06/01	101.156	101.164	101.149	101.158
2016/06/02	101.161	101.174	101.161	101.167
2016/06/03	101.176	101.184	101.175	101.182
2016/06/06	101.180	101.195	101.179	101.194
2016/06/07	101.205	101.208	101.198	101.207
2016/06/08	101.229	101.250	101.227	101.249
2016/06/13	101.254	101.256	101.247	101.249
2016/06/14	101.255	101.258	101.252	101.253
2016/06/15	101.259	101.261	101.252	101.254
2016/06/16	101.260	101.262	101.254	101.259
2016/06/17	101.279	101.286	101.276	101.284
2016/06/20	101.287	101.294	101.287	101.292
2016/06/21	101.295	101.298	101.287	101.296
2016/06/22	101.303	101.304	101.294	101.299
2016/06/23	101.304	101.308	101.297	101.305
2016/06/24	101.317	101.325	101.313	101.320
2016/06/27	101.326	101.327	101.294	101.299
2016/06/28	101.312	101.328	101.303	101.316
2016/06/29	101.326	101.327	101.272	101.315
2016/06/30	101.320	101.364	101.319	101.360
2016/07/01	101.377	101.396	101.375	101.392
2016/07/04	101.392	101.398	101.388	101.394
2016/07/05	101.391	101.397	101.384	101.395
2016/07/06	101.397	101.414	101.397	101.411
2016/07/07	101.413	101.424	101.412	101.423
2016/07/08	101.430	101.448	101.430	101.446
2016/07/11	101.446	101.455	101.445	101.453
2016/07/12	101.456	101.461	101.454	101.458
2016/07/13	101.459	101.464	101.457	101.460
2016/07/14	101.465	101.477	101.463	101.476
2016/07/15	101.480	101.494	101.480	101.491
2016/07/18	101.495	101.967	101.494	101.506
2016/07/19	101.511	101.518	101.510	101.516
2016/07/20	101.520	101.523	101.516	101.521
2016/07/21	101.525	101.526	101.519	101.524
2016/07/22	101.540	101.542	101.532	101.540
2016/07/25	101.549	101.555	101.543	101.555
2016/07/26	101.559	101.559	101.547	101.548
2016/07/27	101.551	101.571	101.551	101.569
2016/07/28	101.569	101.584	101.567	101.583
2016/07/29	101.594	101.605	101.594	101.603
2016/08/01	101.603	101.612	101.601	101.609
2016/08/02	101.612	101.618	101.610	101.616
2016/08/03	101.618	101.626	101.617	101.622
2016/08/04	101.626	101.634	101.623	101.627
2016/08/05	101.640	101.652	101.639	101.651
2016/08/08	101.655	101.658	101.652	101.655
2016/08/09	101.660	101.663	101.659	101.661
2016/08/10	101.666	101.669	101.664	101.668
2016/08/11	101.675	101.678	101.663	101.677
2016/08/12	101.689	101.691	101.684	101.686
2016/08/15	101.692	101.693	101.660	101.687
2016/08/16	101.686	101.695	101.680	101.693
2016/08/17	101.697	101.707	101.697	101.706
2016/08/18	101.711	101.716	101.702	101.704
2016/08/19	101.727	101.736	101.723	101.735
2016/08/22	101.737	101.747	101.733	101.745
2016/08/23	101.748	101.751	101.744	101.749
2016/08/24	101.752	101.755	101.746	101.749
2016/08/25	101.755	101.762	101.751	101.760
2016/08/26	101.775	101.785	101.775	101.784
2016/08/29	101.787	101.797	101.786	101.797
2016/08/30	101.803	101.807	101.798	101.806
2016/08/31	101.809	101.815	101.808	101.812
2016/09/01	101.814	101.824	101.813	101.822
2016/09/02	101.831	101.839	101.830	101.836
2016/09/05	101.839	101.843	101.838	101.842
2016/09/06	101.849	101.854	101.847	101.853
2016/09/07	101.855	101.863	101.852	101.862
2016/09/08	101.866	101.870	101.864	101.867
2016/09/09	101.875	101.883	101.875	101.879
2016/09/12	101.884	101.895	101.884	101.894
2016/09/13	101.896	101.922	101.890	101.919
2016/09/14	101.930	101.955	101.928	101.950
2016/09/19	101.950	101.951	101.940	101.943
2016/09/20	101.947	101.948	101.936	101.939
2016/09/21	101.946	101.947	101.933	101.944
2016/09/22	101.945	101.947	101.903	101.934
2016/09/23	101.953	101.969	101.950	101.953
2016/09/26	101.969	101.973	101.955	101.962
2016/09/27	101.968	101.973	101.951	101.965
2016/09/28	101.971	101.988	101.955	101.986
2016/09/29	101.988	102.009	101.980	101.996
2016/09/30	102.065	102.076	102.050	102.063
2016/10/10	102.070	102.076	102.063	102.071
2016/10/11	102.075	102.076	102.070	102.074
2016/10/12	102.079	102.099	102.077	102.097
2016/10/13	102.096	102.108	102.095	102.107
2016/10/14	102.113	102.137	102.113	102.133
2016/10/17	102.130	102.135	102.125	102.131
2016/10/18	102.135	102.135	102.118	102.120
2016/10/19	102.124	102.137	102.124	102.134
2016/10/20	102.140	102.143	102.126	102.128
2016/10/21	102.152	102.158	102.143	102.150
2016/10/24	102.160	102.162	102.144	102.149
2016/10/25	102.153	102.158	102.148	102.155
2016/10/26	102.169	102.170	102.155	102.163
2016/10/27	102.164	102.166	102.143	102.164
2016/10/28	102.195	102.204	102.179	102.191
2016/10/31	102.202	102.212	102.201	102.211
2016/11/01	102.219	102.228	102.217	102.223
2016/11/02	102.229	102.253	102.228	102.249
2016/11/03	102.248	102.254	102.246	102.252
2016/11/04	102.259	102.275	102.258	102.273
2016/11/07	102.272	102.279	102.271	102.279
2016/11/08	102.283	102.286	102.278	102.285
2016/11/09	102.286	102.290	102.282	102.286
2016/11/10	102.284	102.291	102.282	102.289
2016/11/11	102.301	102.307	102.287	102.289
2016/11/14	102.289	102.302	102.289	102.300
2016/11/15	102.308	102.322	102.303	102.319
2016/11/16	102.323	102.327	102.320	102.323
2016/11/17	102.327	102.336	102.326	102.331
2016/11/18	102.344	102.357	102.337	102.354
2016/11/21	102.359	102.365	102.357	102.359
2016/11/22	102.365	102.369	102.362	102.367
2016/11/23	102.370	102.378	102.368	102.374
2016/11/24	102.378	102.382	102.375	102.378
2016/11/25	102.388	102.398	102.388	102.394
2016/11/28	102.399	102.408	102.397	102.406
2016/11/29	102.410	102.413	102.397	102.405
2016/11/30	102.413	102.414	102.374	102.402
2016/12/01	102.403	102.415	102.394	102.411
2016/12/02	102.427	102.452	102.426	102.451
2016/12/05	102.452	102.474	102.451	102.471
2016/12/06	102.472	102.477	102.464	102.473
2016/12/07	102.475	102.476	102.470	102.474
2016/12/08	102.475	102.489	102.474	102.488
2016/12/09	102.499	102.501	102.492	102.495
2016/12/12	102.502	102.504	102.499	102.501
2016/12/13	102.508	102.509	102.501	102.507
2016/12/14	102.511	102.511	102.504	102.507
2016/12/15	102.498	102.499	102.088	102.412
2016/12/16	102.426	102.495	102.420	102.454
2016/12/19	102.469	102.504	102.448	102.485
2016/12/20	102.509	102.527	102.488	102.525
2016/12/21	102.527	102.555	102.527	102.538
2016/12/22	102.556	102.569	102.546	102.562
2016/12/23	102.574	102.589	102.572	102.583
2016/12/26	102.583	102.587	102.570	102.576
2016/12/27	102.579	102.579	102.533	102.554
2016/12/28	102.561	102.582	102.528	102.576
2016/12/29	102.560	102.648	102.544	102.645
2016/12/30	100.105	100.440	100.095	100.228
2017/01/03	100.132	100.223	100.100	100.125
2017/01/04	100.129	100.134	100.117	100.127
2017/01/05	100.122	100.131	100.118	100.127
2017/01/06	100.138	100.163	100.132	100.155
2017/01/09	100.152	100.159	100.151	100.158
2017/01/10	100.158	100.183	100.157	100.177
2017/01/11	100.170	100.182	100.169	100.181
2017/01/12	100.179	100.182	100.174	100.177
2017/01/13	100.184	100.198	100.183	100.192
2017/01/16	100.199	100.204	100.185	100.193
2017/01/17	100.195	100.198	100.180	100.184
2017/01/18	100.197	100.200	100.184	100.190
2017/01/19	100.189	100.190	100.164	100.172
2017/01/20	100.213	100.226	100.205	100.214
2017/01/23	100.232	100.253	100.231	100.251
2017/01/24	100.256	100.267	100.254	100.265
2017/01/25	100.284	100.326	100.284	100.308
2017/01/26	100.349	100.375	100.300	100.332
2017/02/03	100.350	100.363	100.349	100.355
2017/02/06	100.359	100.380	100.359	100.378
2017/02/07	100.378	100.416	100.375	100.412
2017/02/08	100.402	100.418	100.401	100.410
2017/02/09	100.405	100.411	100.401	100.406
2017/02/10	100.409	100.421	100.408	100.413
2017/02/13	100.417	100.422	100.408	100.419
2017/02/14	100.422	100.425	100.413	100.416
2017/02/15	100.423	100.426	100.419	100.425
2017/02/16	100.430	100.443	100.429	100.439
2017/02/17	100.453	100.461	100.439	100.443
2017/02/20	100.463	100.464	100.452	100.456
2017/02/21	100.463	100.464	100.455	100.459
2017/02/22	100.471	100.482	100.470	100.481
2017/02/23	100.487	100.509	100.487	100.505
2017/02/24	100.518	100.521	100.509	100.515
2017/02/27	100.525	100.538	100.521	100.536
2017/02/28	100.539	100.545	100.536	100.540
2017/03/01	100.550	100.559	100.548	100.551
2017/03/02	100.558	100.573	100.558	100.570
2017/03/03	100.588	100.604	100.578	100.602
2017/03/06	100.600	100.611	100.597	100.608
2017/03/07	100.613	100.631	100.613	100.629
2017/03/08	100.629	100.642	100.629	100.640
2017/03/09	100.647	100.669	100.647	100.666
2017/03/10	100.670	100.700	100.670	100.698
2017/03/13	100.707	100.707	100.689	100.690
2017/03/14	100.695	100.696	100.675	100.680
2017/03/15	100.686	100.686	100.673	100.676
2017/03/16	100.681	100.684	100.643	100.650
2017/03/17	100.679	100.690	100.654	100.677
2017/03/20	100.700	100.705	100.680	100.703
2017/03/21	100.707	100.712	100.701	100.711
2017/03/22	100.726	100.747	100.724	100.745
2017/03/23	100.751	100.762	100.746	100.760
2017/03/24	100.768	100.777	100.757	100.760
2017/03/27	100.775	100.781	100.772	100.779
2017/03/28	100.789	100.792	100.781	100.783
2017/03/29	100.789	100.794	100.764	100.772
2017/03/30	100.775	100.794	100.766	100.792
2017/03/31	100.850	100.855	100.830	100.846
2017/04/05	100.849	100.869	100.849	100.864
2017/04/06	100.875	100.900	100.872	100.899
2017/04/07	100.911	100.938	100.911	100.932
2017/04/10	100.936	100.947	100.933	100.945
2017/04/11	100.948	100.991	100.948	100.981
2017/04/12	100.970	100.974	100.963	100.964
2017/04/13	100.966	100.975	100.966	100.973
2017/04/14	100.987	100.997	100.984	100.994
2017/04/17	100.997	101.006	100.997	101.005
2017/04/18	101.022	101.022	101.012	101.015
2017/04/19	101.021	101.025	101.015	101.024
2017/04/20	101.029	101.044	101.027	101.041
2017/04/21	101.049	101.074	101.048	101.070
2017/04/24	101.074	101.078	101.061	101.071
2017/04/25	101.073	101.079	101.055	101.065
2017/04/26	101.076	101.080	101.071	101.079
2017/04/27	101.080	101.098	101.080	101.096
2017/04/28	101.130	101.137	101.121	101.131
2017/05/02	101.143	101.154	101.143	101.149
2017/05/03	101.156	101.162	101.153	101.160
2017/05/04	101.170	101.175	101.168	101.173
2017/05/05	101.194	101.202	101.189	101.199
2017/05/08	101.208	101.217	101.208	101.215
2017/05/09	101.223	101.251	101.223	101.247
2017/05/10	101.246	101.247	101.237	101.242
2017/05/11	101.243	101.247	101.242	101.244
2017/05/12	101.261	101.272	101.255	101.268
2017/05/15	101.275	101.284	101.275	101.280
2017/05/16	101.290	101.292	101.273	101.277
2017/05/17	101.281	101.290	101.281	101.289
2017/05/18	101.298	101.312	101.291	101.310
2017/05/19	101.330	101.331	101.311	101.314
2017/05/22	101.335	101.347	101.335	101.345
2017/05/23	101.354	101.356	101.349	101.355
2017/05/24	101.360	101.368	101.358	101.367
2017/05/25	101.370	101.392	101.370	101.389
2017/05/26	101.403	101.411	101.398	101.404
2017/05/31	101.411	101.434	101.000	101.404
2017/06/01	101.440	101.449	101.424	101.448
2017/06/02	101.461	101.470	101.453	101.459
2017/06/05	101.466	101.483	101.466	101.482
2017/06/06	101.489	101.499	101.489	101.498
2017/06/07	101.502	101.507	101.501	101.507
2017/06/08	101.511	101.522	101.511	101.521
2017/06/09	101.536	101.538	101.528	101.531
2017/06/12	101.550	101.556	101.549	101.553
2017/06/13	101.563	101.565	101.558	101.560
2017/06/14	101.569	101.571	101.563	101.570
2017/06/15	101.580	101.586	101.567	101.583
2017/06/16	101.594	101.602	101.594	101.597
2017/06/19	101.613	101.621	101.612	101.617
2017/06/20	101.624	101.625	101.609	101.612
2017/06/21	101.625	101.644	101.615	101.642
2017/06/22	101.638	101.665	101.633	101.663
2017/06/23	101.671	101.687	101.668	101.685
2017/06/26	101.681	101.688	101.681	101.683
2017/06/27	101.693	101.697	101.690	101.695
2017/06/28	101.700	101.709	101.691	101.706
2017/06/29	101.705	101.711	101.699	101.709
2017/06/30	101.744	101.754	101.735	101.751
2017/07/03	101.770	101.779	101.767	101.778
2017/07/04	101.790	101.809	101.788	101.808
2017/07/05	101.806	101.859	101.804	101.853
2017/07/06	101.848	101.864	101.822	101.862
2017/07/07	101.860	101.867	101.847	101.856
2017/07/10	101.858	101.868	101.858	101.866
2017/07/11	101.869	101.880	101.869	101.875
2017/07/12	101.886	101.887	101.884	101.885
2017/07/13	101.891	101.897	101.888	101.894
2017/07/14	101.904	101.914	101.901	101.911
2017/07/17	101.930	101.934	101.928	101.932
2017/07/18	101.936	101.939	101.931	101.933
2017/07/19	101.940	101.942	101.933	101.936
2017/07/20	101.934	101.956	101.934	101.949
2017/07/21	101.974	101.982	101.972	101.981
2017/07/24	101.995	101.999	101.990	101.995
2017/07/25	102.003	102.012	102.001	102.009
2017/07/26	102.015	102.034	102.014	102.033
2017/07/27	102.035	102.050	102.029	102.048
2017/07/28	102.054	102.067	102.053	102.060
2017/07/31	102.064	102.100	102.055	102.065
2017/08/01	102.070	102.080	102.068	102.074
2017/08/02	102.080	102.105	102.080	102.104
2017/08/03	102.104	102.119	102.103	102.115
2017/08/04	102.137	102.150	102.131	102.147
2017/08/07	102.150	102.161	102.150	102.158
2017/08/08	102.161	102.178	102.161	102.171
2017/08/09	102.180	102.181	102.177	102.179
2017/08/10	102.187	102.192	102.184	102.191
2017/08/11	102.210	102.214	102.206	102.213
2017/08/14	102.225	102.230	102.221	102.225
2017/08/15	102.231	102.233	102.223	102.227
2017/08/16	102.235	102.236	102.229	102.233
2017/08/17	102.236	102.245	102.229	102.243
2017/08/18	102.268	102.295	102.264	102.276
2017/08/21	102.277	102.293	102.277	102.285
2017/08/22	102.293	102.300	102.292	102.298
2017/08/23	102.303	102.306	102.302	102.305
2017/08/24	102.313	102.329	102.312	102.328
2017/08/25	102.348	102.355	102.335	102.344
2017/08/28	102.355	102.358	102.341	102.344
2017/08/29	102.349	102.361	102.342	102.355
2017/08/30	102.357	102.363	102.350	102.361
2017/08/31	102.363	102.400	102.362	102.397
2017/09/01	102.412	102.424	102.410	102.421
2017/09/04	102.431	102.451	102.430	102.449
2017/09/05	102.455	102.471	102.449	102.462
2017/09/06	102.469	102.474	102.466	102.473
2017/09/07	102.478	102.485	102.476	102.484
2017/09/08	102.495	102.502	102.495	102.500
2017/09/11	102.513	102.516	102.510	102.512
2017/09/12	102.521	102.534	102.516	102.530
2017/09/13	102.534	102.540	102.533	102.539
2017/09/14	102.544	102.562	102.544	102.560
2017/09/15	102.573	102.575	102.559	102.568
2017/09/18	102.577	102.584	102.568	102.581
2017/09/19	102.585	102.587	102.574	102.583
2017/09/20	102.588	102.618	102.587	102.611
2017/09/21	102.612	102.690	102.606	102.660
2017/09/22	102.652	102.706	102.651	102.696
2017/09/25	102.691	102.696	102.643	102.683
2017/09/26	102.669	102.693	102.669	102.691
2017/09/27	102.690	102.696	102.636	102.650
2017/09/28	102.660	102.668	102.614	102.647
2017/09/29	102.775	102.818	102.751	102.773
2017/10/09	102.791	102.801	102.783	102.791
2017/10/10	102.809	102.835	102.797	102.831
2017/10/11	102.835	102.854	102.829	102.853
2017/10/12	102.855	102.877	102.850	102.872
2017/10/13	102.885	102.924	102.800	102.905
2017/10/16	102.898	103.000	102.898	102.915
2017/10/17	102.916	102.945	102.916	102.943
2017/10/18	102.940	102.946	102.934	102.936
2017/10/19	102.939	102.942	102.938	102.939
2017/10/20	102.950	102.961	102.949	102.958
2017/10/23	102.966	102.974	102.963	102.969
2017/10/24	102.975	102.980	102.974	102.978
2017/10/25	102.986	102.988	102.981	102.984
2017/10/26	102.981	102.990	102.978	102.988
2017/10/27	103.009	103.011	103.000	103.001
2017/10/30	103.018	103.020	103.002	103.016
2017/10/31	103.031	103.038	103.017	103.037
2017/11/01	103.050	103.067	103.049	103.064
2017/11/02	103.070	103.091	103.068	103.088
2017/11/03	103.100	103.137	103.090	103.134
2017/11/06	103.129	103.132	103.124	103.129
2017/11/07	103.128	103.135	103.127	103.133
